step	mediator-random_runtime_mean	mediator-random_runtime_std_up	mediator-random_runtime_std_down
1		0.00019		0.00024		0.00014
2		0.42845		0.46044		0.39646
3		0.79359		0.90935		0.67783
4		1.17951		1.30872		1.0503
5		1.45345		1.64637		1.26054
6		1.73615		2.08954		1.38276
7		1.91957		2.35507		1.48406
8		1.96177		2.39711		1.52643
9		2.01098		2.48324		1.53871
10		2.09724		2.62693		1.56754
11		2.26617		2.88251		1.64983
12		2.36961		3.04788		1.69134
13		2.50895		3.24943		1.76846
14		2.68896		3.52789		1.85004
15		2.75743		3.62084		1.89403
16		2.87226		3.80652		1.93801
17		3.05863		4.08068		2.03659
18		3.25449		4.37896		2.13003
19		3.34448		4.50191		2.18704
20		3.53481		4.80461		2.26501
21		3.62784		4.95931		2.29637
22		3.72478		5.12078		2.32877
23		3.83977		5.31574		2.3638
24		4.00783		5.61424		2.40142
25		4.17553		5.91488		2.43619
26		4.2855		6.05917		2.51182
27		4.39703		6.20325		2.59081
28		4.49575		6.36815		2.62336
29		4.634		6.45076		2.81724
30		4.80752		6.57016		3.04487
31		5.00469		6.70789		3.30148
32		5.1687		6.80105		3.53636
33		5.35495		6.94606		3.76385
34		5.60191		7.18445		4.01937
35		5.83234		7.50334		4.16133
36		6.04896		7.64548		4.45244
37		6.30058		7.83851		4.76264
38		6.50261		8.00108		5.00415
39		6.76446		8.179		5.34992
40		6.94451		8.28024		5.60877
41		7.18465		8.44036		5.92895
42		7.29931		8.51955		6.07906
43		7.44541		8.68587		6.20495
44		7.52095		8.76846		6.27344
45		7.70107		8.92662		6.47552
46		7.81151		9.06182		6.56121
47		7.8689		9.06469		6.67312
48		8.0307		9.23783		6.82357
49		8.2212		9.44663		6.99577
50		8.36391		9.62578		7.10203
51		8.46439		9.74942		7.17936
52		8.62186		9.95413		7.28959
53		8.79549		10.10964		7.48135
54		8.98728		10.37355		7.60101
55		9.04235		10.44428		7.64042
56		9.14479		10.54958		7.74
57		9.28893		10.73424		7.84362
58		9.46961		10.97656		7.96266
59		9.70952		11.09663		8.32242
60		9.92677		11.32659		8.52695
61		10.14567		11.45688		8.83446
62		10.2719		11.59713		8.94668
63		10.4526		11.67222		9.23298
64		10.60447		11.8092		9.39975
65		10.76884		11.88635		9.65134
66		10.86027		11.94125		9.77928
67		10.98141		12.07145		9.89136
68		11.18298		12.25012		10.11583
69		11.32331		12.308		10.33863
70		11.46456		12.49989		10.42923
71		11.60339		12.67898		10.5278
72		11.81005		12.91059		10.70951
73		11.97767		13.0515		10.90384
74		12.14364		13.21535		11.07193
75		12.34288		13.42525		11.2605
76		12.55109		13.63056		11.47163
77		12.75466		13.86947		11.63985
78		12.95679		14.1249		11.78867
79		13.16935		14.32023		12.01848
80		13.42192		14.59024		12.25359
81		13.55911		14.72313		12.3951
82		13.75642		14.94172		12.57112
83		13.96165		15.15918		12.76413
84		14.20748		15.33029		13.08466
85		14.43456		15.50938		13.35975
86		14.60853		15.65421		13.56285
87		14.87565		15.88385		13.86746
88		15.02399		16.10623		13.94175
89		15.18812		16.19341		14.18284
90		15.3498		16.28226		14.41734
91		15.44964		16.4206		14.47868
92		15.64941		16.55256		14.74626
93		15.89352		16.76317		15.02386
94		16.0736		16.85117		15.29602
95		16.26471		17.14162		15.3878
96		16.39464		17.17379		15.61548
97		16.55504		17.2408		15.86929
98		16.71937		17.40816		16.03058
99		16.88637		17.57948		16.19326
100		17.02304		17.67769		16.36839
101		17.21898		17.864		16.57395
102		17.40549		18.04804		16.76294
103		17.64865		18.3157		16.9816
104		17.84643		18.53354		17.15932
105		18.07982		18.82481		17.33483
106		18.25918		19.02196		17.49641
107		18.45139		19.24566		17.65712
108		18.56125		19.30722		17.81527
109		18.68642		19.40986		17.96298
110		18.7968		19.49893		18.09466
111		18.94939		19.64083		18.25796
112		19.12198		19.79159		18.45237
113		19.25082		19.91323		18.5884
114		19.34123		19.9633		18.71917
115		19.50638		20.14249		18.87027
116		19.63374		20.24531		19.02218
117		19.74348		20.32848		19.15848
118		19.80777		20.4177		19.19784
119		19.97444		20.5959		19.35297
120		20.12922		20.75995		19.49848
121		20.21227		20.87811		19.54643
122		20.29971		20.9449		19.65451
123		20.4494		21.09032		19.80849
124		20.60278		21.24814		19.95742
125		20.66901		21.35611		19.98191
126		20.86976		21.49781		20.24171
127		21.00997		21.70339		20.31654
128		21.19045		21.82965		20.55124
129		21.33363		22.04555		20.62172
130		21.48856		22.12592		20.8512
131		21.68531		22.26453		21.10608
132		21.77622		22.41905		21.13339
133		21.96623		22.55777		21.37468
134		22.08932		22.73893		21.43971
135		22.2722		22.88251		21.66189
136		22.47827		23.08748		21.86905
137		22.65627		23.29836		22.01419
138		22.83138		23.51714		22.14561
139		22.95381		23.68645		22.22117
140		23.12853		23.84376		22.4133
141		23.21829		23.99649		22.44009
142		23.39321		24.16195		22.62447
143		23.49211		24.32502		22.6592
144		23.66194		24.58358		22.7403
145		23.81712		24.76946		22.86477
146		23.99698		24.94403		23.04992
147		24.16012		25.18968		23.13056
148		24.37767		25.45296		23.30237
149		24.56636		25.75334		23.37938
150		24.74465		25.94081		23.54849
151		24.94109		26.2385		23.64367
152		25.07516		26.4426		23.70772
153		25.22436		26.67705		23.77167
154		25.35448		26.92781		23.78115
155		25.51631		27.19548		23.83713
156		25.67303		27.46582		23.88023
157		25.83687		27.66474		24.009
158		26.02303		27.92765		24.11842
159		26.17027		28.09477		24.24577
160		26.30244		28.26856		24.33631
161		26.50954		28.55038		24.4687
162		26.72114		28.75693		24.68535
163		26.97513		29.08934		24.86092
164		27.14819		29.26771		25.02866
165		27.27316		29.50045		25.04587
166		27.45801		29.76251		25.15352
167		27.63927		30.00323		25.2753
168		27.78897		30.20083		25.37711
169		27.95598		30.41858		25.49338
170		28.12386		30.66553		25.5822
171		28.30848		30.89148		25.72548
172		28.42498		31.07884		25.77112
173		28.63639		31.33837		25.93442
174		28.77356		31.5789		25.96822
175		28.97824		31.82748		26.129
176		29.19436		32.06656		26.32217
177		29.44075		32.34591		26.53559
178		29.63221		32.57638		26.68803
179		29.86672		32.91608		26.81735
180		30.10618		33.22502		26.98733
181		30.31664		33.52345		27.10984
182		30.54011		33.84245		27.23777
183		30.71073		34.05438		27.36708
184		30.95336		34.33939		27.56732
185		31.19022		34.6303		27.75013
186		31.45366		34.95126		27.95606
187		31.66485		35.16304		28.16666
188		31.92655		35.50513		28.34798
189		32.10222		35.76828		28.43616
190		32.24513		35.94091		28.54935
191		32.4893		36.22114		28.75747
192		32.65144		36.41962		28.88327
193		32.87204		36.72509		29.01899
194		33.04462		36.92853		29.16072
195		33.21122		37.14115		29.28128
196		33.42585		37.42106		29.43063
197		33.68893		37.76605		29.61181
198		33.9467		38.04356		29.84984
199		34.16622		38.26222		30.07023
200		34.43642		38.57554		30.2973
201		34.67283		38.80969		30.53598
202		34.9387		39.12993		30.74747
203		35.21207		39.47182		30.95231
204		35.42823		39.73073		31.12574
205		35.68603		40.04857		31.3235
206		35.87136		40.2425		31.50022
207		36.12257		40.54524		31.69991
208		36.37807		40.85503		31.90111
209		36.58634		41.12763		32.04505
210		36.82824		41.4383		32.21818
211		37.00752		41.67909		32.33595
212		37.16453		41.92293		32.40613
213		37.34521		42.17073		32.51969
214		37.57117		42.44828		32.69405
215		37.82647		42.75964		32.8933
216		38.04909		43.01803		33.08015
217		38.27442		43.2934		33.25544
218		38.53869		43.61122		33.46616
219		38.73075		43.84914		33.61236
220		38.95325		44.12148		33.78502
221		39.11341		44.34809		33.87873
222		39.34138		44.684		33.99876
223		39.55047		44.96715		34.1338
224		39.72786		45.20991		34.24581
225		39.89936		45.50882		34.2899
226		40.0809		45.76868		34.39312
227		40.2279		45.93163		34.52418
228		40.37873		46.19636		34.56111
229		40.5114		46.34866		34.67414
230		40.64369		46.49982		34.78757
231		40.81522		46.73812		34.89232
232		40.97132		46.97399		34.96864
233		41.13882		47.20963		35.06802
234		41.3512		47.47316		35.22924
235		41.57038		47.74385		35.3969
236		41.74607		47.91018		35.58197
237		41.91072		48.14553		35.67592
238		42.1097		48.36983		35.84957
239		42.26347		48.58273		35.94421
240		42.42749		48.79176		36.06321
241		42.59809		49.00898		36.1872
242		42.74294		49.23758		36.2483
243		42.90993		49.48091		36.33896
244		43.08585		49.73337		36.43833
245		43.30813		50.06457		36.55169
246		43.51223		50.28237		36.74209
247		43.73628		50.61601		36.85656
248		43.9233		50.8118		37.0348
249		44.17339		51.11553		37.23124
250		44.35664		51.39472		37.31855
