step	mediator-random_inst_loss_mean	mediator-random_inst_loss_std_up	mediator-random_inst_loss_std_down
1		-5530.22853		5495.05351		-16555.51056
2		-1008.51351		9552.34241		-11569.36943
3		-1483.38527		9129.03121		-12095.80174
4		-771.0694		6576.5535		-8118.69231
5		-2940.33183		4818.22747		-10698.89113
6		-2981.70291		3186.67226		-9150.07807
7		-5350.14677		2512.26994		-13212.56349
8		-5157.7535		2985.52066		-13301.02766
9		-3011.89219		4548.34795		-10572.13233
10		-1988.42961		2622.7146		-6599.57383
11		174.15146		3758.77773		-3410.47481
12		-249.99734		4758.74909		-5258.74377
13		-788.97943		4226.63368		-5804.59254
14		-398.26659		5856.76382		-6653.29699
15		-1237.998		6309.85585		-8785.85185
16		-2511.69325		5050.6921		-10074.0786
17		-2652.1432		5384.0053		-10688.2917
18		317.20663		9008.42227		-8374.00901
19		-1097.18315		8700.59606		-10894.96236
20		-1252.43856		7108.60079		-9613.47791
21		5.51275		8016.22299		-8005.1975
22		-2074.97282		6455.35873		-10605.30436
23		-1597.80574		7005.59874		-10201.21023
24		-1007.72249		5255.87334		-7271.31833
25		-508.57861		6875.53489		-7892.69211
26		-3300.00671		4180.47142		-10780.48484
27		-2887.31511		4667.13976		-10441.76998
28		-1715.40993		9234.46957		-12665.28942
29		-3886.47037		6260.65687		-14033.59761
30		-4154.33612		5678.38178		-13987.05402
31		-2888.29265		5466.38521		-11242.97052
32		-2338.60021		6144.88815		-10822.08858
33		-3181.35465		4309.48642		-10672.19573
34		-1440.13994		3272.542		-6152.82189
35		-1613.44571		4383.15838		-7610.0498
36		275.19607		8965.60749		-8415.21536
37		-2998.04223		4914.44059		-10910.52505
38		-3064.9897		4681.61629		-10811.59568
39		-5252.02155		3254.34698		-13758.39008
40		-4887.00847		5355.66456		-15129.68149
41		-5474.12222		2758.10645		-13706.35089
42		-7159.12453		2681.66964		-16999.9187
43		-5650.1627		4464.60814		-15764.93355
44		-1654.28508		8085.70759		-11394.27776
45		-1200.46848		10006.66203		-12407.599
46		-711.46912		11221.46926		-12644.4075
47		-758.62167		11547.97371		-13065.21705
48		-246.36722		11448.69276		-11941.4272
49		-269.04072		13542.15775		-14080.23919
50		-903.77118		15186.81596		-16994.35832
51		-3004.58424		12956.22878		-18965.39727
52		-2675.44389		13345.66105		-18696.54883
53		-4086.51799		11021.3967		-19194.43267
54		-5147.89745		12275.48835		-22571.28325
55		-4832.46325		14084.25978		-23749.18629
56		-3762.93429		16150.51483		-23676.38342
57		-3286.80518		13138.08851		-19711.69886
58		-3557.30385		15673.71052		-22788.31823
59		-4525.9244		14367.5293		-23419.37809
60		-6718.2773		13532.90762		-26969.46222
61		-7791.54107		13630.2449		-29213.32703
62		-8921.29239		12222.44582		-30065.03061
63		-6705.85948		11808.38267		-25220.10163
64		-4704.49167		11064.69891		-20473.68225
65		-4228.36397		8273.56329		-16730.29123
66		-2393.60098		6946.41568		-11733.61763
67		-1795.84745		9531.88351		-13123.57841
68		-2588.01128		9753.25072		-14929.27328
69		-2353.70813		9286.89935		-13994.31561
70		-1252.81817		7670.06943		-10175.70577
71		1338.6891		9297.50877		-6620.13057
72		2049.13046		7223.78032		-3125.5194
73		-446.85777		6217.23278		-7110.94832
74		-506.16173		6213.06059		-7225.38404
75		-729.41054		5779.74858		-7238.56967
76		-2038.06184		5562.42487		-9638.54855
77		-2864.99847		3973.69915		-9703.69609
78		-3735.45808		2811.71558		-10282.63175
79		-1373.71587		4158.61004		-6906.04178
80		527.54327		5555.50849		-4500.42194
81		1195.29274		4625.28723		-2234.70175
82		-172.88198		4500.12909		-4845.89305
83		-1578.87165		2891.06565		-6048.80894
84		-425.90315		3374.47856		-4226.28485
85		-458.02591		7626.33654		-8542.38835
86		-1229.33231		5915.82149		-8374.4861
87		-1914.60443		7244.38133		-11073.59018
88		2614.04109		14872.53759		-9644.45541
89		-13.0386		11274.0837		-11300.16091
90		-77.03952		10894.55396		-11048.633
91		2053.28935		12616.07326		-8509.49457
92		-575.77405		9668.5021		-10820.05019
93		-118.80158		10238.74777		-10476.35092
94		427.12762		11887.88215		-11033.62691
95		439.90122		9782.94304		-8903.14061
96		-1456.89819		8189.05777		-11102.85416
97		-1569.36217		7693.95037		-10832.67471
98		-4067.44422		7014.44566		-15149.3341
99		-4157.65372		8640.81885		-16956.1263
100		-4396.90275		7947.82389		-16741.62938
101		-5563.8508		8090.7385		-19218.4401
102		-7198.51656		6609.77931		-21006.81244
103		-6412.88909		8434.26211		-21260.04029
104		-4749.32004		9184.34011		-18682.9802
105		-4981.46151		7346.61667		-17309.53969
106		-7136.06625		5319.38555		-19591.51805
107		-7519.90425		6778.31916		-21818.12767
108		-4806.75237		10983.41655		-20596.9213
109		-4385.56105		11089.07218		-19860.19428
110		-5363.57983		11683.21645		-22410.3761
111		-7042.76411		10114.21359		-24199.74182
112		-7350.12123		8913.77741		-23614.01988
113		-3630.61704		9780.74773		-17041.9818
114		-6558.8334		8906.85104		-22024.51783
115		-7462.88177		8175.21972		-23100.98326
116		-9092.904		7694.01654		-25879.82454
117		-9585.23834		7035.15578		-26205.63245
118		-10137.67926		9040.22344		-29315.58196
119		-11634.303		7421.0298		-30689.63579
120		-10211.35095		6244.61987		-26667.32177
121		-9524.02114		9002.05351		-28050.0958
122		-10645.85584		7915.99121		-29207.70289
123		-10504.4562		5037.9835		-26046.89589
124		-8498.97704		5405.19489		-22403.14898
125		-7495.79314		7511.11428		-22502.70057
126		-10627.43982		4002.72207		-25257.60172
127		-9923.1822		5431.7745		-25278.1389
128		-7672.6782		5289.00149		-20634.3579
129		-9480.05869		4000.25128		-22960.36865
130		-10698.67936		2551.37976		-23948.73849
131		-11458.37648		2677.11018		-25593.86314
132		-12808.6487		2660.21317		-28277.51057
133		-12647.78621		4008.7708		-29304.34322
134		-11801.23688		5224.94242		-28827.41617
135		-11693.11721		3237.99955		-26624.23397
136		-9722.66961		3755.95195		-23201.29117
137		-11637.94438		1776.97308		-25052.86184
138		-9692.1225		1812.3441		-21196.5891
139		-9401.42657		1484.6559		-20287.50904
140		-6312.9473		5052.01274		-17677.90734
141		-6076.7939		7456.19542		-19609.78322
142		-7116.29537		6823.26467		-21055.85542
143		-8860.1983		5726.54035		-23446.93694
144		-9362.30965		6105.20026		-24829.81956
145		-7819.77901		9706.74047		-25346.29849
146		-7529.63848		12035.18729		-27094.46426
147		-9818.35779		10021.6162		-29658.33178
148		-8520.92587		12065.47237		-29107.32411
149		-8951.57291		7845.99748		-25749.1433
150		-7387.42454		6465.06555		-21239.91464
151		-3669.88368		8124.34797		-15464.11534
152		-3322.15123		4958.14412		-11602.44657
153		459.82545		6731.79034		-5812.13943
154		4616.45779		11134.61619		-1901.7006
155		6149.10413		10775.79484		1522.41342
156		6589.66374		13322.58947		-143.26198
157		4360.18052		11647.86757		-2927.50653
158		3408.65582		11078.64062		-4261.32898
159		3480.70336		10735.76345		-3774.35673
160		4701.76562		12506.10762		-3102.57638
161		4202.02718		11796.69404		-3392.63968
162		3026.29588		12003.49507		-5950.90331
163		2599.19848		12380.01113		-7181.61418
164		1366.63733		12125.77122		-9392.49657
165		879.71904		9952.27286		-8192.83477
166		4161.58559		13138.81761		-4815.64643
167		7153.39314		13542.60525		764.18103
168		5999.70272		13796.31833		-1796.91289
169		6252.1618		14348.68167		-1844.35807
170		5834.02312		13315.22193		-1647.1757
171		7499.14027		12212.40112		2785.87943
172		9901.58598		12917.782		6885.38996
173		7818.88515		12160.2755		3477.49479
174		7544.92938		12103.98868		2985.87007
175		7383.1846		10635.46506		4130.90414
176		6429.94175		11008.24837		1851.63513
177		5818.57574		9373.83971		2263.31177
178		7169.02638		10624.62249		3713.43026
179		5951.15699		9068.45323		2833.86075
180		5172.05094		7528.32344		2815.77844
181		4577.59659		7509.4212		1645.77198
182		2933.9006		5567.48586		300.31534
183		3361.43145		6369.00082		353.86209
184		3587.36631		6603.85175		570.88087
185		3581.39537		6228.18641		934.60433
186		3756.13807		6243.09297		1269.18317
187		3064.56604		5379.73808		749.394
188		3097.08238		4849.13673		1345.02803
189		3340.51674		5321.93885		1359.09463
190		2681.64396		5402.07454		-38.78662
191		2881.1884		5644.24896		118.12784
192		1542.33194		5788.39536		-2703.73148
193		1908.57756		7608.56352		-3791.4084
194		1691.28838		5760.95312		-2378.37637
195		1138.64058		5585.17182		-3307.89066
196		4484.5953		10325.28084		-1356.09025
197		1510.94152		7352.90605		-4331.02301
198		1847.95955		7423.02991		-3727.11081
199		642.53685		7122.28825		-5837.21455
200		-465.47209		4712.45191		-5643.39609
201		1264.18759		6294.00399		-3765.6288
202		2721.27346		8648.1086		-3205.56168
203		4255.05264		12039.39989		-3529.29462
204		2464.93242		9477.15155		-4547.28672
205		2598.04132		10351.78986		-5155.70721
206		1206.18869		8844.36321		-6431.98582
207		633.77107		8292.10874		-7024.56659
208		2271.65357		11489.15192		-6945.84478
209		46.65431		7337.99948		-7244.69085
210		-1793.52106		7094.68684		-10681.72896
211		-1428.65992		6887.11071		-9744.43054
212		-2818.12498		7298.31012		-12934.56009
213		-2842.14189		8172.5216		-13856.80538
214		-3012.13102		7556.18818		-13580.45022
215		-2001.91549		5037.20353		-9041.03452
216		-3449.1116		5236.42321		-12134.64641
217		-2339.79036		6360.55875		-11040.13947
218		-1895.19696		2836.31099		-6626.70491
219		689.63203		5315.72497		-3936.46091
220		327.87044		8987.33536		-8331.59447
221		712.4619		7537.75378		-6112.82998
222		1973.06529		9368.54755		-5422.41697
223		679.61594		8067.06333		-6707.83144
224		1950.05422		10338.43731		-6438.32886
225		2692.03517		8109.82614		-2725.75581
226		4805.8915		13270.16746		-3658.38446
227		2423.82009		8960.27706		-4112.63688
228		2479.98241		11382.73845		-6422.77364
229		800.3135		7954.86338		-6354.23638
230		2654.05601		7108.59134		-1800.47933
231		4177.73244		7892.49112		462.97377
232		3027.3113		6806.49464		-751.87204
233		3660.43986		7443.28841		-122.40869
234		3101.70831		8690.79761		-2487.381
235		2512.73449		8346.56869		-3321.09971
236		2539.42279		8270.20475		-3191.35917
237		2338.43257		9666.16161		-4989.29647
238		1617.88437		8320.63926		-5084.87052
239		1657.60755		9235.01296		-5919.79786
240		-113.04459		6400.71492		-6626.8041
241		341.91411		7511.14028		-6827.31205
242		914.94806		7020.907		-5191.01088
243		981.75465		8685.77294		-6722.26364
244		297.74175		6658.55047		-6063.06696
245		2951.70649		6684.87277		-781.45979
246		3131.16534		4757.57372		1504.75697
247		3175.15711		5079.1811		1271.13313
248		2202.27		3434.76		969.78
249		684.0		1026.0		342.0
250		0.0		0.0		0.0
