step	mediator-random_runtime_mean	mediator-random_runtime_std_up	mediator-random_runtime_std_down
1		0.00015		0.00016		0.00014
2		0.32608		0.34816		0.30401
3		0.64235		0.7602		0.5245
4		0.91078		0.94213		0.87944
5		1.06798		1.2299		0.90605
6		1.14624		1.37745		0.91502
7		1.35018		1.74768		0.95267
8		1.48207		1.92204		1.04211
9		1.54069		1.96856		1.11283
10		1.60699		2.09176		1.12222
11		1.68006		2.22404		1.13608
12		1.91422		2.45213		1.37631
13		2.0507		2.59951		1.50189
14		2.12009		2.73549		1.50468
15		2.25294		2.89808		1.60781
16		2.29093		2.97901		1.60284
17		2.35513		3.06505		1.64522
18		2.48136		3.29414		1.66857
19		2.56147		3.48034		1.6426
20		2.69024		3.63918		1.74129
21		2.85644		3.84762		1.86526
22		3.01588		3.96495		2.0668
23		3.24143		4.14332		2.33953
24		3.44611		4.23989		2.65233
25		3.58377		4.40253		2.76501
26		3.68591		4.49131		2.88052
27		3.8213		4.71948		2.92312
28		3.87804		4.82542		2.93065
29		4.08836		5.0934		3.08331
30		4.28473		5.38496		3.1845
31		4.33594		5.41136		3.26053
32		4.56317		5.67281		3.45354
33		4.72007		5.97151		3.46862
34		4.92461		6.12073		3.72848
35		5.16034		6.34663		3.97404
36		5.21805		6.43589		4.00021
37		5.33465		6.6583		4.011
38		5.53149		6.87666		4.18633
39		7.55375		10.6093		4.4982
40		7.74729		10.80877		4.68582
41		7.84465		10.90252		4.78678
42		8.03417		11.06597		5.00236
43		8.20171		11.17643		5.22699
44		8.3257		11.34386		5.30754
45		8.47839		11.53271		5.42408
46		8.6421		11.71239		5.57182
47		8.80767		11.8239		5.79145
48		9.01005		12.01878		6.00131
49		9.15216		12.17211		6.13222
50		9.27006		12.24467		6.29545
51		9.4378		12.42677		6.44884
52		9.59209		12.59017		6.59401
53		9.73257		12.6802		6.78493
54		9.8055		12.72174		6.88926
55		9.95955		12.94972		6.96938
56		10.07996		12.99647		7.16344
57		10.20968		13.08301		7.33635
58		10.33794		13.16896		7.50691
59		10.51226		13.36317		7.66134
60		10.59889		13.4534		7.74438
61		10.67089		13.52878		7.81299
62		10.81375		13.70498		7.92252
63		10.92601		13.8758		7.97621
64		11.00547		13.93784		8.0731
65		11.15776		14.14064		8.17488
66		11.34167		14.34814		8.33519
67		11.40909		14.40604		8.41214
68		11.48943		14.57597		8.40289
69		11.61344		14.76735		8.45953
70		11.69337		14.78525		8.60148
71		11.88512		15.01374		8.7565
72		12.02151		15.06133		8.98169
73		12.14863		15.26851		9.02875
74		12.26681		15.45363		9.08
75		12.38266		15.63341		9.13191
76		12.48023		15.68057		9.2799
77		12.63233		15.88646		9.3782
78		12.7211		16.05275		9.38946
79		12.80181		16.0968		9.50681
80		12.9404		16.30254		9.57826
81		13.05024		16.48642		9.61405
82		13.16656		16.6906		9.64252
83		13.19685		16.7159		9.6778
84		13.3075		16.91821		9.69678
85		13.4552		17.13748		9.77293
86		13.52602		17.17777		9.87427
87		13.59083		17.21699		9.96466
88		13.73373		17.30068		10.16677
89		13.84515		17.47275		10.21754
90		13.92676		17.50971		10.34382
91		14.11845		17.7508		10.4861
92		14.31822		17.99781		10.63863
93		14.47477		18.13203		10.8175
94		14.55899		18.23611		10.88186
95		14.6558		18.32875		10.98284
96		14.78898		18.45616		11.1218
97		14.94918		18.60684		11.29151
98		15.03453		18.65598		11.41307
99		15.13775		18.76963		11.50587
100		15.35111		18.99457		11.70765
101		17.30816		22.70405		11.91226
102		17.38681		22.81877		11.95485
103		17.44092		22.87404		12.00779
104		17.53894		22.93563		12.14224
105		17.64106		23.00724		12.27489
106		17.74648		23.08914		12.40382
107		17.85601		23.21577		12.49624
108		17.97368		23.35153		12.59582
109		18.06585		23.46731		12.66439
110		18.18249		23.58223		12.78276
111		18.26745		23.70153		12.83337
112		18.38884		23.8316		12.94609
113		18.49145		24.00039		12.98252
114		18.59961		24.17404		13.02517
115		18.73441		24.34387		13.12494
116		18.84412		24.46043		13.22782
117		18.91261		24.55961		13.26561
118		19.0201		24.72798		13.31221
119		19.12165		24.90361		13.33968
120		19.22264		25.06858		13.37671
121		19.32023		25.15212		13.48834
122		19.45738		25.31446		13.6003
123		19.59749		25.5199		13.67508
124		19.73457		25.70249		13.76665
125		19.88466		25.92118		13.84815
126		19.95209		26.01223		13.89195
127		20.04668		26.15268		13.94069
128		20.13856		26.29159		13.98553
129		22.14751		31.40394		12.89108
130		22.27118		31.56907		12.9733
131		22.36938		31.67928		13.05948
132		22.51535		31.81393		13.21677
133		22.62432		31.92396		13.32467
134		22.72971		32.10762		13.3518
135		22.80899		32.1501		13.46788
136		22.94617		32.33261		13.55973
137		23.06941		32.5171		13.62172
138		23.17858		32.7039		13.65326
139		23.26957		32.75246		13.78668
140		23.37411		32.93071		13.81751
141		23.50947		33.13748		13.88146
142		23.63678		33.33731		13.93626
143		23.76056		33.48673		14.0344
144		23.81046		33.49621		14.12472
145		23.92127		33.66101		14.18153
146		24.02834		33.85122		14.20546
147		24.14422		33.96998		14.31846
148		24.28921		34.09958		14.47885
149		24.37246		34.26552		14.4794
150		26.31171		36.52004		16.10337
151		26.58081		36.97361		16.18801
152		26.92279		37.45638		16.38921
153		27.30863		38.13005		16.48722
154		27.44982		38.31139		16.58824
155		27.6448		38.59389		16.69572
156		28.01319		39.19806		16.82832
157		28.24484		39.6096		16.88008
158		28.3462		39.71061		16.98179
159		28.42839		39.78096		17.07581
160		28.4986		39.87963		17.11757
161		28.73274		40.25082		17.21467
162		29.00473		40.69888		17.31058
163		29.13474		40.86743		17.40206
164		29.26684		41.02783		17.50586
165		30.01106		42.42334		17.59878
166		30.15461		42.55449		17.75472
167		30.25287		42.71401		17.79173
168		30.46561		43.12803		17.8032
169		30.56466		43.28795		17.84138
170		30.78203		43.65195		17.9121
171		30.99577		44.05485		17.9367
172		31.12561		44.22181		18.02941
173		31.36865		44.69721		18.0401
174		31.58071		45.10935		18.05207
175		31.83275		45.62811		18.03738
176		32.28059		46.59045		17.97073
177		32.43627		46.8448		18.02774
178		32.5788		47.05287		18.10472
179		32.66986		47.20142		18.1383
180		33.04885		47.99014		18.10756
181		33.27465		48.40294		18.14637
182		33.41279		48.59097		18.23461
183		33.53464		48.72767		18.34162
184		33.70225		49.06517		18.33933
185		33.80778		49.2012		18.41436
186		34.39703		50.46466		18.32941
187		34.59152		50.79672		18.38632
188		34.73176		50.98816		18.47536
189		35.23268		52.05246		18.4129
190		35.41144		52.31124		18.51164
191		35.55291		52.47526		18.63055
192		36.04679		53.4689		18.62469
193		36.31133		54.01564		18.60701
194		36.58261		54.55529		18.60993
195		36.80132		54.89865		18.70399
196		36.95821		55.10826		18.80817
197		37.53979		56.53298		18.54661
198		37.6672		56.71411		18.62029
199		37.89186		57.10048		18.68324
200		38.14577		57.61454		18.67701
201		38.45339		58.27263		18.63415
202		38.71309		58.76576		18.66041
203		38.90176		59.10714		18.69637
204		39.07237		59.40278		18.74197
205		39.20157		59.5154		18.88774
206		39.35375		59.68414		19.02335
207		39.81244		60.68268		18.94219
208		40.59638		62.54886		18.64391
209		42.58107		67.75547		17.40666
210		43.15908		69.11047		17.2077
211		45.08766		74.37871		15.79661
212		47.08716		79.78075		14.39356
213		48.38598		83.28464		13.48731
214		49.42723		86.0272		12.82726
215		51.45619		91.53362		11.37876
216		52.56148		94.54453		10.57843
217		54.57224		100.0679		9.07659
218		56.59172		105.64191		7.54153
219		56.86866		106.14225		7.59507
220		58.71547		111.27972		6.15123
221		58.93888		111.59376		6.284
222		59.32034		112.41017		6.2305
223		59.46049		112.59719		6.32379
224		59.83664		113.51681		6.15646
225		60.09355		114.09028		6.09681
226		61.22199		117.21195		5.23202
227		61.47145		117.76902		5.17388
228		62.06407		119.3061		4.82204
229		62.72824		121.05655		4.39992
230		62.85254		121.23531		4.46978
231		63.03161		121.6949		4.36831
232		63.38138		122.44396		4.3188
233		63.46845		122.4957		4.4412
234		63.63873		122.66758		4.60987
235		64.73334		125.60789		3.85879
236		64.83055		125.77759		3.88351
237		65.40834		127.25734		3.55935
238		65.52637		127.37402		3.67873
239		66.33734		129.50607		3.1686
240		66.48797		129.66282		3.31313
241		66.66163		129.83495		3.48831
242		67.44671		131.87409		3.01933
243		67.71354		132.36836		3.05872
244		67.87671		132.58925		3.16417
245		68.68034		134.68163		2.67904
246		69.01344		135.34892		2.67796
247		69.27149		135.72362		2.81936
248		70.00004		137.60774		2.39234
249		70.22813		137.90249		2.55376
250		71.09513		140.1949		1.99536
