step	mediator-random_reward_mean	mediator-random_reward_std_up	mediator-random_reward_std_down
1		0.0		0.0		0.0
2		0.0		0.0		0.0
3		0.0		0.0		0.0
4		0.0		0.0		0.0
5		0.0		0.0		0.0
6		0.0		0.0		0.0
7		0.0		0.0		0.0
8		2000.0		6000.0		-2000.0
9		2000.0		6000.0		-2000.0
10		2000.0		6000.0		-2000.0
11		6000.0		14000.0		-2000.0
12		8000.0		17797.95897		-1797.95897
13		8000.0		17797.95897		-1797.95897
14		8000.0		17797.95897		-1797.95897
15		8000.0		17797.95897		-1797.95897
16		8000.0		17797.95897		-1797.95897
17		8000.0		17797.95897		-1797.95897
18		8000.0		17797.95897		-1797.95897
19		8000.0		17797.95897		-1797.95897
20		12000.0		19483.31477		4516.68523
21		14000.0		22000.0		6000.0
22		16000.0		26198.03903		5801.96097
23		16000.0		26198.03903		5801.96097
24		16000.0		26198.03903		5801.96097
25		16000.0		26198.03903		5801.96097
26		20000.0		34142.13562		5857.86438
27		20000.0		34142.13562		5857.86438
28		20000.0		34142.13562		5857.86438
29		20000.0		34142.13562		5857.86438
30		20000.0		34142.13562		5857.86438
31		22000.0		36696.93846		7303.06154
32		22000.0		36696.93846		7303.06154
33		22000.0		36696.93846		7303.06154
34		24000.0		40248.07681		7751.92319
35		28000.0		45204.65053		10795.34947
36		28000.0		45204.65053		10795.34947
37		30000.0		44142.13562		15857.86438
38		32000.0		43661.90379		20338.09621
39		32000.0		43661.90379		20338.09621
40		32000.0		43661.90379		20338.09621
41		32000.0		43661.90379		20338.09621
42		32000.0		43661.90379		20338.09621
43		32000.0		43661.90379		20338.09621
44		34000.0		44198.03903		23801.96097
45		34000.0		44198.03903		23801.96097
46		34000.0		44198.03903		23801.96097
47		34000.0		44198.03903		23801.96097
48		36000.0		48000.0		24000.0
49		36000.0		48000.0		24000.0
50		36000.0		48000.0		24000.0
51		36000.0		48000.0		24000.0
52		40000.0		54142.13562		25857.86438
53		42000.0		59204.65053		24795.34947
54		44000.0		64591.26028		23408.73972
55		44000.0		64591.26028		23408.73972
56		46000.0		64547.23699		27452.76301
57		46000.0		64547.23699		27452.76301
58		46000.0		64547.23699		27452.76301
59		48000.0		70271.05745		25728.94255
60		50000.0		76076.80962		23923.19038
61		52000.0		81933.25909		22066.74091
62		52000.0		81933.25909		22066.74091
63		56000.0		84000.0		28000.0
64		58001.0		85130.02512		30871.97488
65		58001.0		85130.02512		30871.97488
66		58001.0		85130.02512		30871.97488
67		60001.0		90984.54408		29017.45592
68		62001.0		96871.84748		27130.15252
69		62001.0		96871.84748		27130.15252
70		62001.0		96871.84748		27130.15252
71		64001.0		98409.89426		29592.10574
72		66001.0		100409.83613		31592.16387
73		68001.0		102871.67542		33130.32458
74		70001.0		105777.52867		34224.47133
75		70001.0		105777.52867		34224.47133
76		72001.0		111192.27459		32809.72541
77		72001.0		111192.27459		32809.72541
78		72001.0		111192.27459		32809.72541
79		72001.0		111192.27459		32809.72541
80		72001.0		111192.27459		32809.72541
81		72001.0		111192.27459		32809.72541
82		72001.0		111192.27459		32809.72541
83		74001.0		112262.62574		35739.37426
84		74001.0		112262.62574		35739.37426
85		74001.0		112262.62574		35739.37426
86		78001.0		114551.84136		41450.15864
87		78001.0		114551.84136		41450.15864
88		78001.0		114551.84136		41450.15864
89		78001.0		114551.84136		41450.15864
90		78001.0		114551.84136		41450.15864
91		80001.0		115777.80819		44224.19181
92		84001.0		116619.89029		51382.10971
93		84001.0		116619.89029		51382.10971
94		84001.0		116619.89029		51382.10971
95		84001.0		116619.89029		51382.10971
96		90001.0		118983.75356		61018.24644
97		94001.0		120534.22453		67467.77547
98		94001.0		120534.22453		67467.77547
99		94001.0		120534.22453		67467.77547
100		98001.0		128595.50938		67406.49062
101		98001.0		128595.50938		67406.49062
102		98001.0		128595.50938		67406.49062
103		98001.0		128595.50938		67406.49062
104		102001.0		129130.61489		74871.38511
105		102001.0		129130.61489		74871.38511
106		102001.0		129130.61489		74871.38511
107		104001.0		130534.22453		77467.77547
108		106001.0		131769.35276		80232.64724
109		108001.0		133613.57511		82388.42489
110		108001.0		133613.57511		82388.42489
111		108001.0		133613.57511		82388.42489
112		110001.0		136077.8097		83924.1903
113		110001.0		136077.8097		83924.1903
114		110001.0		136077.8097		83924.1903
115		110001.0		136077.8097		83924.1903
116		110001.0		136077.8097		83924.1903
117		110001.0		136077.8097		83924.1903
118		112001.0		137613.41894		86388.58106
119		116001.0		138450.67715		93551.32285
120		118001.0		137391.30696		98610.69304
121		120001.0		136733.60303		103268.39697
122		120001.0		136733.60303		103268.39697
123		120001.0		136733.60303		103268.39697
124		122001.0		139204.95315		104797.04685
125		124001.0		142547.48225		105454.51775
126		126001.0		146591.48334		105410.51666
127		126001.0		146591.48334		105410.51666
128		126001.0		146591.48334		105410.51666
129		126001.0		146591.48334		105410.51666
130		126001.0		146591.48334		105410.51666
131		126001.0		146591.48334		105410.51666
132		126001.0		146591.48334		105410.51666
133		128001.0		151151.8964		104850.1036
134		130001.0		156077.04272		103924.95728
135		132001.0		157612.63806		106389.36194
136		132001.0		157612.63806		106389.36194
137		132001.0		157612.63806		106389.36194
138		134001.0		162705.56417		105296.43583
139		136001.0		168000.18755		104001.81245
140		138001.0		173440.30028		102561.69972
141		138001.0		173440.30028		102561.69972
142		138001.0		173440.30028		102561.69972
143		138001.0		173440.30028		102561.69972
144		138001.0		173440.30028		102561.69972
145		138001.0		173440.30028		102561.69972
146		140001.0		173466.50469		106535.49531
147		140001.0		173466.50469		106535.49531
148		142001.0		175105.92417		108896.07583
149		144001.0		177226.47222		110775.52778
150		144001.0		177226.47222		110775.52778
151		144001.0		177226.47222		110775.52778
152		146001.0		179823.00473		112178.99527
153		146001.0		179823.00473		112178.99527
154		146001.0		179823.00473		112178.99527
155		146001.0		179823.00473		112178.99527
156		146001.0		179823.00473		112178.99527
157		146001.0		179823.00473		112178.99527
158		146001.0		179823.00473		112178.99527
159		146001.0		179823.00473		112178.99527
160		148001.0		179874.87651		116127.12349
161		152001.0		179856.98686		124145.01314
162		152001.0		179856.98686		124145.01314
163		152001.0		179856.98686		124145.01314
164		152001.0		179856.98686		124145.01314
165		152001.0		179856.98686		124145.01314
166		152001.0		179856.98686		124145.01314
167		152001.0		179856.98686		124145.01314
168		152001.0		179856.98686		124145.01314
169		152001.0		179856.98686		124145.01314
170		152001.0		179856.98686		124145.01314
171		154001.0		180533.47075		127468.52925
172		154001.0		180533.47075		127468.52925
173		156001.0		180166.42994		131835.57006
174		158001.0		182000.25007		134001.74993
175		158001.0		182000.25007		134001.74993
176		158001.0		182000.25007		134001.74993
177		158001.0		182000.25007		134001.74993
178		160001.0		184495.081		135506.919
179		160001.0		184495.081		135506.919
180		160001.0		184495.081		135506.919
181		160001.0		184495.081		135506.919
182		162001.0		186819.46095		137182.53905
183		162001.0		186819.46095		137182.53905
184		164001.0		187324.20741		140677.79259
185		166001.0		188450.67715		143551.32285
186		166001.0		188450.67715		143551.32285
187		166001.0		188450.67715		143551.32285
188		168001.0		191152.32834		144849.67166
189		168001.0		191152.32834		144849.67166
190		168001.0		191152.32834		144849.67166
191		168001.0		191152.32834		144849.67166
192		168001.0		191152.32834		144849.67166
193		168001.0		191152.32834		144849.67166
194		168001.0		191152.32834		144849.67166
195		170001.0		196077.42621		143924.57379
196		170001.0		196077.42621		143924.57379
197		172001.0		199129.87768		144872.12232
198		172001.0		199129.87768		144872.12232
199		172001.0		199129.87768		144872.12232
200		172001.0		199129.87768		144872.12232
201		174001.0		198166.5127		149835.4873
202		174001.0		198166.5127		149835.4873
203		174001.0		198166.5127		149835.4873
204		174001.0		198166.5127		149835.4873
205		174001.0		198166.5127		149835.4873
206		174001.0		198166.5127		149835.4873
207		174001.0		198166.5127		149835.4873
208		174001.0		198166.5127		149835.4873
209		174001.0		198166.5127		149835.4873
210		174001.0		198166.5127		149835.4873
211		174001.0		198166.5127		149835.4873
212		174001.0		198166.5127		149835.4873
213		174001.0		198166.5127		149835.4873
214		174001.0		198166.5127		149835.4873
215		176001.0		201768.5766		150233.4234
216		176001.0		201768.5766		150233.4234
217		176001.0		201768.5766		150233.4234
218		176001.0		201768.5766		150233.4234
219		180001.0		205298.43078		154703.56922
220		182001.0		205151.72362		158850.27638
221		182001.0		205151.72362		158850.27638
222		182001.0		205151.72362		158850.27638
223		184001.0		205541.00938		162460.99062
224		184001.0		205541.00938		162460.99062
225		184001.0		205541.00938		162460.99062
226		186001.0		205596.10153		166405.89847
227		186001.0		205596.10153		166405.89847
228		186001.0		205596.10153		166405.89847
229		186001.0		205596.10153		166405.89847
230		186001.0		205596.10153		166405.89847
231		186001.0		205596.10153		166405.89847
232		188001.0		206330.32088		169671.67912
233		188001.0		206330.32088		169671.67912
234		188001.0		206330.32088		169671.67912
235		188001.0		206330.32088		169671.67912
236		188001.0		206330.32088		169671.67912
237		188001.0		206330.32088		169671.67912
238		188001.0		206330.32088		169671.67912
239		188001.0		206330.32088		169671.67912
240		188001.0		206330.32088		169671.67912
241		190001.0		210976.22357		169025.77643
242		190001.0		210976.22357		169025.77643
243		190001.0		210976.22357		169025.77643
244		190001.0		210976.22357		169025.77643
245		190001.0		210976.22357		169025.77643
246		190001.0		210976.22357		169025.77643
247		190001.0		210976.22357		169025.77643
248		190001.0		210976.22357		169025.77643
249		192001.0		211391.10067		172610.89933
250		194001.0		215541.00938		172460.99062
