episode	mediator-random_runtime_mean	mediator-random_runtime_std_up	mediator-random_runtime_std_down
1		0.00022		0.00038		7e-05
2		0.00682		0.00745		0.00619
3		0.01397		0.01506		0.01288
4		0.02114		0.02309		0.01918
5		0.0278		0.02983		0.02576
6		0.0349		0.03698		0.03281
7		0.04183		0.04473		0.03893
8		0.049		0.05219		0.04581
9		0.05647		0.06017		0.05276
10		0.06599		0.07245		0.05953
11		0.07349		0.08062		0.06637
12		0.08064		0.08922		0.07206
13		0.08774		0.09741		0.07807
14		0.09511		0.10566		0.08456
15		0.10278		0.11517		0.0904
16		0.10996		0.12353		0.09639
17		0.11766		0.13304		0.10228
18		0.12441		0.14014		0.10869
19		0.13195		0.14921		0.1147
20		0.14046		0.16032		0.1206
21		0.14854		0.16882		0.12826
22		0.15666		0.17686		0.13646
23		0.16451		0.18552		0.1435
24		0.17282		0.19441		0.15122
25		0.18159		0.20433		0.15885
26		0.18918		0.21245		0.16591
27		0.19719		0.22167		0.17271
28		0.20481		0.23032		0.1793
29		0.21194		0.23803		0.18585
30		0.21889		0.24476		0.19302
31		0.22585		0.25158		0.20012
32		0.23243		0.25791		0.20694
33		0.23901		0.26441		0.21361
34		0.24566		0.27109		0.22023
35		0.25212		0.27765		0.22658
36		0.25865		0.28418		0.23312
37		0.26522		0.29068		0.23976
38		0.2716		0.29726		0.24594
39		0.27849		0.30425		0.25272
40		0.28551		0.31158		0.25944
41		0.2925		0.31899		0.26602
42		0.29941		0.32612		0.2727
43		0.30617		0.33325		0.27908
44		0.31297		0.34022		0.28572
45		0.31939		0.34652		0.29227
46		0.32606		0.35345		0.29867
47		0.33265		0.36012		0.30518
48		0.3393		0.36707		0.31152
49		0.34611		0.37442		0.3178
50		0.35275		0.38093		0.32456
51		0.35975		0.38774		0.33175
52		0.36623		0.394		0.33845
53		0.3728		0.40052		0.34509
54		0.37971		0.40765		0.35178
55		0.38619		0.414		0.35839
56		0.39329		0.42176		0.36483
57		0.40029		0.42904		0.37155
58		0.40748		0.4372		0.37775
59		0.41428		0.44426		0.38431
60		0.42159		0.45191		0.39127
61		0.42879		0.45916		0.39842
62		0.43578		0.46662		0.40494
63		0.44252		0.47339		0.41165
64		0.4492		0.4802		0.41819
65		0.45585		0.48684		0.42485
66		0.46255		0.49344		0.43167
67		0.46943		0.50055		0.43831
68		0.47606		0.50709		0.44503
69		0.48294		0.51433		0.45156
70		0.49014		0.52127		0.45901
71		0.49689		0.52796		0.46581
72		0.50391		0.5353		0.47252
73		0.51062		0.54174		0.47951
74		0.51751		0.54901		0.48601
75		0.5242		0.556		0.49241
76		0.53054		0.56247		0.49861
77		0.539		0.57299		0.505
78		0.54695		0.58198		0.51192
79		0.55416		0.58953		0.51879
80		0.56197		0.59785		0.52609
81		0.56952		0.60618		0.53287
82		0.57703		0.61449		0.53957
83		0.58416		0.62222		0.54609
84		0.59116		0.63002		0.5523
85		0.59826		0.63793		0.5586
86		0.60537		0.64566		0.56507
87		0.61215		0.65281		0.5715
88		0.61937		0.6608		0.57794
89		0.62622		0.66799		0.58445
90		0.6334		0.67569		0.59112
91		0.64023		0.68254		0.59792
92		0.64744		0.69001		0.60486
93		0.65406		0.69666		0.61147
94		0.66086		0.70384		0.61788
95		0.66739		0.71051		0.62427
96		0.67416		0.71751		0.6308
97		0.68103		0.72497		0.6371
98		0.68825		0.73254		0.64396
99		0.69507		0.7394		0.65074
100		0.7019		0.74648		0.65733
101		0.70958		0.7549		0.66426
102		0.71707		0.76283		0.67131
103		0.72376		0.76974		0.67778
104		0.7306		0.77689		0.6843
105		0.73738		0.78405		0.69072
106		0.74404		0.79094		0.69714
107		0.75104		0.79789		0.70419
108		0.75771		0.8045		0.71092
109		0.76432		0.81098		0.71767
110		0.77124		0.8177		0.72478
111		0.778		0.82423		0.73176
112		0.78487		0.83122		0.73852
113		0.79166		0.83826		0.74506
114		0.80016		0.84937		0.75095
115		0.80819		0.85964		0.75673
116		0.81585		0.86901		0.76269
117		0.82339		0.87793		0.76885
118		0.83178		0.88816		0.7754
119		0.83934		0.89683		0.78184
120		0.84715		0.9061		0.78819
121		0.85542		0.91702		0.79381
122		0.86361		0.92726		0.79996
123		0.87248		0.93931		0.80565
124		0.87972		0.9478		0.81163
125		0.88713		0.95631		0.81796
126		0.89464		0.96547		0.82381
127		0.90216		0.97471		0.8296
128		0.90941		0.9825		0.83632
129		0.91635		0.99038		0.84232
130		0.92323		0.9971		0.84937
131		0.93003		1.00399		0.85606
132		0.93685		1.01077		0.86292
133		0.94395		1.01798		0.86993
134		0.95052		1.02473		0.87631
135		0.95756		1.03235		0.88276
136		0.96416		1.03932		0.88899
137		0.97099		1.04681		0.89517
138		0.97783		1.05373		0.90193
139		0.98464		1.06039		0.90888
140		0.99298		1.07025		0.91571
141		1.00187		1.08238		0.92136
142		1.01069		1.09464		0.92674
143		1.01859		1.10439		0.93279
144		1.02567		1.11229		0.93905
145		1.03274		1.12046		0.94501
146		1.03974		1.12786		0.95162
147		1.0469		1.13607		0.95772
148		1.05404		1.14396		0.96412
149		1.0622		1.15428		0.97013
150		1.07174		1.16919		0.97429
151		1.08042		1.18166		0.97918
152		1.0881		1.19177		0.98443
153		1.09552		1.20036		0.99067
154		1.10258		1.20851		0.99664
155		1.10964		1.21672		1.00257
156		1.11633		1.22366		1.009
157		1.12282		1.23022		1.01542
158		1.12988		1.23718		1.02258
159		1.13651		1.24357		1.02944
160		1.14294		1.25		1.03588
161		1.14968		1.25661		1.04275
162		1.15637		1.2637		1.04904
163		1.16335		1.27111		1.05559
164		1.17008		1.27787		1.06229
165		1.17691		1.28543		1.0684
166		1.1842		1.29405		1.07435
167		1.19066		1.30066		1.08066
168		1.19739		1.30739		1.08739
169		1.20416		1.31447		1.09385
170		1.21065		1.32072		1.10058
171		1.21749		1.32803		1.10694
172		1.22452		1.33591		1.11313
173		1.23125		1.3431		1.1194
174		1.23818		1.35058		1.12579
175		1.24456		1.35703		1.13208
176		1.25157		1.36402		1.13911
177		1.25805		1.37055		1.14555
178		1.26489		1.3777		1.15208
179		1.2725		1.38714		1.15786
180		1.27982		1.39637		1.16326
181		1.287		1.40419		1.1698
182		1.294		1.41185		1.17615
183		1.30206		1.41939		1.18474
184		1.30964		1.42681		1.19247
185		1.31674		1.43446		1.19902
186		1.32341		1.4413		1.20552
187		1.33043		1.44877		1.21209
188		1.33931		1.45966		1.21896
189		1.34855		1.47098		1.22611
190		1.3578		1.48246		1.23315
191		1.36589		1.49176		1.24002
192		1.37391		1.50063		1.2472
193		1.38137		1.50891		1.25382
194		1.39038		1.52065		1.26011
195		1.39808		1.52843		1.26772
196		1.40579		1.53739		1.27419
197		1.41422		1.54813		1.28031
198		1.42205		1.55743		1.28666
199		1.4294		1.56536		1.29345
200		1.43724		1.57452		1.29996
201		1.44574		1.58482		1.30665
202		1.45378		1.59443		1.31314
203		1.46117		1.60303		1.31931
204		1.46917		1.61206		1.32627
205		1.47623		1.61888		1.33358
206		1.48344		1.62603		1.34084
207		1.49056		1.63355		1.34757
208		1.49736		1.64029		1.35444
209		1.50413		1.64755		1.36071
210		1.51086		1.65443		1.36729
211		1.51768		1.66141		1.37396
212		1.52447		1.66845		1.38049
213		1.53169		1.67561		1.38776
214		1.53849		1.68244		1.39453
215		1.54601		1.68994		1.40207
216		1.55322		1.69744		1.40899
217		1.56075		1.70506		1.41645
218		1.56771		1.71238		1.42304
219		1.57456		1.71937		1.42976
220		1.58141		1.72658		1.43624
221		1.58802		1.7333		1.44274
222		1.59489		1.74031		1.44946
223		1.60207		1.74783		1.45632
224		1.60952		1.75501		1.46402
225		1.61652		1.76224		1.4708
226		1.62335		1.76912		1.47758
227		1.63011		1.7758		1.48443
228		1.63687		1.78307		1.49068
229		1.64338		1.78973		1.49703
230		1.64985		1.79613		1.50356
231		1.65751		1.80358		1.51143
232		1.6663		1.81256		1.52004
233		1.67387		1.82015		1.5276
234		1.68076		1.82678		1.53475
235		1.68791		1.83363		1.54219
236		1.69565		1.84122		1.55009
237		1.70389		1.84912		1.55867
238		1.71174		1.85725		1.56622
239		1.71867		1.86408		1.57326
240		1.72551		1.87087		1.58014
241		1.73249		1.87756		1.58743
242		1.73935		1.88446		1.59424
243		1.74673		1.89157		1.60189
244		1.75452		1.89905		1.60999
245		1.762		1.90643		1.61758
246		1.76971		1.91439		1.62503
247		1.77684		1.92161		1.63206
248		1.78348		1.92836		1.63861
249		1.79026		1.93532		1.64521
250		1.79715		1.94241		1.6519
251		1.8037		1.94881		1.65858
252		1.81064		1.95551		1.66576
253		1.81746		1.96225		1.67268
254		1.82433		1.96886		1.6798
255		1.83175		1.97654		1.68696
256		1.8392		1.98428		1.69412
257		1.84588		1.991		1.70076
258		1.85286		1.99812		1.70761
259		1.85948		2.00514		1.71381
260		1.86624		2.012		1.72047
261		1.87312		2.01907		1.72717
262		1.87989		2.02564		1.73413
263		1.88707		2.03282		1.74132
264		1.89406		2.0397		1.74842
265		1.90129		2.04687		1.75571
266		1.90852		2.05482		1.76222
267		1.91519		2.06189		1.7685
268		1.92245		2.06947		1.77543
269		1.92906		2.07622		1.78189
270		1.93579		2.08295		1.78863
271		1.94226		2.08953		1.79499
272		1.94923		2.09652		1.80194
273		1.95589		2.10329		1.80849
274		1.96313		2.11051		1.81574
275		1.96989		2.11741		1.82237
276		1.97689		2.12456		1.82923
277		1.9838		2.13151		1.8361
278		1.99085		2.1385		1.8432
279		1.99764		2.14558		1.84969
280		2.00424		2.15193		1.85655
281		2.01154		2.15921		1.86386
282		2.01856		2.16626		1.87086
283		2.02532		2.17308		1.87757
284		2.03231		2.18045		1.88416
285		2.03968		2.18824		1.89113
286		2.04674		2.19561		1.89787
287		2.05382		2.20288		1.90475
288		2.06046		2.20949		1.91143
289		2.06702		2.21621		1.91784
290		2.0741		2.22302		1.92519
291		2.08074		2.22973		1.93176
292		2.08758		2.23653		1.93863
293		2.09467		2.24332		1.94603
294		2.10148		2.25022		1.95275
295		2.10848		2.25757		1.95939
296		2.11524		2.26442		1.96605
297		2.1221		2.27142		1.97277
298		2.1287		2.27788		1.97952
299		2.13526		2.28459		1.98594
300		2.14204		2.29133		1.99275
301		2.14888		2.29817		1.9996
302		2.1557		2.30494		2.00646
303		2.16227		2.31133		2.0132
304		2.16911		2.31816		2.02005
305		2.17586		2.32511		2.02662
306		2.18244		2.33186		2.03302
307		2.18923		2.33895		2.03951
308		2.19581		2.34546		2.04616
309		2.20264		2.35224		2.05303
310		2.20937		2.35898		2.05975
311		2.21609		2.36581		2.06637
312		2.22291		2.37262		2.0732
313		2.22938		2.37909		2.07966
314		2.236		2.38576		2.08623
315		2.24369		2.39323		2.09416
316		2.25097		2.39994		2.102
317		2.25815		2.40726		2.10904
318		2.26484		2.41365		2.11602
319		2.27267		2.42135		2.12398
320		2.28002		2.42841		2.13162
321		2.28676		2.43495		2.13858
322		2.29415		2.44187		2.14643
323		2.30101		2.44854		2.15348
324		2.30845		2.45566		2.16124
325		2.31613		2.46373		2.16853
326		2.32345		2.47107		2.17584
327		2.33017		2.47788		2.18247
328		2.33753		2.48476		2.1903
329		2.34502		2.49235		2.19769
330		2.35213		2.49955		2.20472
331		2.35896		2.50642		2.21149
332		2.36583		2.51334		2.21833
333		2.37293		2.52019		2.22567
334		2.37944		2.52689		2.23199
335		2.3867		2.53449		2.23891
336		2.39353		2.54124		2.24582
337		2.4014		2.549		2.2538
338		2.40878		2.55642		2.26114
339		2.41563		2.5632		2.26806
340		2.42276		2.57035		2.27516
341		2.42968		2.57728		2.28208
342		2.4367		2.58462		2.28878
343		2.44379		2.59195		2.29563
344		2.45077		2.59932		2.30222
345		2.45799		2.60635		2.30962
346		2.46576		2.61601		2.31551
347		2.47418		2.62453		2.32382
348		2.48141		2.63193		2.3309
349		2.48851		2.63895		2.33806
350		2.49537		2.64564		2.34509
351		2.50254		2.65284		2.35224
352		2.50936		2.65978		2.35894
353		2.51649		2.66737		2.36561
354		2.52381		2.67458		2.37303
355		2.5313		2.68232		2.38029
356		2.5386		2.68946		2.38774
357		2.54606		2.69668		2.39545
358		2.55346		2.7038		2.40311
359		2.56072		2.71081		2.41063
360		2.56802		2.71808		2.41795
361		2.57541		2.72561		2.4252
362		2.58254		2.73264		2.43245
363		2.59029		2.74142		2.43916
364		2.59728		2.74843		2.44613
365		2.60419		2.75566		2.45272
366		2.61186		2.76326		2.46047
367		2.6195		2.77104		2.46795
368		2.62752		2.77882		2.47622
369		2.63452		2.78575		2.48329
370		2.64142		2.79276		2.49008
371		2.64886		2.80002		2.49769
372		2.65589		2.8072		2.50457
373		2.66302		2.81482		2.51123
374		2.66976		2.82155		2.51798
375		2.67701		2.8292		2.52482
376		2.68496		2.8368		2.53312
377		2.69232		2.84411		2.54054
378		2.69958		2.85123		2.54793
379		2.70643		2.8578		2.55507
380		2.71337		2.86484		2.5619
381		2.7204		2.87195		2.56885
382		2.72778		2.88037		2.57519
383		2.73586		2.88867		2.58306
384		2.74279		2.89602		2.58957
385		2.74938		2.90272		2.59603
386		2.75641		2.90965		2.60317
387		2.76307		2.91647		2.60968
388		2.77017		2.92328		2.61706
389		2.777		2.93016		2.62385
390		2.78468		2.93765		2.6317
391		2.79235		2.94534		2.63936
392		2.79982		2.95355		2.64609
393		2.80672		2.9604		2.65305
394		2.81327		2.96694		2.65961
395		2.82001		2.97366		2.66636
396		2.82656		2.98038		2.67274
397		2.83342		2.98723		2.67961
398		2.8402		2.99409		2.68632
399		2.8474		3.00113		2.69367
400		2.85452		3.00826		2.70077
401		2.86121		3.01506		2.70737
402		2.86841		3.02278		2.71404
403		2.8751		3.02978		2.72042
404		2.88211		3.03702		2.7272
405		2.88896		3.04347		2.73445
406		2.89559		3.05036		2.74082
407		2.9024		3.05753		2.74726
408		2.90934		3.06464		2.75404
409		2.9167		3.07197		2.76142
410		2.92384		3.07915		2.76853
411		2.93077		3.08643		2.7751
412		2.93765		3.09387		2.78143
413		2.94418		3.1006		2.78777
414		2.95061		3.10711		2.79411
415		2.95751		3.11391		2.80111
416		2.96409		3.12059		2.80758
417		2.97126		3.12784		2.81468
418		2.97839		3.13516		2.82163
419		2.98635		3.14304		2.82965
420		2.99407		3.15104		2.83709
421		3.00163		3.15914		2.84412
422		3.0085		3.16638		2.85062
423		3.01526		3.17374		2.85678
424		3.02314		3.18133		2.86495
425		3.03087		3.18929		2.87244
426		3.03784		3.19641		2.87927
427		3.04476		3.20345		2.88607
428		3.05132		3.20985		2.8928
429		3.05849		3.21675		2.90023
430		3.06515		3.22344		2.90685
431		3.07262		3.23138		2.91386
432		3.08027		3.23941		2.92113
433		3.08733		3.24703		2.92763
434		3.09441		3.25422		2.9346
435		3.10131		3.26144		2.94117
436		3.10871		3.26918		2.94824
437		3.11655		3.27757		2.95553
438		3.1249		3.28694		2.96287
439		3.13255		3.29466		2.97044
440		3.14036		3.30327		2.97744
441		3.14814		3.31101		2.98527
442		3.15566		3.31907		2.99224
443		3.16352		3.32764		2.99941
444		3.17103		3.33552		3.00654
445		3.17911		3.34439		3.01382
446		3.18716		3.35357		3.02075
447		3.19504		3.36201		3.02808
448		3.20287		3.3704		3.03534
449		3.21062		3.37876		3.04248
450		3.21848		3.38718		3.04978
451		3.22585		3.39459		3.05711
452		3.23302		3.40225		3.06379
453		3.23985		3.4092		3.0705
454		3.24693		3.41703		3.07683
455		3.25367		3.42385		3.08349
456		3.26071		3.43119		3.09023
457		3.26756		3.43821		3.0969
458		3.27516		3.44612		3.1042
459		3.28328		3.45575		3.1108
460		3.29126		3.4648		3.11772
461		3.29886		3.47267		3.12506
462		3.30622		3.48043		3.132
463		3.31368		3.48895		3.13841
464		3.32084		3.4968		3.14488
465		3.32889		3.50615		3.15162
466		3.33648		3.5148		3.15816
467		3.34405		3.52325		3.16485
468		3.35205		3.53234		3.17176
469		3.35955		3.54058		3.17852
470		3.36704		3.54849		3.18559
471		3.3748		3.55741		3.1922
472		3.38242		3.56621		3.19864
473		3.39007		3.57496		3.20519
474		3.39694		3.58254		3.21135
475		3.40397		3.58984		3.21809
476		3.41078		3.59697		3.22458
477		3.41802		3.60456		3.23147
478		3.42548		3.61261		3.23836
479		3.43312		3.62129		3.24495
480		3.44086		3.62961		3.25211
481		3.44775		3.63697		3.25852
482		3.45498		3.64485		3.26511
483		3.46179		3.65211		3.27146
484		3.46844		3.65924		3.27763
485		3.47565		3.66725		3.28404
486		3.48294		3.67552		3.29035
487		3.49047		3.68385		3.29709
488		3.49808		3.69207		3.30408
489		3.50494		3.69961		3.31028
490		3.51358		3.70835		3.31881
491		3.52149		3.71626		3.32671
492		3.52918		3.7248		3.33355
493		3.53652		3.73312		3.33991
494		3.54357		3.74074		3.3464
495		3.55122		3.74877		3.35367
496		3.55834		3.75625		3.36044
497		3.56619		3.76536		3.36703
498		3.57331		3.77196		3.37465
499		3.58172		3.78057		3.38287
500		3.58938		3.78894		3.38982
