step	mediator-random_reward_mean	mediator-random_reward_std_up	mediator-random_reward_std_down
1		0.0		0.0		0.0
2		0.0		0.0		0.0
3		2000.0		6000.0		-2000.0
4		2000.0		6000.0		-2000.0
5		2000.0		6000.0		-2000.0
6		2000.0		6000.0		-2000.0
7		2001.0		6000.50047		-1998.50047
8		4001.0		8899.16333		-897.16333
9		6001.0		14000.25021		-1998.25021
10		8001.0		19662.21795		-3660.21795
11		8001.0		19662.21795		-3660.21795
12		8001.0		19662.21795		-3660.21795
13		8001.0		19662.21795		-3660.21795
14		8001.0		19662.21795		-3660.21795
15		8001.0		19662.21795		-3660.21795
16		8001.0		19662.21795		-3660.21795
17		10001.0		20954.53842		-952.53842
18		10001.0		20954.53842		-952.53842
19		10001.0		20954.53842		-952.53842
20		12001.0		23661.87492		340.12508
21		12001.0		23661.87492		340.12508
22		12001.0		23661.87492		340.12508
23		14001.0		28966.69424		-964.69424
24		14001.0		28966.69424		-964.69424
25		14001.0		28966.69424		-964.69424
26		14001.0		28966.69424		-964.69424
27		16001.0		29564.48053		2437.51947
28		16001.0		29564.48053		2437.51947
29		16001.0		29564.48053		2437.51947
30		18001.0		32696.7138		3305.2862
31		20001.0		36733.00538		3268.99462
32		20001.0		36733.00538		3268.99462
33		22001.0		41390.58494		2611.41506
34		22001.0		41390.58494		2611.41506
35		24001.0		42546.94306		5455.05694
36		24001.0		42546.94306		5455.05694
37		24001.0		42546.94306		5455.05694
38		24001.0		42546.94306		5455.05694
39		24001.0		42546.94306		5455.05694
40		24001.0		42546.94306		5455.05694
41		24001.0		42546.94306		5455.05694
42		24001.0		42546.94306		5455.05694
43		30001.0		52803.19296		7198.80704
44		32001.0		56819.05802		7182.94198
45		32001.0		56819.05802		7182.94198
46		34001.0		56449.87534		11552.12466
47		34001.0		56449.87534		11552.12466
48		36001.0		56590.99767		15411.00233
49		36001.0		56590.99767		15411.00233
50		36001.0		56590.99767		15411.00233
51		36001.0		56590.99767		15411.00233
52		36001.0		56590.99767		15411.00233
53		36001.0		56590.99767		15411.00233
54		36001.0		56590.99767		15411.00233
55		38001.0		57390.27549		18611.72451
56		40001.0		61908.53304		18093.46696
57		40001.0		61908.53304		18093.46696
58		40001.0		61908.53304		18093.46696
59		40001.0		61908.53304		18093.46696
60		40001.0		61908.53304		18093.46696
61		40001.0		61908.53304		18093.46696
62		42001.0		66819.05802		17182.94198
63		46001.0		71768.18852		20233.81148
64		48001.0		77257.52071		18744.47929
65		50001.0		82863.44063		17138.55937
66		52001.0		85704.64971		18297.35029
67		52001.0		85704.64971		18297.35029
68		52001.0		85704.64971		18297.35029
69		54001.0		91202.23659		16799.76341
70		56001.0		96792.27363		15209.72637
71		58001.0		102452.36673		13549.63327
72		58001.0		102452.36673		13549.63327
73		58001.0		102452.36673		13549.63327
74		58001.0		102452.36673		13549.63327
75		58001.0		102452.36673		13549.63327
76		58001.0		102452.36673		13549.63327
77		58001.0		102452.36673		13549.63327
78		60001.0		102895.52184		17106.47816
79		62001.0		105543.34725		18458.65275
80		64001.0		111159.58357		16842.41643
81		64001.0		111159.58357		16842.41643
82		64001.0		111159.58357		16842.41643
83		64001.0		111159.58357		16842.41643
84		66001.0		111869.59496		20132.40504
85		66001.0		111869.59496		20132.40504
86		66001.0		111869.59496		20132.40504
87		70001.0		118166.54789		21835.45211
88		70001.0		118166.54789		21835.45211
89		70001.0		118166.54789		21835.45211
90		72001.0		118647.9292		25354.0708
91		72001.0		118647.9292		25354.0708
92		72001.0		118647.9292		25354.0708
93		72001.0		118647.9292		25354.0708
94		74001.0		121159.58357		26842.41643
95		74001.0		121159.58357		26842.41643
96		74001.0		121159.58357		26842.41643
97		74001.0		121159.58357		26842.41643
98		74001.0		121159.58357		26842.41643
99		74001.0		121159.58357		26842.41643
100		74001.0		121159.58357		26842.41643
101		74001.0		121159.58357		26842.41643
102		74001.0		121159.58357		26842.41643
103		76001.0		121869.81298		30132.18702
104		78001.0		122900.48779		33101.51221
105		78001.0		122900.48779		33101.51221
106		78001.0		122900.48779		33101.51221
107		80001.0		123359.50556		36642.49444
108		82001.0		124615.26996		39386.73004
109		82001.0		124615.26996		39386.73004
110		82001.0		124615.26996		39386.73004
111		82001.0		124615.26996		39386.73004
112		86001.0		132733.94346		39268.05654
113		86001.0		132733.94346		39268.05654
114		86001.0		132733.94346		39268.05654
115		86001.0		132733.94346		39268.05654
116		86001.0		132733.94346		39268.05654
117		86001.0		132733.94346		39268.05654
118		86001.0		132733.94346		39268.05654
119		88001.0		135497.98942		40504.01058
120		90001.0		136904.94444		43097.05556
121		90001.0		136904.94444		43097.05556
122		92001.0		139917.34381		44084.65619
123		94001.0		143234.85018		44767.14982
124		96001.0		146833.74539		45168.25461
125		96001.0		146833.74539		45168.25461
126		96001.0		146833.74539		45168.25461
127		100001.0		155498.38736		44503.61264
128		100001.0		155498.38736		44503.61264
129		100001.0		155498.38736		44503.61264
130		100001.0		155498.38736		44503.61264
131		100001.0		155498.38736		44503.61264
132		102001.0		160447.18041		43554.81959
133		104001.0		165514.83587		42487.16413
134		106001.0		166861.23335		45140.76665
135		108001.0		168465.73356		47536.26644
136		108001.0		168465.73356		47536.26644
137		110001.0		171968.5722		48033.4278
138		112001.0		173774.7485		50227.2515
139		116001.0		180684.90839		51317.09161
140		118001.0		182931.91717		53070.08283
141		118001.0		182931.91717		53070.08283
142		118001.0		182931.91717		53070.08283
143		118001.0		182931.91717		53070.08283
144		120001.0		182929.68983		57072.31017
145		122001.0		185373.20214		58628.79786
146		122001.0		185373.20214		58628.79786
147		122001.0		185373.20214		58628.79786
148		124001.0		188685.0939		59316.9061
149		126001.0		192212.9929		59789.0071
150		130001.0		200428.40947		59573.59053
151		132001.0		204222.99114		59779.00886
152		134001.0		208190.02887		59811.97113
153		140001.0		216682.15808		63319.84192
154		142001.0		220842.58804		63159.41196
155		144001.0		222893.40777		65108.59223
156		144001.0		222893.40777		65108.59223
157		144001.0		222893.40777		65108.59223
158		144001.0		222893.40777		65108.59223
159		144001.0		222893.40777		65108.59223
160		144001.0		222893.40777		65108.59223
161		144001.0		222893.40777		65108.59223
162		144001.0		222893.40777		65108.59223
163		144001.0		222893.40777		65108.59223
164		144001.0		222893.40777		65108.59223
165		146001.0		223098.39298		68903.60702
166		150001.0		226682.15808		73319.84192
167		150001.0		226682.15808		73319.84192
168		150001.0		226682.15808		73319.84192
169		150001.0		226682.15808		73319.84192
170		152001.0		226135.98502		77866.01498
171		154001.0		225722.62856		82279.37144
172		154001.0		225722.62856		82279.37144
173		154001.0		225722.62856		82279.37144
174		154001.0		225722.62856		82279.37144
175		154001.0		225722.62856		82279.37144
176		154001.0		225722.62856		82279.37144
177		156001.0		225743.29709		86258.70291
178		156001.0		225743.29709		86258.70291
179		156001.0		225743.29709		86258.70291
180		156001.0		225743.29709		86258.70291
181		156001.0		225743.29709		86258.70291
182		156001.0		225743.29709		86258.70291
183		156001.0		225743.29709		86258.70291
184		156001.0		225743.29709		86258.70291
185		156001.0		225743.29709		86258.70291
186		156001.0		225743.29709		86258.70291
187		156001.0		225743.29709		86258.70291
188		156001.0		225743.29709		86258.70291
189		156001.0		225743.29709		86258.70291
190		156001.0		225743.29709		86258.70291
191		156001.0		225743.29709		86258.70291
192		156001.0		225743.29709		86258.70291
193		156001.0		225743.29709		86258.70291
194		156001.0		225743.29709		86258.70291
195		158001.0		225942.03329		90059.96671
196		158001.0		225942.03329		90059.96671
197		158001.0		225942.03329		90059.96671
198		158001.0		225942.03329		90059.96671
199		158001.0		225942.03329		90059.96671
200		158001.0		225942.03329		90059.96671
201		160001.0		225422.55611		94579.44389
202		162001.0		225056.3408		98945.6592
203		162001.0		225056.3408		98945.6592
204		162001.0		225056.3408		98945.6592
205		162001.0		225056.3408		98945.6592
206		162001.0		225056.3408		98945.6592
207		162001.0		225056.3408		98945.6592
208		162001.0		225056.3408		98945.6592
209		162001.0		225056.3408		98945.6592
210		162001.0		225056.3408		98945.6592
211		162001.0		225056.3408		98945.6592
212		162001.0		225056.3408		98945.6592
213		162001.0		225056.3408		98945.6592
214		164001.0		229605.6645		98396.3355
215		164001.0		229605.6645		98396.3355
216		164001.0		229605.6645		98396.3355
217		166001.0		234294.25006		97707.74994
218		168001.0		239106.30222		96895.69778
219		170001.0		240711.53673		99290.46327
220		170001.0		240711.53673		99290.46327
221		172001.0		245594.31494		98407.68506
222		172001.0		245594.31494		98407.68506
223		172001.0		245594.31494		98407.68506
224		174001.0		245722.48914		102279.51086
225		176001.0		246029.33715		105972.66285
226		176001.0		246029.33715		105972.66285
227		176001.0		246029.33715		105972.66285
228		176001.0		246029.33715		105972.66285
229		178001.0		249666.64033		106335.35967
230		180001.0		253485.42014		106516.57986
231		180001.0		253485.42014		106516.57986
232		180001.0		253485.42014		106516.57986
233		180001.0		253485.42014		106516.57986
234		180001.0		253485.42014		106516.57986
235		180001.0		253485.42014		106516.57986
236		182001.0		253106.24597		110895.75403
237		182001.0		253106.24597		110895.75403
238		182001.0		253106.24597		110895.75403
239		182001.0		253106.24597		110895.75403
240		182001.0		253106.24597		110895.75403
241		182001.0		253106.24597		110895.75403
242		184001.0		257103.33925		110898.66075
243		184001.0		257103.33925		110898.66075
244		186001.0		261789.83825		110212.16175
245		188001.0		266588.17455		109413.82545
246		188001.0		266588.17455		109413.82545
247		188001.0		266588.17455		109413.82545
248		188001.0		266588.17455		109413.82545
249		188001.0		266588.17455		109413.82545
250		188001.0		266588.17455		109413.82545
