episode	mediator-random_cov_err_sq_T_mean	mediator-random_cov_err_sq_T_std_up	mediator-random_cov_err_sq_T_std_down
1		7.0177		7.0177		7.0177
2		7.0177		7.0177		7.0177
3		7.0177		7.0177		7.0177
4		7.0177		7.0177		7.0177
5		7.0177		7.0177		7.0177
6		7.0177		7.0177		7.0177
7		7.0177		7.0177		7.0177
8		7.0177		7.0177		7.0177
9		7.0177		7.0177		7.0177
10		7.0177		7.0177		7.0177
11		7.0177		7.0177		7.0177
12		7.0177		7.0177		7.0177
13		7.0177		7.0177		7.0177
14		7.0177		7.0177		7.0177
15		7.0177		7.0177		7.0177
16		7.0177		7.0177		7.0177
17		7.0177		7.0177		7.0177
18		7.0177		7.0177		7.0177
19		7.0177		7.0177		7.0177
20		7.0177		7.0177		7.0177
21		7.0177		7.0177		7.0177
22		7.0177		7.0177		7.0177
23		7.0177		7.0177		7.0177
24		7.0177		7.0177		7.0177
25		7.0177		7.0177		7.0177
26		7.0177		7.0177		7.0177
27		7.0177		7.0177		7.0177
28		7.0177		7.0177		7.0177
29		7.0177		7.0177		7.0177
30		7.0177		7.0177		7.0177
31		7.0177		7.0177		7.0177
32		7.0177		7.0177		7.0177
33		7.0177		7.0177		7.0177
34		7.0177		7.0177		7.0177
35		7.0177		7.0177		7.0177
36		7.0177		7.0177		7.0177
37		7.0177		7.0177		7.0177
38		7.0177		7.0177		7.0177
39		7.0177		7.0177		7.0177
40		7.0177		7.0177		7.0177
41		7.0177		7.0177		7.0177
42		7.0177		7.0177		7.0177
43		7.0177		7.0177		7.0177
44		7.0177		7.0177		7.0177
45		7.0177		7.0177		7.0177
46		7.0177		7.0177		7.0177
47		7.0177		7.0177		7.0177
48		7.0177		7.0177		7.0177
49		7.0177		7.0177		7.0177
50		7.0177		7.0177		7.0177
51		7.0177		7.0177		7.0177
52		7.0177		7.0177		7.0177
53		7.0177		7.0177		7.0177
54		7.0177		7.0177		7.0177
55		7.0177		7.0177		7.0177
56		7.0177		7.0177		7.0177
57		7.0177		7.0177		7.0177
58		7.0177		7.0177		7.0177
59		7.0177		7.0177		7.0177
60		7.0177		7.0177		7.0177
61		7.0177		7.0177		7.0177
62		7.0177		7.0177		7.0177
63		7.0177		7.0177		7.0177
64		7.0177		7.0177		7.0177
65		7.0177		7.0177		7.0177
66		7.0177		7.0177		7.0177
67		7.0177		7.0177		7.0177
68		7.0177		7.0177		7.0177
69		7.0177		7.0177		7.0177
70		7.0177		7.0177		7.0177
71		7.0177		7.0177		7.0177
72		7.0177		7.0177		7.0177
73		7.0177		7.0177		7.0177
74		7.0177		7.0177		7.0177
75		7.0177		7.0177		7.0177
76		7.0177		7.0177		7.0177
77		7.0177		7.0177		7.0177
78		7.0177		7.0177		7.0177
79		7.0177		7.0177		7.0177
80		7.0177		7.0177		7.0177
81		7.0177		7.0177		7.0177
82		7.0177		7.0177		7.0177
83		7.0177		7.0177		7.0177
84		7.0177		7.0177		7.0177
85		7.0177		7.0177		7.0177
86		7.0177		7.0177		7.0177
87		7.0177		7.0177		7.0177
88		7.0177		7.0177		7.0177
89		7.0177		7.0177		7.0177
90		7.0177		7.0177		7.0177
91		7.0177		7.0177		7.0177
92		7.0177		7.0177		7.0177
93		7.0177		7.0177		7.0177
94		7.0177		7.0177		7.0177
95		7.0177		7.0177		7.0177
96		7.0177		7.0177		7.0177
97		7.0177		7.0177		7.0177
98		7.0177		7.0177		7.0177
99		7.0177		7.0177		7.0177
100		7.0177		7.0177		7.0177
101		7.0177		7.0177		7.0177
102		7.0177		7.0177		7.0177
103		7.0177		7.0177		7.0177
104		7.0177		7.0177		7.0177
105		7.0177		7.0177		7.0177
106		7.0177		7.0177		7.0177
107		7.0177		7.0177		7.0177
108		7.0177		7.0177		7.0177
109		7.0177		7.0177		7.0177
110		7.0177		7.0177		7.0177
111		7.0177		7.0177		7.0177
112		7.0177		7.0177		7.0177
113		7.0177		7.0177		7.0177
114		7.0177		7.0177		7.0177
115		7.0177		7.0177		7.0177
116		7.0177		7.0177		7.0177
117		7.0177		7.0177		7.0177
118		7.0177		7.0177		7.0177
119		7.0177		7.0177		7.0177
120		7.0177		7.0177		7.0177
121		7.0177		7.0177		7.0177
122		7.0177		7.0177		7.0177
123		7.0177		7.0177		7.0177
124		7.0177		7.0177		7.0177
125		7.0177		7.0177		7.0177
126		7.0177		7.0177		7.0177
127		7.0177		7.0177		7.0177
128		7.0177		7.0177		7.0177
129		7.0177		7.0177		7.0177
130		7.0177		7.0177		7.0177
131		7.0177		7.0177		7.0177
132		7.0177		7.0177		7.0177
133		7.0177		7.0177		7.0177
134		7.0177		7.0177		7.0177
135		7.0177		7.0177		7.0177
136		7.0177		7.0177		7.0177
137		7.0177		7.0177		7.0177
138		7.0177		7.0177		7.0177
139		7.0177		7.0177		7.0177
140		7.0177		7.0177		7.0177
141		7.0177		7.0177		7.0177
142		7.0177		7.0177		7.0177
143		7.0177		7.0177		7.0177
144		7.0177		7.0177		7.0177
145		7.0177		7.0177		7.0177
146		7.0177		7.0177		7.0177
147		7.0177		7.0177		7.0177
148		7.0177		7.0177		7.0177
149		7.0177		7.0177		7.0177
150		7.0177		7.0177		7.0177
151		7.0177		7.0177		7.0177
152		7.0177		7.0177		7.0177
153		7.0177		7.0177		7.0177
154		7.0177		7.0177		7.0177
155		7.0177		7.0177		7.0177
156		7.0177		7.0177		7.0177
157		7.0177		7.0177		7.0177
158		7.0177		7.0177		7.0177
159		7.0177		7.0177		7.0177
160		7.0177		7.0177		7.0177
161		7.0177		7.0177		7.0177
162		7.0177		7.0177		7.0177
163		7.0177		7.0177		7.0177
164		7.0177		7.0177		7.0177
165		7.0177		7.0177		7.0177
166		7.0177		7.0177		7.0177
167		7.0177		7.0177		7.0177
168		7.0177		7.0177		7.0177
169		7.0177		7.0177		7.0177
170		7.0177		7.0177		7.0177
171		7.0177		7.0177		7.0177
172		7.0177		7.0177		7.0177
173		7.0177		7.0177		7.0177
174		7.0177		7.0177		7.0177
175		7.0177		7.0177		7.0177
176		7.0177		7.0177		7.0177
177		7.0177		7.0177		7.0177
178		7.0177		7.0177		7.0177
179		7.0177		7.0177		7.0177
180		7.0177		7.0177		7.0177
181		7.0177		7.0177		7.0177
182		7.0177		7.0177		7.0177
183		7.0177		7.0177		7.0177
184		7.0177		7.0177		7.0177
185		7.0177		7.0177		7.0177
186		7.0177		7.0177		7.0177
187		7.0177		7.0177		7.0177
188		7.0177		7.0177		7.0177
189		7.0177		7.0177		7.0177
190		7.0177		7.0177		7.0177
191		7.0177		7.0177		7.0177
192		7.0177		7.0177		7.0177
193		7.0177		7.0177		7.0177
194		7.0177		7.0177		7.0177
195		7.0177		7.0177		7.0177
196		7.0177		7.0177		7.0177
197		7.0177		7.0177		7.0177
198		7.0177		7.0177		7.0177
199		7.0177		7.0177		7.0177
200		7.0177		7.0177		7.0177
201		7.0177		7.0177		7.0177
202		7.0177		7.0177		7.0177
203		7.0177		7.0177		7.0177
204		7.0177		7.0177		7.0177
205		7.0177		7.0177		7.0177
206		7.0177		7.0177		7.0177
207		7.0177		7.0177		7.0177
208		7.0177		7.0177		7.0177
209		7.0177		7.0177		7.0177
210		7.0177		7.0177		7.0177
211		7.0177		7.0177		7.0177
212		7.0177		7.0177		7.0177
213		7.0177		7.0177		7.0177
214		7.0177		7.0177		7.0177
215		7.0177		7.0177		7.0177
216		7.0177		7.0177		7.0177
217		7.0177		7.0177		7.0177
218		7.0177		7.0177		7.0177
219		7.0177		7.0177		7.0177
220		7.0177		7.0177		7.0177
221		7.0177		7.0177		7.0177
222		7.0177		7.0177		7.0177
223		7.0177		7.0177		7.0177
224		7.0177		7.0177		7.0177
225		7.0177		7.0177		7.0177
226		7.0177		7.0177		7.0177
227		7.0177		7.0177		7.0177
228		7.0177		7.0177		7.0177
229		7.0177		7.0177		7.0177
230		7.0177		7.0177		7.0177
231		7.0177		7.0177		7.0177
232		7.0177		7.0177		7.0177
233		7.0177		7.0177		7.0177
234		7.0177		7.0177		7.0177
235		7.0177		7.0177		7.0177
236		7.0177		7.0177		7.0177
237		7.0177		7.0177		7.0177
238		7.0177		7.0177		7.0177
239		7.0177		7.0177		7.0177
240		7.0177		7.0177		7.0177
241		7.0177		7.0177		7.0177
242		7.0177		7.0177		7.0177
243		7.0177		7.0177		7.0177
244		7.0177		7.0177		7.0177
245		7.0177		7.0177		7.0177
246		7.0177		7.0177		7.0177
247		7.0177		7.0177		7.0177
248		7.0177		7.0177		7.0177
249		7.0177		7.0177		7.0177
250		7.0177		7.0177		7.0177
251		7.0177		7.0177		7.0177
252		7.0177		7.0177		7.0177
253		7.0177		7.0177		7.0177
254		7.0177		7.0177		7.0177
255		7.0177		7.0177		7.0177
256		7.0177		7.0177		7.0177
257		7.0177		7.0177		7.0177
258		7.0177		7.0177		7.0177
259		7.0177		7.0177		7.0177
260		7.0177		7.0177		7.0177
261		7.0177		7.0177		7.0177
262		7.0177		7.0177		7.0177
263		7.0177		7.0177		7.0177
264		7.0177		7.0177		7.0177
265		7.0177		7.0177		7.0177
266		7.0177		7.0177		7.0177
267		7.0177		7.0177		7.0177
268		7.0177		7.0177		7.0177
269		7.0177		7.0177		7.0177
270		7.0177		7.0177		7.0177
271		7.0177		7.0177		7.0177
272		7.0177		7.0177		7.0177
273		7.0177		7.0177		7.0177
274		7.0177		7.0177		7.0177
275		7.0177		7.0177		7.0177
276		7.0177		7.0177		7.0177
277		7.0177		7.0177		7.0177
278		7.0177		7.0177		7.0177
279		7.0177		7.0177		7.0177
280		7.0177		7.0177		7.0177
281		7.0177		7.0177		7.0177
282		7.0177		7.0177		7.0177
283		7.0177		7.0177		7.0177
284		7.0177		7.0177		7.0177
285		7.0177		7.0177		7.0177
286		7.0177		7.0177		7.0177
287		7.0177		7.0177		7.0177
288		7.0177		7.0177		7.0177
289		7.0177		7.0177		7.0177
290		7.0177		7.0177		7.0177
291		7.0177		7.0177		7.0177
292		7.0177		7.0177		7.0177
293		7.0177		7.0177		7.0177
294		7.0177		7.0177		7.0177
295		7.0177		7.0177		7.0177
296		7.0177		7.0177		7.0177
297		7.0177		7.0177		7.0177
298		7.0177		7.0177		7.0177
299		7.0177		7.0177		7.0177
300		7.0177		7.0177		7.0177
301		7.0177		7.0177		7.0177
302		7.0177		7.0177		7.0177
303		7.0177		7.0177		7.0177
304		7.0177		7.0177		7.0177
305		7.0177		7.0177		7.0177
306		7.0177		7.0177		7.0177
307		7.0177		7.0177		7.0177
308		7.0177		7.0177		7.0177
309		7.0177		7.0177		7.0177
310		7.0177		7.0177		7.0177
311		7.0177		7.0177		7.0177
312		7.0177		7.0177		7.0177
313		7.0177		7.0177		7.0177
314		7.0177		7.0177		7.0177
315		7.0177		7.0177		7.0177
316		7.0177		7.0177		7.0177
317		7.0177		7.0177		7.0177
318		7.0177		7.0177		7.0177
319		7.0177		7.0177		7.0177
320		7.0177		7.0177		7.0177
321		7.0177		7.0177		7.0177
322		7.0177		7.0177		7.0177
323		7.0177		7.0177		7.0177
324		7.0177		7.0177		7.0177
325		7.0177		7.0177		7.0177
326		7.0177		7.0177		7.0177
327		7.0177		7.0177		7.0177
328		7.0177		7.0177		7.0177
329		7.0177		7.0177		7.0177
330		7.0177		7.0177		7.0177
331		7.0177		7.0177		7.0177
332		7.0177		7.0177		7.0177
333		7.0177		7.0177		7.0177
334		7.0177		7.0177		7.0177
335		7.0177		7.0177		7.0177
336		7.0177		7.0177		7.0177
337		7.0177		7.0177		7.0177
338		7.0177		7.0177		7.0177
339		7.0177		7.0177		7.0177
340		7.0177		7.0177		7.0177
341		7.0177		7.0177		7.0177
342		7.0177		7.0177		7.0177
343		7.0177		7.0177		7.0177
344		7.0177		7.0177		7.0177
345		7.0177		7.0177		7.0177
346		7.0177		7.0177		7.0177
347		7.0177		7.0177		7.0177
348		7.0177		7.0177		7.0177
349		7.0177		7.0177		7.0177
350		7.0177		7.0177		7.0177
351		7.0177		7.0177		7.0177
352		7.0177		7.0177		7.0177
353		7.0177		7.0177		7.0177
354		7.0177		7.0177		7.0177
355		7.0177		7.0177		7.0177
356		7.0177		7.0177		7.0177
357		7.0177		7.0177		7.0177
358		7.0177		7.0177		7.0177
359		7.0177		7.0177		7.0177
360		7.0177		7.0177		7.0177
361		7.0177		7.0177		7.0177
362		7.0177		7.0177		7.0177
363		7.0177		7.0177		7.0177
364		7.0177		7.0177		7.0177
365		7.0177		7.0177		7.0177
366		7.0177		7.0177		7.0177
367		7.0177		7.0177		7.0177
368		7.0177		7.0177		7.0177
369		7.0177		7.0177		7.0177
370		7.0177		7.0177		7.0177
371		7.0177		7.0177		7.0177
372		7.0177		7.0177		7.0177
373		7.0177		7.0177		7.0177
374		7.0177		7.0177		7.0177
375		7.0177		7.0177		7.0177
376		7.0177		7.0177		7.0177
377		7.0177		7.0177		7.0177
378		7.0177		7.0177		7.0177
379		7.0177		7.0177		7.0177
380		7.0177		7.0177		7.0177
381		7.0177		7.0177		7.0177
382		7.0177		7.0177		7.0177
383		7.0177		7.0177		7.0177
384		7.0177		7.0177		7.0177
385		7.0177		7.0177		7.0177
386		7.0177		7.0177		7.0177
387		7.0177		7.0177		7.0177
388		7.0177		7.0177		7.0177
389		7.0177		7.0177		7.0177
390		7.0177		7.0177		7.0177
391		7.0177		7.0177		7.0177
392		7.0177		7.0177		7.0177
393		7.0177		7.0177		7.0177
394		7.0177		7.0177		7.0177
395		7.0177		7.0177		7.0177
396		7.0177		7.0177		7.0177
397		7.0177		7.0177		7.0177
398		7.0177		7.0177		7.0177
399		7.0177		7.0177		7.0177
400		7.0177		7.0177		7.0177
401		7.0177		7.0177		7.0177
402		7.0177		7.0177		7.0177
403		7.0177		7.0177		7.0177
404		7.0177		7.0177		7.0177
405		7.0177		7.0177		7.0177
406		7.0177		7.0177		7.0177
407		7.0177		7.0177		7.0177
408		7.0177		7.0177		7.0177
409		7.0177		7.0177		7.0177
410		7.0177		7.0177		7.0177
411		7.0177		7.0177		7.0177
412		7.0177		7.0177		7.0177
413		7.0177		7.0177		7.0177
414		7.0177		7.0177		7.0177
415		7.0177		7.0177		7.0177
416		7.0177		7.0177		7.0177
417		7.0177		7.0177		7.0177
418		7.0177		7.0177		7.0177
419		7.0177		7.0177		7.0177
420		7.0177		7.0177		7.0177
421		7.0177		7.0177		7.0177
422		7.0177		7.0177		7.0177
423		7.0177		7.0177		7.0177
424		7.0177		7.0177		7.0177
425		7.0177		7.0177		7.0177
426		7.0177		7.0177		7.0177
427		7.0177		7.0177		7.0177
428		7.0177		7.0177		7.0177
429		7.0177		7.0177		7.0177
430		7.0177		7.0177		7.0177
431		7.0177		7.0177		7.0177
432		7.0177		7.0177		7.0177
433		7.0177		7.0177		7.0177
434		7.0177		7.0177		7.0177
435		7.0177		7.0177		7.0177
436		7.0177		7.0177		7.0177
437		7.0177		7.0177		7.0177
438		7.0177		7.0177		7.0177
439		7.0177		7.0177		7.0177
440		7.0177		7.0177		7.0177
441		7.0177		7.0177		7.0177
442		7.0177		7.0177		7.0177
443		7.0177		7.0177		7.0177
444		7.0177		7.0177		7.0177
445		7.0177		7.0177		7.0177
446		7.0177		7.0177		7.0177
447		7.0177		7.0177		7.0177
448		7.0177		7.0177		7.0177
449		7.0177		7.0177		7.0177
450		7.0177		7.0177		7.0177
451		7.0177		7.0177		7.0177
452		7.0177		7.0177		7.0177
453		7.0177		7.0177		7.0177
454		7.0177		7.0177		7.0177
455		7.0177		7.0177		7.0177
456		7.0177		7.0177		7.0177
457		7.0177		7.0177		7.0177
458		7.0177		7.0177		7.0177
459		7.0177		7.0177		7.0177
460		7.0177		7.0177		7.0177
461		7.0177		7.0177		7.0177
462		7.0177		7.0177		7.0177
463		7.0177		7.0177		7.0177
464		7.0177		7.0177		7.0177
465		7.0177		7.0177		7.0177
466		7.0177		7.0177		7.0177
467		7.0177		7.0177		7.0177
468		7.0177		7.0177		7.0177
469		7.0177		7.0177		7.0177
470		7.0177		7.0177		7.0177
471		7.0177		7.0177		7.0177
472		7.0177		7.0177		7.0177
473		7.0177		7.0177		7.0177
474		7.0177		7.0177		7.0177
475		7.0177		7.0177		7.0177
476		7.0177		7.0177		7.0177
477		7.0177		7.0177		7.0177
478		7.0177		7.0177		7.0177
479		7.0177		7.0177		7.0177
480		7.0177		7.0177		7.0177
481		7.0177		7.0177		7.0177
482		7.0177		7.0177		7.0177
483		7.0177		7.0177		7.0177
484		7.0177		7.0177		7.0177
485		7.0177		7.0177		7.0177
486		7.0177		7.0177		7.0177
487		7.0177		7.0177		7.0177
488		7.0177		7.0177		7.0177
489		7.0177		7.0177		7.0177
490		7.0177		7.0177		7.0177
491		7.0177		7.0177		7.0177
492		7.0177		7.0177		7.0177
493		7.0177		7.0177		7.0177
494		7.0177		7.0177		7.0177
495		7.0177		7.0177		7.0177
496		7.0177		7.0177		7.0177
497		7.0177		7.0177		7.0177
498		7.0177		7.0177		7.0177
499		7.0177		7.0177		7.0177
500		7.0177		7.0177		7.0177
