step	mediator-random_reward_mean	mediator-random_reward_std_up	mediator-random_reward_std_down
1		3.0		5.44949		0.55051
2		7.0		11.0		3.0
3		12.0		16.0		8.0
4		17.0		21.0		13.0
5		22.0		26.0		18.0
6		27.0		31.0		23.0
7		32.0		36.0		28.0
8		37.0		41.0		33.0
9		42.0		46.0		38.0
10		47.0		51.0		43.0
11		52.0		56.0		48.0
12		57.0		61.0		53.0
13		62.0		66.0		58.0
14		67.0		71.0		63.0
15		72.0		76.0		68.0
16		77.0		81.0		73.0
17		82.0		86.0		78.0
18		87.0		91.0		83.0
19		92.0		96.0		88.0
20		97.0		101.0		93.0
21		102.0		106.0		98.0
22		107.0		111.0		103.0
23		112.0		116.0		108.0
24		117.0		121.0		113.0
25		122.0		126.0		118.0
26		127.0		131.0		123.0
27		132.0		136.0		128.0
28		137.0		141.0		133.0
29		142.0		146.0		138.0
30		147.0		151.0		143.0
31		152.0		156.0		148.0
32		157.0		161.0		153.0
33		162.0		166.0		158.0
34		167.0		171.0		163.0
35		172.0		176.0		168.0
36		177.0		181.0		173.0
37		182.0		186.0		178.0
38		187.0		191.0		183.0
39		192.0		196.0		188.0
40		197.0		201.0		193.0
41		202.0		206.0		198.0
42		207.0		211.0		203.0
43		212.0		216.0		208.0
44		217.0		221.0		213.0
45		222.0		226.0		218.0
46		227.0		231.0		223.0
47		232.0		236.0		228.0
48		237.0		241.0		233.0
49		242.0		246.0		238.0
50		247.0		251.0		243.0
51		252.0		256.0		248.0
52		257.0		261.0		253.0
53		262.0		266.0		258.0
54		267.0		271.0		263.0
55		272.0		276.0		268.0
56		277.0		281.0		273.0
57		282.0		286.0		278.0
58		287.0		291.0		283.0
59		292.0		296.0		288.0
60		297.0		301.0		293.0
61		302.0		306.0		298.0
62		307.0		311.0		303.0
63		312.0		316.0		308.0
64		317.0		321.0		313.0
65		322.0		326.0		318.0
66		327.0		331.0		323.0
67		332.0		336.0		328.0
68		337.0		341.0		333.0
69		342.0		346.0		338.0
70		347.0		351.0		343.0
71		352.0		356.0		348.0
72		357.0		361.0		353.0
73		362.0		366.0		358.0
74		367.0		371.0		363.0
75		372.0		376.0		368.0
76		377.0		381.0		373.0
77		382.0		386.0		378.0
78		387.0		391.0		383.0
79		392.0		396.0		388.0
80		397.0		401.0		393.0
81		402.0		406.0		398.0
82		407.0		411.0		403.0
83		412.0		416.0		408.0
84		417.0		421.0		413.0
85		422.0		426.0		418.0
86		427.0		431.0		423.0
87		432.0		436.0		428.0
88		437.0		441.0		433.0
89		442.0		446.0		438.0
90		447.0		451.0		443.0
91		452.0		456.0		448.0
92		457.0		461.0		453.0
93		462.0		466.0		458.0
94		467.0		471.0		463.0
95		472.0		476.0		468.0
96		477.0		481.0		473.0
97		482.0		486.0		478.0
98		487.0		491.0		483.0
99		492.0		496.0		488.0
100		497.0		501.0		493.0
101		502.0		506.0		498.0
102		507.0		511.0		503.0
103		512.0		516.0		508.0
104		517.0		521.0		513.0
105		522.0		526.0		518.0
106		527.0		531.0		523.0
107		532.0		536.0		528.0
108		537.0		541.0		533.0
109		542.0		546.0		538.0
110		547.0		551.0		543.0
111		552.0		556.0		548.0
112		557.0		561.0		553.0
113		562.0		566.0		558.0
114		567.0		571.0		563.0
115		572.0		576.0		568.0
116		577.0		581.0		573.0
117		582.0		586.0		578.0
118		587.0		591.0		583.0
119		592.0		596.0		588.0
120		597.0		601.0		593.0
121		602.0		606.0		598.0
122		607.0		611.0		603.0
123		612.0		616.0		608.0
124		617.0		621.0		613.0
125		622.0		626.0		618.0
126		627.0		631.0		623.0
127		632.0		636.0		628.0
128		637.0		641.0		633.0
129		642.0		646.0		638.0
130		647.0		651.0		643.0
131		652.0		656.0		648.0
132		657.0		661.0		653.0
133		662.0		666.0		658.0
134		667.0		671.0		663.0
135		672.0		676.0		668.0
136		677.0		681.0		673.0
137		682.0		686.0		678.0
138		687.0		691.0		683.0
139		692.0		696.0		688.0
140		697.0		701.0		693.0
141		702.0		706.0		698.0
142		707.0		711.0		703.0
143		712.0		716.0		708.0
144		717.0		721.0		713.0
145		722.0		726.0		718.0
146		727.0		731.0		723.0
147		732.0		736.0		728.0
148		737.0		741.0		733.0
149		742.0		746.0		738.0
150		747.0		751.0		743.0
151		752.0		756.0		748.0
152		757.0		761.0		753.0
153		762.0		766.0		758.0
154		767.0		771.0		763.0
155		772.0		776.0		768.0
156		777.0		781.0		773.0
157		782.0		786.0		778.0
158		787.0		791.0		783.0
159		792.0		796.0		788.0
160		797.0		801.0		793.0
161		802.0		806.0		798.0
162		807.0		811.0		803.0
163		812.0		816.0		808.0
164		817.0		821.0		813.0
165		822.0		826.0		818.0
166		827.0		831.0		823.0
167		832.0		836.0		828.0
168		837.0		841.0		833.0
169		842.0		846.0		838.0
170		847.0		851.0		843.0
171		852.0		856.0		848.0
172		857.0		861.0		853.0
173		862.0		866.0		858.0
174		867.0		871.0		863.0
175		872.0		876.0		868.0
176		877.0		881.0		873.0
177		882.0		886.0		878.0
178		887.0		891.0		883.0
179		892.0		896.0		888.0
180		897.0		901.0		893.0
181		902.0		906.0		898.0
182		907.0		911.0		903.0
183		912.0		916.0		908.0
184		917.0		921.0		913.0
185		922.0		926.0		918.0
186		927.0		931.0		923.0
187		932.0		936.0		928.0
188		937.0		941.0		933.0
189		942.0		946.0		938.0
190		947.0		951.0		943.0
191		952.0		956.0		948.0
192		957.0		961.0		953.0
193		962.0		966.0		958.0
194		967.0		971.0		963.0
195		972.0		976.0		968.0
196		977.0		981.0		973.0
197		982.0		986.0		978.0
198		987.0		991.0		983.0
199		992.0		996.0		988.0
200		997.0		1001.0		993.0
201		1002.0		1006.0		998.0
202		1007.0		1011.0		1003.0
203		1012.0		1016.0		1008.0
204		1017.0		1021.0		1013.0
205		1022.0		1026.0		1018.0
206		1027.0		1031.0		1023.0
207		1032.0		1036.0		1028.0
208		1037.0		1041.0		1033.0
209		1042.0		1046.0		1038.0
210		1047.0		1051.0		1043.0
211		1052.0		1056.0		1048.0
212		1057.0		1061.0		1053.0
213		1062.0		1066.0		1058.0
214		1067.0		1071.0		1063.0
215		1072.0		1076.0		1068.0
216		1077.0		1081.0		1073.0
217		1082.0		1086.0		1078.0
218		1087.0		1091.0		1083.0
219		1092.0		1096.0		1088.0
220		1097.0		1101.0		1093.0
221		1102.0		1106.0		1098.0
222		1107.0		1111.0		1103.0
223		1112.0		1116.0		1108.0
224		1117.0		1121.0		1113.0
225		1122.0		1126.0		1118.0
226		1127.0		1131.0		1123.0
227		1132.0		1136.0		1128.0
228		1137.0		1141.0		1133.0
229		1142.0		1146.0		1138.0
230		1147.0		1151.0		1143.0
231		1152.0		1156.0		1148.0
232		1157.0		1161.0		1153.0
233		1162.0		1166.0		1158.0
234		1167.0		1171.0		1163.0
235		1172.0		1176.0		1168.0
236		1177.0		1181.0		1173.0
237		1182.0		1186.0		1178.0
238		1187.0		1191.0		1183.0
239		1192.0		1196.0		1188.0
240		1197.0		1201.0		1193.0
241		1202.0		1206.0		1198.0
242		1207.0		1211.0		1203.0
243		1212.0		1216.0		1208.0
244		1217.0		1221.0		1213.0
245		1222.0		1226.0		1218.0
246		1227.0		1231.0		1223.0
247		1232.0		1236.0		1228.0
248		1237.0		1241.0		1233.0
249		1242.0		1246.0		1238.0
250		1247.0		1251.0		1243.0
