step	mediator-random_cov_err_sq_T_mean	mediator-random_cov_err_sq_T_std_up	mediator-random_cov_err_sq_T_std_down
1		7.13333		7.13333		7.13333
2		7.13333		7.13333		7.13333
3		7.13333		7.13333		7.13333
4		7.13333		7.13333		7.13333
5		7.13333		7.13333		7.13333
6		7.13333		7.13333		7.13333
7		7.13333		7.13333		7.13333
8		7.13333		7.13333		7.13333
9		7.13333		7.13333		7.13333
10		7.13333		7.13333		7.13333
11		7.13333		7.13333		7.13333
12		7.13333		7.13333		7.13333
13		7.13333		7.13333		7.13333
14		7.13333		7.13333		7.13333
15		7.13333		7.13333		7.13333
16		7.13333		7.13333		7.13333
17		7.13333		7.13333		7.13333
18		7.13333		7.13333		7.13333
19		7.13333		7.13333		7.13333
20		7.13333		7.13333		7.13333
21		7.13333		7.13333		7.13333
22		7.13333		7.13333		7.13333
23		7.13333		7.13333		7.13333
24		7.13333		7.13333		7.13333
25		7.13333		7.13333		7.13333
26		7.13333		7.13333		7.13333
27		7.13333		7.13333		7.13333
28		7.13333		7.13333		7.13333
29		7.13333		7.13333		7.13333
30		7.13333		7.13333		7.13333
31		7.13333		7.13333		7.13333
32		7.13333		7.13333		7.13333
33		7.13333		7.13333		7.13333
34		7.13333		7.13333		7.13333
35		7.13333		7.13333		7.13333
36		7.13333		7.13333		7.13333
37		7.13333		7.13333		7.13333
38		7.13333		7.13333		7.13333
39		7.13333		7.13333		7.13333
40		7.13333		7.13333		7.13333
41		7.13333		7.13333		7.13333
42		7.13333		7.13333		7.13333
43		7.13333		7.13333		7.13333
44		7.13333		7.13333		7.13333
45		7.13333		7.13333		7.13333
46		7.13333		7.13333		7.13333
47		7.13333		7.13333		7.13333
48		7.13333		7.13333		7.13333
49		7.13333		7.13333		7.13333
50		7.13333		7.13333		7.13333
51		7.13333		7.13333		7.13333
52		7.13333		7.13333		7.13333
53		7.13333		7.13333		7.13333
54		7.13333		7.13333		7.13333
55		7.13333		7.13333		7.13333
56		7.13333		7.13333		7.13333
57		7.13333		7.13333		7.13333
58		7.13333		7.13333		7.13333
59		7.13333		7.13333		7.13333
60		7.13333		7.13333		7.13333
61		7.13333		7.13333		7.13333
62		7.13333		7.13333		7.13333
63		7.13333		7.13333		7.13333
64		7.13333		7.13333		7.13333
65		7.13333		7.13333		7.13333
66		7.13333		7.13333		7.13333
67		7.13333		7.13333		7.13333
68		7.13333		7.13333		7.13333
69		7.13333		7.13333		7.13333
70		7.13333		7.13333		7.13333
71		7.13333		7.13333		7.13333
72		7.13333		7.13333		7.13333
73		7.13333		7.13333		7.13333
74		7.13333		7.13333		7.13333
75		7.13333		7.13333		7.13333
76		7.13333		7.13333		7.13333
77		7.13333		7.13333		7.13333
78		7.13333		7.13333		7.13333
79		7.13333		7.13333		7.13333
80		7.13333		7.13333		7.13333
81		7.13333		7.13333		7.13333
82		7.13333		7.13333		7.13333
83		7.13333		7.13333		7.13333
84		7.13333		7.13333		7.13333
85		7.13333		7.13333		7.13333
86		7.13333		7.13333		7.13333
87		7.13333		7.13333		7.13333
88		7.13333		7.13333		7.13333
89		7.13333		7.13333		7.13333
90		7.13333		7.13333		7.13333
91		7.13333		7.13333		7.13333
92		7.13333		7.13333		7.13333
93		7.13333		7.13333		7.13333
94		7.13333		7.13333		7.13333
95		7.13333		7.13333		7.13333
96		7.13333		7.13333		7.13333
97		7.13333		7.13333		7.13333
98		7.13333		7.13333		7.13333
99		7.13333		7.13333		7.13333
100		7.13333		7.13333		7.13333
101		7.13333		7.13333		7.13333
102		7.13333		7.13333		7.13333
103		7.13333		7.13333		7.13333
104		7.13333		7.13333		7.13333
105		7.13333		7.13333		7.13333
106		7.13333		7.13333		7.13333
107		7.13333		7.13333		7.13333
108		7.13333		7.13333		7.13333
109		7.13333		7.13333		7.13333
110		7.13333		7.13333		7.13333
111		7.13333		7.13333		7.13333
112		7.13333		7.13333		7.13333
113		7.13333		7.13333		7.13333
114		7.13333		7.13333		7.13333
115		7.13333		7.13333		7.13333
116		7.13333		7.13333		7.13333
117		7.13333		7.13333		7.13333
118		7.13333		7.13333		7.13333
119		7.13333		7.13333		7.13333
120		7.13333		7.13333		7.13333
121		7.13333		7.13333		7.13333
122		7.13333		7.13333		7.13333
123		7.13333		7.13333		7.13333
124		7.13333		7.13333		7.13333
125		7.13333		7.13333		7.13333
126		7.13333		7.13333		7.13333
127		7.13333		7.13333		7.13333
128		7.13333		7.13333		7.13333
129		7.13333		7.13333		7.13333
130		7.13333		7.13333		7.13333
131		7.13333		7.13333		7.13333
132		7.13333		7.13333		7.13333
133		7.13333		7.13333		7.13333
134		7.13333		7.13333		7.13333
135		7.13333		7.13333		7.13333
136		7.13333		7.13333		7.13333
137		7.13333		7.13333		7.13333
138		7.13333		7.13333		7.13333
139		7.13333		7.13333		7.13333
140		7.13333		7.13333		7.13333
141		7.13333		7.13333		7.13333
142		7.13333		7.13333		7.13333
143		7.13333		7.13333		7.13333
144		7.13333		7.13333		7.13333
145		7.13333		7.13333		7.13333
146		7.13333		7.13333		7.13333
147		7.13333		7.13333		7.13333
148		7.13333		7.13333		7.13333
149		7.13333		7.13333		7.13333
150		7.13333		7.13333		7.13333
151		7.13333		7.13333		7.13333
152		7.13333		7.13333		7.13333
153		7.13333		7.13333		7.13333
154		7.13333		7.13333		7.13333
155		7.13333		7.13333		7.13333
156		7.13333		7.13333		7.13333
157		7.13333		7.13333		7.13333
158		7.13333		7.13333		7.13333
159		7.13333		7.13333		7.13333
160		7.13333		7.13333		7.13333
161		7.13333		7.13333		7.13333
162		7.13333		7.13333		7.13333
163		7.13333		7.13333		7.13333
164		7.13333		7.13333		7.13333
165		7.13333		7.13333		7.13333
166		7.13333		7.13333		7.13333
167		7.13333		7.13333		7.13333
168		7.13333		7.13333		7.13333
169		7.13333		7.13333		7.13333
170		7.13333		7.13333		7.13333
171		7.13333		7.13333		7.13333
172		7.13333		7.13333		7.13333
173		7.13333		7.13333		7.13333
174		7.13333		7.13333		7.13333
175		7.13333		7.13333		7.13333
176		7.13333		7.13333		7.13333
177		7.13333		7.13333		7.13333
178		7.13333		7.13333		7.13333
179		7.13333		7.13333		7.13333
180		7.13333		7.13333		7.13333
181		7.13333		7.13333		7.13333
182		7.13333		7.13333		7.13333
183		7.13333		7.13333		7.13333
184		7.13333		7.13333		7.13333
185		7.13333		7.13333		7.13333
186		7.13333		7.13333		7.13333
187		7.13333		7.13333		7.13333
188		7.13333		7.13333		7.13333
189		7.13333		7.13333		7.13333
190		7.13333		7.13333		7.13333
191		7.13333		7.13333		7.13333
192		7.13333		7.13333		7.13333
193		7.13333		7.13333		7.13333
194		7.13333		7.13333		7.13333
195		7.13333		7.13333		7.13333
196		7.13333		7.13333		7.13333
197		7.13333		7.13333		7.13333
198		7.13333		7.13333		7.13333
199		7.13333		7.13333		7.13333
200		7.13333		7.13333		7.13333
201		7.13333		7.13333		7.13333
202		7.13333		7.13333		7.13333
203		7.13333		7.13333		7.13333
204		7.13333		7.13333		7.13333
205		7.13333		7.13333		7.13333
206		7.13333		7.13333		7.13333
207		7.13333		7.13333		7.13333
208		7.13333		7.13333		7.13333
209		7.13333		7.13333		7.13333
210		7.13333		7.13333		7.13333
211		7.13333		7.13333		7.13333
212		7.13333		7.13333		7.13333
213		7.13333		7.13333		7.13333
214		7.13333		7.13333		7.13333
215		7.13333		7.13333		7.13333
216		7.13333		7.13333		7.13333
217		7.13333		7.13333		7.13333
218		7.13333		7.13333		7.13333
219		7.13333		7.13333		7.13333
220		7.13333		7.13333		7.13333
221		7.13333		7.13333		7.13333
222		7.13333		7.13333		7.13333
223		7.13333		7.13333		7.13333
224		7.13333		7.13333		7.13333
225		7.13333		7.13333		7.13333
226		7.13333		7.13333		7.13333
227		7.13333		7.13333		7.13333
228		7.13333		7.13333		7.13333
229		7.13333		7.13333		7.13333
230		7.13333		7.13333		7.13333
231		7.13333		7.13333		7.13333
232		7.13333		7.13333		7.13333
233		7.13333		7.13333		7.13333
234		7.13333		7.13333		7.13333
235		7.13333		7.13333		7.13333
236		7.13333		7.13333		7.13333
237		7.13333		7.13333		7.13333
238		7.13333		7.13333		7.13333
239		7.13333		7.13333		7.13333
240		7.13333		7.13333		7.13333
241		7.13333		7.13333		7.13333
242		7.13333		7.13333		7.13333
243		7.13333		7.13333		7.13333
244		7.13333		7.13333		7.13333
245		7.13333		7.13333		7.13333
246		7.13333		7.13333		7.13333
247		7.13333		7.13333		7.13333
248		7.13333		7.13333		7.13333
249		7.13333		7.13333		7.13333
250		7.13333		7.13333		7.13333
