step	mediator-random_cov_err_sq_T_mean	mediator-random_cov_err_sq_T_std_up	mediator-random_cov_err_sq_T_std_down
1		6.91483		6.91483		6.91483
2		6.91483		6.91483		6.91483
3		6.91483		6.91483		6.91483
4		6.91483		6.91483		6.91483
5		6.91483		6.91483		6.91483
6		6.91483		6.91483		6.91483
7		6.91483		6.91483		6.91483
8		6.91483		6.91483		6.91483
9		6.91483		6.91483		6.91483
10		6.91483		6.91483		6.91483
11		6.91483		6.91483		6.91483
12		6.91483		6.91483		6.91483
13		6.91483		6.91483		6.91483
14		6.91483		6.91483		6.91483
15		6.91483		6.91483		6.91483
16		6.91483		6.91483		6.91483
17		6.91483		6.91483		6.91483
18		6.91483		6.91483		6.91483
19		6.91483		6.91483		6.91483
20		6.91483		6.91483		6.91483
21		6.91483		6.91483		6.91483
22		6.91483		6.91483		6.91483
23		6.91483		6.91483		6.91483
24		6.91483		6.91483		6.91483
25		6.91483		6.91483		6.91483
26		6.91483		6.91483		6.91483
27		6.91483		6.91483		6.91483
28		6.91483		6.91483		6.91483
29		6.91483		6.91483		6.91483
30		6.91483		6.91483		6.91483
31		6.91483		6.91483		6.91483
32		6.91483		6.91483		6.91483
33		6.91483		6.91483		6.91483
34		6.91483		6.91483		6.91483
35		6.91483		6.91483		6.91483
36		6.91483		6.91483		6.91483
37		6.91483		6.91483		6.91483
38		6.91483		6.91483		6.91483
39		6.91483		6.91483		6.91483
40		6.91483		6.91483		6.91483
41		6.91483		6.91483		6.91483
42		6.91483		6.91483		6.91483
43		6.91483		6.91483		6.91483
44		6.91483		6.91483		6.91483
45		6.91483		6.91483		6.91483
46		6.91483		6.91483		6.91483
47		6.91483		6.91483		6.91483
48		6.91483		6.91483		6.91483
49		6.91483		6.91483		6.91483
50		6.91483		6.91483		6.91483
51		6.91483		6.91483		6.91483
52		6.91483		6.91483		6.91483
53		6.91483		6.91483		6.91483
54		6.91483		6.91483		6.91483
55		6.91483		6.91483		6.91483
56		6.91483		6.91483		6.91483
57		6.91483		6.91483		6.91483
58		6.91483		6.91483		6.91483
59		6.91483		6.91483		6.91483
60		6.91483		6.91483		6.91483
61		6.91483		6.91483		6.91483
62		6.91483		6.91483		6.91483
63		6.91483		6.91483		6.91483
64		6.91483		6.91483		6.91483
65		6.91483		6.91483		6.91483
66		6.91483		6.91483		6.91483
67		6.91483		6.91483		6.91483
68		6.91483		6.91483		6.91483
69		6.91483		6.91483		6.91483
70		6.91483		6.91483		6.91483
71		6.91483		6.91483		6.91483
72		6.91483		6.91483		6.91483
73		6.91483		6.91483		6.91483
74		6.91483		6.91483		6.91483
75		6.91483		6.91483		6.91483
76		6.91483		6.91483		6.91483
77		6.91483		6.91483		6.91483
78		6.91483		6.91483		6.91483
79		6.91483		6.91483		6.91483
80		6.91483		6.91483		6.91483
81		6.91483		6.91483		6.91483
82		6.91483		6.91483		6.91483
83		6.91483		6.91483		6.91483
84		6.91483		6.91483		6.91483
85		6.91483		6.91483		6.91483
86		6.91483		6.91483		6.91483
87		6.91483		6.91483		6.91483
88		6.91483		6.91483		6.91483
89		6.91483		6.91483		6.91483
90		6.91483		6.91483		6.91483
91		6.91483		6.91483		6.91483
92		6.91483		6.91483		6.91483
93		6.91483		6.91483		6.91483
94		6.91483		6.91483		6.91483
95		6.91483		6.91483		6.91483
96		6.91483		6.91483		6.91483
97		6.91483		6.91483		6.91483
98		6.91483		6.91483		6.91483
99		6.91483		6.91483		6.91483
100		6.91483		6.91483		6.91483
101		6.91483		6.91483		6.91483
102		6.91483		6.91483		6.91483
103		6.91483		6.91483		6.91483
104		6.91483		6.91483		6.91483
105		6.91483		6.91483		6.91483
106		6.91483		6.91483		6.91483
107		6.91483		6.91483		6.91483
108		6.91483		6.91483		6.91483
109		6.91483		6.91483		6.91483
110		6.91483		6.91483		6.91483
111		6.91483		6.91483		6.91483
112		6.91483		6.91483		6.91483
113		6.91483		6.91483		6.91483
114		6.91483		6.91483		6.91483
115		6.91483		6.91483		6.91483
116		6.91483		6.91483		6.91483
117		6.91483		6.91483		6.91483
118		6.91483		6.91483		6.91483
119		6.91483		6.91483		6.91483
120		6.91483		6.91483		6.91483
121		6.91483		6.91483		6.91483
122		6.91483		6.91483		6.91483
123		6.91483		6.91483		6.91483
124		6.91483		6.91483		6.91483
125		6.91483		6.91483		6.91483
126		6.91483		6.91483		6.91483
127		6.91483		6.91483		6.91483
128		6.91483		6.91483		6.91483
129		6.91483		6.91483		6.91483
130		6.91483		6.91483		6.91483
131		6.91483		6.91483		6.91483
132		6.91483		6.91483		6.91483
133		6.91483		6.91483		6.91483
134		6.91483		6.91483		6.91483
135		6.91483		6.91483		6.91483
136		6.91483		6.91483		6.91483
137		6.91483		6.91483		6.91483
138		6.91483		6.91483		6.91483
139		6.91483		6.91483		6.91483
140		6.91483		6.91483		6.91483
141		6.91483		6.91483		6.91483
142		6.91483		6.91483		6.91483
143		6.91483		6.91483		6.91483
144		6.91483		6.91483		6.91483
145		6.91483		6.91483		6.91483
146		6.91483		6.91483		6.91483
147		6.91483		6.91483		6.91483
148		6.91483		6.91483		6.91483
149		6.91483		6.91483		6.91483
150		6.91483		6.91483		6.91483
151		6.91483		6.91483		6.91483
152		6.91483		6.91483		6.91483
153		6.91483		6.91483		6.91483
154		6.91483		6.91483		6.91483
155		6.91483		6.91483		6.91483
156		6.91483		6.91483		6.91483
157		6.91483		6.91483		6.91483
158		6.91483		6.91483		6.91483
159		6.91483		6.91483		6.91483
160		6.91483		6.91483		6.91483
161		6.91483		6.91483		6.91483
162		6.91483		6.91483		6.91483
163		6.91483		6.91483		6.91483
164		6.91483		6.91483		6.91483
165		6.91483		6.91483		6.91483
166		6.91483		6.91483		6.91483
167		6.91483		6.91483		6.91483
168		6.91483		6.91483		6.91483
169		6.91483		6.91483		6.91483
170		6.91483		6.91483		6.91483
171		6.91483		6.91483		6.91483
172		6.91483		6.91483		6.91483
173		6.91483		6.91483		6.91483
174		6.91483		6.91483		6.91483
175		6.91483		6.91483		6.91483
176		6.91483		6.91483		6.91483
177		6.91483		6.91483		6.91483
178		6.91483		6.91483		6.91483
179		6.91483		6.91483		6.91483
180		6.91483		6.91483		6.91483
181		6.91483		6.91483		6.91483
182		6.91483		6.91483		6.91483
183		6.91483		6.91483		6.91483
184		6.91483		6.91483		6.91483
185		6.91483		6.91483		6.91483
186		6.91483		6.91483		6.91483
187		6.91483		6.91483		6.91483
188		6.91483		6.91483		6.91483
189		6.91483		6.91483		6.91483
190		6.91483		6.91483		6.91483
191		6.91483		6.91483		6.91483
192		6.91483		6.91483		6.91483
193		6.91483		6.91483		6.91483
194		6.91483		6.91483		6.91483
195		6.91483		6.91483		6.91483
196		6.91483		6.91483		6.91483
197		6.91483		6.91483		6.91483
198		6.91483		6.91483		6.91483
199		6.91483		6.91483		6.91483
200		6.91483		6.91483		6.91483
201		6.91483		6.91483		6.91483
202		6.91483		6.91483		6.91483
203		6.91483		6.91483		6.91483
204		6.91483		6.91483		6.91483
205		6.91483		6.91483		6.91483
206		6.91483		6.91483		6.91483
207		6.91483		6.91483		6.91483
208		6.91483		6.91483		6.91483
209		6.91483		6.91483		6.91483
210		6.91483		6.91483		6.91483
211		6.91483		6.91483		6.91483
212		6.91483		6.91483		6.91483
213		6.91483		6.91483		6.91483
214		6.91483		6.91483		6.91483
215		6.91483		6.91483		6.91483
216		6.91483		6.91483		6.91483
217		6.91483		6.91483		6.91483
218		6.91483		6.91483		6.91483
219		6.91483		6.91483		6.91483
220		6.91483		6.91483		6.91483
221		6.91483		6.91483		6.91483
222		6.91483		6.91483		6.91483
223		6.91483		6.91483		6.91483
224		6.91483		6.91483		6.91483
225		6.91483		6.91483		6.91483
226		6.91483		6.91483		6.91483
227		6.91483		6.91483		6.91483
228		6.91483		6.91483		6.91483
229		6.91483		6.91483		6.91483
230		6.91483		6.91483		6.91483
231		6.91483		6.91483		6.91483
232		6.91483		6.91483		6.91483
233		6.91483		6.91483		6.91483
234		6.91483		6.91483		6.91483
235		6.91483		6.91483		6.91483
236		6.91483		6.91483		6.91483
237		6.91483		6.91483		6.91483
238		6.91483		6.91483		6.91483
239		6.91483		6.91483		6.91483
240		6.91483		6.91483		6.91483
241		6.91483		6.91483		6.91483
242		6.91483		6.91483		6.91483
243		6.91483		6.91483		6.91483
244		6.91483		6.91483		6.91483
245		6.91483		6.91483		6.91483
246		6.91483		6.91483		6.91483
247		6.91483		6.91483		6.91483
248		6.91483		6.91483		6.91483
249		6.91483		6.91483		6.91483
250		6.91483		6.91483		6.91483
