episode	mediator-random_reward_mean	mediator-random_reward_std_up	mediator-random_reward_std_down
1		0.0		0.0		0.0
2		0.0		0.0		0.0
3		0.0		0.0		0.0
4		0.0		0.0		0.0
5		0.0		0.0		0.0
6		2000.0		6000.0		-2000.0
7		2000.0		6000.0		-2000.0
8		2000.0		6000.0		-2000.0
9		2000.0		6000.0		-2000.0
10		2000.0		6000.0		-2000.0
11		2000.0		6000.0		-2000.0
12		2000.0		6000.0		-2000.0
13		2000.0		6000.0		-2000.0
14		2000.0		6000.0		-2000.0
15		2000.0		6000.0		-2000.0
16		2000.0		6000.0		-2000.0
17		2000.0		6000.0		-2000.0
18		2000.0		6000.0		-2000.0
19		4000.0		8898.97949		-898.97949
20		4000.0		8898.97949		-898.97949
21		4000.0		8898.97949		-898.97949
22		6000.0		14000.0		-2000.0
23		8000.0		17797.95897		-1797.95897
24		10000.0		22649.11064		-2649.11064
25		12000.0		23661.90379		338.09621
26		12000.0		23661.90379		338.09621
27		12000.0		23661.90379		338.09621
28		12000.0		23661.90379		338.09621
29		14000.0		27564.65997		435.34003
30		16000.0		32248.07681		-248.07681
31		18000.0		37390.71943		-1390.71943
32		20000.0		37888.54382		2111.45618
33		20000.0		37888.54382		2111.45618
34		20000.0		37888.54382		2111.45618
35		20000.0		37888.54382		2111.45618
36		20000.0		37888.54382		2111.45618
37		20000.0		37888.54382		2111.45618
38		22000.0		41390.71943		2609.28057
39		22000.0		41390.71943		2609.28057
40		22000.0		41390.71943		2609.28057
41		22000.0		41390.71943		2609.28057
42		22000.0		41390.71943		2609.28057
43		22000.0		41390.71943		2609.28057
44		22000.0		41390.71943		2609.28057
45		22000.0		41390.71943		2609.28057
46		22000.0		41390.71943		2609.28057
47		24000.0		46449.94432		1550.05568
48		24000.0		46449.94432		1550.05568
49		24000.0		46449.94432		1550.05568
50		24000.0		46449.94432		1550.05568
51		24000.0		46449.94432		1550.05568
52		26000.0		46591.26028		5408.73972
53		28000.0		50271.05745		5728.94255
54		28000.0		50271.05745		5728.94255
55		28000.0		50271.05745		5728.94255
56		30000.0		50976.17696		9023.82304
57		30000.0		50976.17696		9023.82304
58		30000.0		50976.17696		9023.82304
59		30000.0		50976.17696		9023.82304
60		30000.0		50976.17696		9023.82304
61		32000.0		55151.67381		8848.32619
62		34000.0		59768.19745		8231.80255
63		34000.0		59768.19745		8231.80255
64		34000.0		59768.19745		8231.80255
65		34000.0		59768.19745		8231.80255
66		34000.0		59768.19745		8231.80255
67		34000.0		59768.19745		8231.80255
68		34000.0		59768.19745		8231.80255
69		38000.0		64381.81192		11618.18808
70		40000.0		65298.22128		14701.77872
71		40000.0		65298.22128		14701.77872
72		40000.0		65298.22128		14701.77872
73		40000.0		65298.22128		14701.77872
74		40000.0		65298.22128		14701.77872
75		40000.0		65298.22128		14701.77872
76		40000.0		65298.22128		14701.77872
77		40000.0		65298.22128		14701.77872
78		40000.0		65298.22128		14701.77872
79		42000.0		69856.77655		14143.22345
80		42000.0		69856.77655		14143.22345
81		42000.0		69856.77655		14143.22345
82		42000.0		69856.77655		14143.22345
83		42000.0		69856.77655		14143.22345
84		44000.0		69768.19745		18231.80255
85		46000.0		70166.09195		21833.90805
86		48000.0		71151.67381		24848.32619
87		48000.0		71151.67381		24848.32619
88		50000.0		75298.22128		24701.77872
89		56000.0		81768.19745		30231.80255
90		56000.0		81768.19745		30231.80255
91		56000.0		81768.19745		30231.80255
92		56000.0		81768.19745		30231.80255
93		60000.0		90331.50178		29668.49822
94		62000.0		94496.15362		29503.84638
95		64000.0		98985.71137		29014.28863
96		66000.0		103735.92453		28264.07547
97		68000.0		108693.9799		27306.0201
98		70000.0		113817.8046		26182.1954
99		70000.0		113817.8046		26182.1954
100		72000.0		115081.31846		28918.68154
101		72000.0		115081.31846		28918.68154
102		72000.0		115081.31846		28918.68154
103		72000.0		115081.31846		28918.68154
104		72000.0		115081.31846		28918.68154
105		72000.0		115081.31846		28918.68154
106		72000.0		115081.31846		28918.68154
107		76000.0		120988.88752		31011.11248
108		80000.0		127328.63826		32671.36174
109		82000.0		132754.31016		31245.68984
110		84000.0		138258.63987		29741.36013
111		84000.0		138258.63987		29741.36013
112		84000.0		138258.63987		29741.36013
113		84000.0		138258.63987		29741.36013
114		84000.0		138258.63987		29741.36013
115		84000.0		138258.63987		29741.36013
116		84000.0		138258.63987		29741.36013
117		84000.0		138258.63987		29741.36013
118		84000.0		138258.63987		29741.36013
119		86000.0		143827.32918		28172.67082
120		88000.0		143641.71097		32358.28903
121		88000.0		143641.71097		32358.28903
122		88000.0		143641.71097		32358.28903
123		88000.0		143641.71097		32358.28903
124		90000.0		146213.87729		33786.12271
125		92000.0		149061.37047		34938.62953
126		94000.0		152172.15829		35827.84171
127		96000.0		155531.50426		36468.49574
128		98000.0		159122.82716		36877.17284
129		98000.0		159122.82716		36877.17284
130		98000.0		159122.82716		36877.17284
131		100000.0		162928.53089		37071.46911
132		100000.0		162928.53089		37071.46911
133		100000.0		162928.53089		37071.46911
134		100000.0		162928.53089		37071.46911
135		100000.0		162928.53089		37071.46911
136		100000.0		162928.53089		37071.46911
137		102000.0		163773.78085		40226.21915
138		102000.0		163773.78085		40226.21915
139		102000.0		163773.78085		40226.21915
140		102000.0		163773.78085		40226.21915
141		102000.0		163773.78085		40226.21915
142		102000.0		163773.78085		40226.21915
143		102000.0		163773.78085		40226.21915
144		102000.0		163773.78085		40226.21915
145		102000.0		163773.78085		40226.21915
146		104000.0		168683.84652		39316.15348
147		104000.0		168683.84652		39316.15348
148		104000.0		168683.84652		39316.15348
149		104000.0		168683.84652		39316.15348
150		104000.0		168683.84652		39316.15348
151		104000.0		168683.84652		39316.15348
152		104000.0		168683.84652		39316.15348
153		104000.0		168683.84652		39316.15348
154		104000.0		168683.84652		39316.15348
155		104000.0		168683.84652		39316.15348
156		104000.0		168683.84652		39316.15348
157		104000.0		168683.84652		39316.15348
158		104000.0		168683.84652		39316.15348
159		104000.0		168683.84652		39316.15348
160		104000.0		168683.84652		39316.15348
161		104000.0		168683.84652		39316.15348
162		104000.0		168683.84652		39316.15348
163		104000.0		168683.84652		39316.15348
164		104000.0		168683.84652		39316.15348
165		104000.0		168683.84652		39316.15348
166		104000.0		168683.84652		39316.15348
167		104000.0		168683.84652		39316.15348
168		104000.0		168683.84652		39316.15348
169		104000.0		168683.84652		39316.15348
170		104000.0		168683.84652		39316.15348
171		104000.0		168683.84652		39316.15348
172		106000.0		173705.24352		38294.75648
173		106000.0		173705.24352		38294.75648
174		106000.0		173705.24352		38294.75648
175		106000.0		173705.24352		38294.75648
176		106000.0		173705.24352		38294.75648
177		108000.0		174452.9909		41547.0091
178		110000.0		175421.70894		44578.29106
179		110000.0		175421.70894		44578.29106
180		110000.0		175421.70894		44578.29106
181		112000.0		175055.53108		48944.46892
182		112000.0		175055.53108		48944.46892
183		112000.0		175055.53108		48944.46892
184		114000.0		174860.49622		53139.50378
185		116000.0		175531.50426		56468.49574
186		118000.0		176446.55678		59553.44322
187		120000.0		177619.44116		62380.55884
188		120000.0		177619.44116		62380.55884
189		120000.0		177619.44116		62380.55884
190		120000.0		177619.44116		62380.55884
191		120000.0		177619.44116		62380.55884
192		120000.0		177619.44116		62380.55884
193		120000.0		177619.44116		62380.55884
194		120000.0		177619.44116		62380.55884
195		120000.0		177619.44116		62380.55884
196		120000.0		177619.44116		62380.55884
197		120000.0		177619.44116		62380.55884
198		120000.0		177619.44116		62380.55884
199		122000.0		182794.73661		61205.26339
200		126000.0		187514.226		64485.774
201		128000.0		189122.82716		66877.17284
202		128000.0		189122.82716		66877.17284
203		128000.0		189122.82716		66877.17284
204		128000.0		189122.82716		66877.17284
205		128000.0		189122.82716		66877.17284
206		128000.0		189122.82716		66877.17284
207		128000.0		189122.82716		66877.17284
208		132000.0		193773.78085		70226.21915
209		134000.0		193531.50426		74468.49574
210		136000.0		193480.43145		78519.56855
211		136000.0		193480.43145		78519.56855
212		136000.0		193480.43145		78519.56855
213		138000.0		198794.73661		77205.26339
214		138000.0		198794.73661		77205.26339
215		140000.0		198991.52482		81008.47518
216		142000.0		199410.80038		84589.19962
217		142000.0		199410.80038		84589.19962
218		142000.0		199410.80038		84589.19962
219		142000.0		199410.80038		84589.19962
220		142000.0		199410.80038		84589.19962
221		142000.0		199410.80038		84589.19962
222		144000.0		204860.49622		83139.50378
223		144000.0		204860.49622		83139.50378
224		144000.0		204860.49622		83139.50378
225		144000.0		204860.49622		83139.50378
226		144000.0		204860.49622		83139.50378
227		144000.0		204860.49622		83139.50378
228		144000.0		204860.49622		83139.50378
229		144000.0		204860.49622		83139.50378
230		144000.0		204860.49622		83139.50378
231		144000.0		204860.49622		83139.50378
232		144000.0		204860.49622		83139.50378
233		146000.0		206199.66777		85800.33223
234		146000.0		206199.66777		85800.33223
235		146000.0		206199.66777		85800.33223
236		146000.0		206199.66777		85800.33223
237		148000.0		206103.35619		89896.64381
238		148000.0		206103.35619		89896.64381
239		148000.0		206103.35619		89896.64381
240		148000.0		206103.35619		89896.64381
241		150000.0		206568.54249		93431.45751
242		152000.0		209410.80038		94589.19962
243		152000.0		209410.80038		94589.19962
244		154000.0		210780.27827		97219.72173
245		154000.0		210780.27827		97219.72173
246		154000.0		210780.27827		97219.72173
247		154000.0		210780.27827		97219.72173
248		156000.0		210626.00113		101373.99887
249		158000.0		210687.75949		105312.24051
250		158000.0		210687.75949		105312.24051
251		160000.0		216213.87729		103786.12271
252		162000.0		219061.37047		104938.62953
253		164000.0		222172.15829		105827.84171
254		164000.0		222172.15829		105827.84171
255		164000.0		222172.15829		105827.84171
256		164000.0		222172.15829		105827.84171
257		164000.0		222172.15829		105827.84171
258		164000.0		222172.15829		105827.84171
259		164000.0		222172.15829		105827.84171
260		164000.0		222172.15829		105827.84171
261		164000.0		222172.15829		105827.84171
262		166000.0		222426.94392		109573.05608
263		168000.0		222918.12087		113081.87913
264		170000.0		223665.63146		116334.36854
265		172000.0		224687.75949		119312.24051
266		172000.0		224687.75949		119312.24051
267		174000.0		230071.38308		117928.61692
268		176000.0		235531.50426		116468.49574
269		176000.0		235531.50426		116468.49574
270		176000.0		235531.50426		116468.49574
271		176000.0		235531.50426		116468.49574
272		176000.0		235531.50426		116468.49574
273		176000.0		235531.50426		116468.49574
274		176000.0		235531.50426		116468.49574
275		176000.0		235531.50426		116468.49574
276		176000.0		235531.50426		116468.49574
277		176000.0		235531.50426		116468.49574
278		176000.0		235531.50426		116468.49574
279		178000.0		236446.55678		119553.44322
280		178000.0		236446.55678		119553.44322
281		178000.0		236446.55678		119553.44322
282		178000.0		236446.55678		119553.44322
283		178000.0		236446.55678		119553.44322
284		180000.0		237619.44116		122380.55884
285		180000.0		237619.44116		122380.55884
286		180000.0		237619.44116		122380.55884
287		182000.0		240446.55678		123553.44322
288		182000.0		240446.55678		123553.44322
289		182000.0		240446.55678		123553.44322
290		182000.0		240446.55678		123553.44322
291		184000.0		243531.50426		124468.49574
292		184000.0		243531.50426		124468.49574
293		184000.0		243531.50426		124468.49574
294		184000.0		243531.50426		124468.49574
295		184000.0		243531.50426		124468.49574
296		184000.0		243531.50426		124468.49574
297		184000.0		243531.50426		124468.49574
298		184000.0		243531.50426		124468.49574
299		184000.0		243531.50426		124468.49574
300		184000.0		243531.50426		124468.49574
301		184000.0		243531.50426		124468.49574
302		186000.0		248801.27387		123198.72613
303		186000.0		248801.27387		123198.72613
304		186000.0		248801.27387		123198.72613
305		186000.0		248801.27387		123198.72613
306		188000.0		254151.34163		121848.65837
307		188000.0		254151.34163		121848.65837
308		188000.0		254151.34163		121848.65837
309		188000.0		254151.34163		121848.65837
310		190000.0		255421.70894		124578.29106
311		190000.0		255421.70894		124578.29106
312		190000.0		255421.70894		124578.29106
313		190000.0		255421.70894		124578.29106
314		192000.0		256311.74076		127688.25924
315		192000.0		256311.74076		127688.25924
316		192000.0		256311.74076		127688.25924
317		192000.0		256311.74076		127688.25924
318		194000.0		261705.24352		126294.75648
319		196000.0		263111.84694		128888.15306
320		196000.0		263111.84694		128888.15306
321		196000.0		263111.84694		128888.15306
322		196000.0		263111.84694		128888.15306
323		196000.0		263111.84694		128888.15306
324		196000.0		263111.84694		128888.15306
325		196000.0		263111.84694		128888.15306
326		196000.0		263111.84694		128888.15306
327		198000.0		268540.76835		127459.23165
328		200000.0		268117.54546		131882.45454
329		200000.0		268117.54546		131882.45454
330		200000.0		268117.54546		131882.45454
331		200000.0		268117.54546		131882.45454
332		200000.0		268117.54546		131882.45454
333		202000.0		269052.21846		134947.78154
334		206000.0		272813.17235		139186.82765
335		206000.0		272813.17235		139186.82765
336		210000.0		273560.99433		146439.00567
337		210000.0		273560.99433		146439.00567
338		210000.0		273560.99433		146439.00567
339		210000.0		273560.99433		146439.00567
340		210000.0		273560.99433		146439.00567
341		210000.0		273560.99433		146439.00567
342		210000.0		273560.99433		146439.00567
343		214000.0		274530.9838		153469.0162
344		214000.0		274530.9838		153469.0162
345		216000.0		280062.46951		151937.53049
346		218000.0		285646.1381		150353.8619
347		220000.0		291274.11872		148725.88128
348		220000.0		291274.11872		148725.88128
349		220000.0		291274.11872		148725.88128
350		222000.0		296939.97598		147060.02402
351		222000.0		296939.97598		147060.02402
352		222000.0		296939.97598		147060.02402
353		222000.0		296939.97598		147060.02402
354		224000.0		302638.41301		145361.58699
355		226000.0		308365.04113		143634.95887
356		226000.0		308365.04113		143634.95887
357		226000.0		308365.04113		143634.95887
358		226000.0		308365.04113		143634.95887
359		226000.0		308365.04113		143634.95887
360		226000.0		308365.04113		143634.95887
361		226000.0		308365.04113		143634.95887
362		226000.0		308365.04113		143634.95887
363		226000.0		308365.04113		143634.95887
364		228000.0		309338.79763		146661.20237
365		228000.0		309338.79763		146661.20237
366		228000.0		309338.79763		146661.20237
367		228000.0		309338.79763		146661.20237
368		228000.0		309338.79763		146661.20237
369		230000.0		309246.45102		150753.54898
370		234000.0		310315.13611		157684.86389
371		236000.0		310458.04188		161541.95812
372		236000.0		310458.04188		161541.95812
373		236000.0		310458.04188		161541.95812
374		236000.0		310458.04188		161541.95812
375		236000.0		310458.04188		161541.95812
376		236000.0		310458.04188		161541.95812
377		236000.0		310458.04188		161541.95812
378		236000.0		310458.04188		161541.95812
379		236000.0		310458.04188		161541.95812
380		236000.0		310458.04188		161541.95812
381		238000.0		316332.62411		159667.37589
382		238000.0		316332.62411		159667.37589
383		240000.0		317459.66692		162540.33308
384		240000.0		317459.66692		162540.33308
385		240000.0		317459.66692		162540.33308
386		240000.0		317459.66692		162540.33308
387		240000.0		317459.66692		162540.33308
388		240000.0		317459.66692		162540.33308
389		240000.0		317459.66692		162540.33308
390		240000.0		317459.66692		162540.33308
391		240000.0		317459.66692		162540.33308
392		242000.0		318785.41528		165214.58472
393		242000.0		318785.41528		165214.58472
394		242000.0		318785.41528		165214.58472
395		242000.0		318785.41528		165214.58472
396		242000.0		318785.41528		165214.58472
397		242000.0		318785.41528		165214.58472
398		242000.0		318785.41528		165214.58472
399		242000.0		318785.41528		165214.58472
400		242000.0		318785.41528		165214.58472
401		242000.0		318785.41528		165214.58472
402		242000.0		318785.41528		165214.58472
403		242000.0		318785.41528		165214.58472
404		242000.0		318785.41528		165214.58472
405		242000.0		318785.41528		165214.58472
406		242000.0		318785.41528		165214.58472
407		242000.0		318785.41528		165214.58472
408		242000.0		318785.41528		165214.58472
409		242000.0		318785.41528		165214.58472
410		242000.0		318785.41528		165214.58472
411		242000.0		318785.41528		165214.58472
412		242000.0		318785.41528		165214.58472
413		244000.0		320315.13611		167684.86389
414		244000.0		320315.13611		167684.86389
415		246000.0		326149.85964		165850.14036
416		248000.0		332000.0		164000.0
417		252000.0		339498.57142		164501.42858
418		254000.0		345345.49797		162654.50203
419		256000.0		346244.11338		165755.88662
420		258000.0		347308.45425		168691.54575
421		258000.0		347308.45425		168691.54575
422		260000.0		348769.36408		171230.63592
423		262000.0		350408.14442		173591.85558
424		262000.0		350408.14442		173591.85558
425		262000.0		350408.14442		173591.85558
426		262000.0		350408.14442		173591.85558
427		262000.0		350408.14442		173591.85558
428		262000.0		350408.14442		173591.85558
429		262000.0		350408.14442		173591.85558
430		262000.0		350408.14442		173591.85558
431		262000.0		350408.14442		173591.85558
432		262000.0		350408.14442		173591.85558
433		262000.0		350408.14442		173591.85558
434		262000.0		350408.14442		173591.85558
435		262000.0		350408.14442		173591.85558
436		262000.0		350408.14442		173591.85558
437		262000.0		350408.14442		173591.85558
438		262000.0		350408.14442		173591.85558
439		262000.0		350408.14442		173591.85558
440		262000.0		350408.14442		173591.85558
441		262000.0		350408.14442		173591.85558
442		262000.0		350408.14442		173591.85558
443		262000.0		350408.14442		173591.85558
444		262000.0		350408.14442		173591.85558
445		262000.0		350408.14442		173591.85558
446		262000.0		350408.14442		173591.85558
447		262000.0		350408.14442		173591.85558
448		262000.0		350408.14442		173591.85558
449		262000.0		350408.14442		173591.85558
450		262000.0		350408.14442		173591.85558
451		262000.0		350408.14442		173591.85558
452		262000.0		350408.14442		173591.85558
453		262000.0		350408.14442		173591.85558
454		262000.0		350408.14442		173591.85558
455		262000.0		350408.14442		173591.85558
456		262000.0		350408.14442		173591.85558
457		266000.0		353772.43303		178227.56697
458		270000.0		357407.09353		182592.90647
459		272000.0		358348.13258		185651.86742
460		272000.0		358348.13258		185651.86742
461		274000.0		360162.63691		187837.36309
462		274000.0		360162.63691		187837.36309
463		274000.0		360162.63691		187837.36309
464		274000.0		360162.63691		187837.36309
465		274000.0		360162.63691		187837.36309
466		274000.0		360162.63691		187837.36309
467		274000.0		360162.63691		187837.36309
468		274000.0		360162.63691		187837.36309
469		274000.0		360162.63691		187837.36309
470		274000.0		360162.63691		187837.36309
471		274000.0		360162.63691		187837.36309
472		274000.0		360162.63691		187837.36309
473		274000.0		360162.63691		187837.36309
474		274000.0		360162.63691		187837.36309
475		274000.0		360162.63691		187837.36309
476		274000.0		360162.63691		187837.36309
477		274000.0		360162.63691		187837.36309
478		274000.0		360162.63691		187837.36309
479		274000.0		360162.63691		187837.36309
480		274000.0		360162.63691		187837.36309
481		276000.0		362162.63691		189837.36309
482		278000.0		364348.13258		191651.86742
483		278000.0		364348.13258		191651.86742
484		278000.0		364348.13258		191651.86742
485		278000.0		364348.13258		191651.86742
486		278000.0		364348.13258		191651.86742
487		280000.0		366717.93355		193282.06645
488		280000.0		366717.93355		193282.06645
489		280000.0		366717.93355		193282.06645
490		282000.0		369269.69692		194730.30308
491		284000.0		374686.27239		193313.72761
492		284000.0		374686.27239		193313.72761
493		284000.0		374686.27239		193313.72761
494		284000.0		374686.27239		193313.72761
495		284000.0		374686.27239		193313.72761
496		284000.0		374686.27239		193313.72761
497		286000.0		380148.81837		191851.18163
498		288000.0		385652.44493		190347.55507
499		288000.0		385652.44493		190347.55507
500		288000.0		385652.44493		190347.55507
