step	mediator-random_reward_mean	mediator-random_reward_std_up	mediator-random_reward_std_down
1		2.0		4.44949		-0.44949
2		6.0		9.74166		2.25834
3		11.0		14.74166		7.25834
4		16.0		19.74166		12.25834
5		21.0		24.74166		17.25834
6		26.0		29.74166		22.25834
7		31.0		34.74166		27.25834
8		36.0		39.74166		32.25834
9		41.0		44.74166		37.25834
10		46.0		49.74166		42.25834
11		51.0		54.74166		47.25834
12		56.0		59.74166		52.25834
13		61.0		64.74166		57.25834
14		66.0		69.74166		62.25834
15		71.0		74.74166		67.25834
16		76.0		79.74166		72.25834
17		81.0		84.74166		77.25834
18		86.0		89.74166		82.25834
19		91.0		94.74166		87.25834
20		96.0		99.74166		92.25834
21		101.0		104.74166		97.25834
22		106.0		109.74166		102.25834
23		111.0		114.74166		107.25834
24		116.0		119.74166		112.25834
25		121.0		124.74166		117.25834
26		126.0		129.74166		122.25834
27		131.0		134.74166		127.25834
28		136.0		139.74166		132.25834
29		141.0		144.74166		137.25834
30		146.0		149.74166		142.25834
31		151.0		154.74166		147.25834
32		156.0		159.74166		152.25834
33		161.0		164.74166		157.25834
34		166.0		169.74166		162.25834
35		171.0		174.74166		167.25834
36		176.0		179.74166		172.25834
37		181.0		184.74166		177.25834
38		186.0		189.74166		182.25834
39		191.0		194.74166		187.25834
40		196.0		199.74166		192.25834
41		201.0		204.74166		197.25834
42		206.0		209.74166		202.25834
43		211.0		214.74166		207.25834
44		216.0		219.74166		212.25834
45		221.0		224.74166		217.25834
46		226.0		229.74166		222.25834
47		231.0		234.74166		227.25834
48		236.0		239.74166		232.25834
49		241.0		244.74166		237.25834
50		246.0		249.74166		242.25834
51		251.0		254.74166		247.25834
52		256.0		259.74166		252.25834
53		261.0		264.74166		257.25834
54		266.0		269.74166		262.25834
55		271.0		274.74166		267.25834
56		276.0		279.74166		272.25834
57		281.0		284.74166		277.25834
58		286.0		289.74166		282.25834
59		291.0		294.74166		287.25834
60		296.0		299.74166		292.25834
61		301.0		304.74166		297.25834
62		306.0		309.74166		302.25834
63		311.0		314.74166		307.25834
64		316.0		319.74166		312.25834
65		321.0		324.74166		317.25834
66		326.0		329.74166		322.25834
67		331.0		334.74166		327.25834
68		336.0		339.74166		332.25834
69		341.0		344.74166		337.25834
70		346.0		349.74166		342.25834
71		351.0		354.74166		347.25834
72		356.0		359.74166		352.25834
73		361.0		364.74166		357.25834
74		366.0		369.74166		362.25834
75		371.0		374.74166		367.25834
76		376.0		379.74166		372.25834
77		381.0		384.74166		377.25834
78		386.0		389.74166		382.25834
79		391.0		394.74166		387.25834
80		396.0		399.74166		392.25834
81		401.0		404.74166		397.25834
82		406.0		409.74166		402.25834
83		411.0		414.74166		407.25834
84		416.0		419.74166		412.25834
85		421.0		424.74166		417.25834
86		426.0		429.74166		422.25834
87		431.0		434.74166		427.25834
88		436.0		439.74166		432.25834
89		441.0		444.74166		437.25834
90		446.0		449.74166		442.25834
91		451.0		454.74166		447.25834
92		456.0		459.74166		452.25834
93		461.0		464.74166		457.25834
94		466.0		469.74166		462.25834
95		471.0		474.74166		467.25834
96		476.0		479.74166		472.25834
97		481.0		484.74166		477.25834
98		486.0		489.74166		482.25834
99		491.0		494.74166		487.25834
100		496.0		499.74166		492.25834
101		501.0		504.74166		497.25834
102		506.0		509.74166		502.25834
103		511.0		514.74166		507.25834
104		516.0		519.74166		512.25834
105		521.0		524.74166		517.25834
106		526.0		529.74166		522.25834
107		531.0		534.74166		527.25834
108		536.0		539.74166		532.25834
109		541.0		544.74166		537.25834
110		546.0		549.74166		542.25834
111		551.0		554.74166		547.25834
112		556.0		559.74166		552.25834
113		561.0		564.74166		557.25834
114		566.0		569.74166		562.25834
115		571.0		574.74166		567.25834
116		576.0		579.74166		572.25834
117		581.0		584.74166		577.25834
118		586.0		589.74166		582.25834
119		591.0		594.74166		587.25834
120		596.0		599.74166		592.25834
121		601.0		604.74166		597.25834
122		606.0		609.74166		602.25834
123		611.0		614.74166		607.25834
124		616.0		619.74166		612.25834
125		621.0		624.74166		617.25834
126		626.0		629.74166		622.25834
127		631.0		634.74166		627.25834
128		636.0		639.74166		632.25834
129		641.0		644.74166		637.25834
130		646.0		649.74166		642.25834
131		651.0		654.74166		647.25834
132		656.0		659.74166		652.25834
133		661.0		664.74166		657.25834
134		666.0		669.74166		662.25834
135		671.0		674.74166		667.25834
136		676.0		679.74166		672.25834
137		681.0		684.74166		677.25834
138		686.0		689.74166		682.25834
139		691.0		694.74166		687.25834
140		696.0		699.74166		692.25834
141		701.0		704.74166		697.25834
142		706.0		709.74166		702.25834
143		711.0		714.74166		707.25834
144		716.0		719.74166		712.25834
145		721.0		724.74166		717.25834
146		726.0		729.74166		722.25834
147		731.0		734.74166		727.25834
148		736.0		739.74166		732.25834
149		741.0		744.74166		737.25834
150		746.0		749.74166		742.25834
151		751.0		754.74166		747.25834
152		756.0		759.74166		752.25834
153		761.0		764.74166		757.25834
154		766.0		769.74166		762.25834
155		771.0		774.74166		767.25834
156		776.0		779.74166		772.25834
157		781.0		784.74166		777.25834
158		786.0		789.74166		782.25834
159		791.0		794.74166		787.25834
160		796.0		799.74166		792.25834
161		801.0		804.74166		797.25834
162		806.0		809.74166		802.25834
163		811.0		814.74166		807.25834
164		816.0		819.74166		812.25834
165		821.0		824.74166		817.25834
166		826.0		829.74166		822.25834
167		831.0		834.74166		827.25834
168		836.0		839.74166		832.25834
169		841.0		844.74166		837.25834
170		846.0		849.74166		842.25834
171		851.0		854.74166		847.25834
172		856.0		859.74166		852.25834
173		861.0		864.74166		857.25834
174		866.0		869.74166		862.25834
175		871.0		874.74166		867.25834
176		876.0		879.74166		872.25834
177		881.0		884.74166		877.25834
178		886.0		889.74166		882.25834
179		891.0		894.74166		887.25834
180		896.0		899.74166		892.25834
181		901.0		904.74166		897.25834
182		906.0		909.74166		902.25834
183		911.0		914.74166		907.25834
184		916.0		919.74166		912.25834
185		921.0		924.74166		917.25834
186		926.0		929.74166		922.25834
187		931.0		934.74166		927.25834
188		936.0		939.74166		932.25834
189		941.0		944.74166		937.25834
190		946.0		949.74166		942.25834
191		951.0		954.74166		947.25834
192		956.0		959.74166		952.25834
193		961.0		964.74166		957.25834
194		966.0		969.74166		962.25834
195		971.0		974.74166		967.25834
196		976.0		979.74166		972.25834
197		981.0		984.74166		977.25834
198		986.0		989.74166		982.25834
199		991.0		994.74166		987.25834
200		996.0		999.74166		992.25834
201		1001.0		1004.74166		997.25834
202		1006.0		1009.74166		1002.25834
203		1011.0		1014.74166		1007.25834
204		1016.0		1019.74166		1012.25834
205		1021.0		1024.74166		1017.25834
206		1026.0		1029.74166		1022.25834
207		1031.0		1034.74166		1027.25834
208		1036.0		1039.74166		1032.25834
209		1041.0		1044.74166		1037.25834
210		1046.0		1049.74166		1042.25834
211		1051.0		1054.74166		1047.25834
212		1056.0		1059.74166		1052.25834
213		1061.0		1064.74166		1057.25834
214		1066.0		1069.74166		1062.25834
215		1071.0		1074.74166		1067.25834
216		1076.0		1079.74166		1072.25834
217		1081.0		1084.74166		1077.25834
218		1086.0		1089.74166		1082.25834
219		1091.0		1094.74166		1087.25834
220		1096.0		1099.74166		1092.25834
221		1101.0		1104.74166		1097.25834
222		1106.0		1109.74166		1102.25834
223		1111.0		1114.74166		1107.25834
224		1116.0		1119.74166		1112.25834
225		1121.0		1124.74166		1117.25834
226		1126.0		1129.74166		1122.25834
227		1131.0		1134.74166		1127.25834
228		1136.0		1139.74166		1132.25834
229		1141.0		1144.74166		1137.25834
230		1146.0		1149.74166		1142.25834
231		1151.0		1154.74166		1147.25834
232		1156.0		1159.74166		1152.25834
233		1161.0		1164.74166		1157.25834
234		1166.0		1169.74166		1162.25834
235		1171.0		1174.74166		1167.25834
236		1176.0		1179.74166		1172.25834
237		1181.0		1184.74166		1177.25834
238		1186.0		1189.74166		1182.25834
239		1191.0		1194.74166		1187.25834
240		1196.0		1199.74166		1192.25834
241		1201.0		1204.74166		1197.25834
242		1206.0		1209.74166		1202.25834
243		1211.0		1214.74166		1207.25834
244		1216.0		1219.74166		1212.25834
245		1221.0		1224.74166		1217.25834
246		1226.0		1229.74166		1222.25834
247		1231.0		1234.74166		1227.25834
248		1236.0		1239.74166		1232.25834
249		1241.0		1244.74166		1237.25834
250		1246.0		1249.74166		1242.25834
