step	mediator-random_runtime_mean	mediator-random_runtime_std_up	mediator-random_runtime_std_down
1		0.00016		0.0002		0.00013
2		0.09668		0.1423		0.05105
3		0.10186		0.14754		0.05619
4		0.1069		0.15258		0.06121
5		0.11193		0.1576		0.06626
6		0.11704		0.16258		0.0715
7		0.1221		0.16753		0.07667
8		0.12714		0.17259		0.08169
9		0.13218		0.17764		0.08672
10		0.13718		0.18262		0.09174
11		0.14229		0.18764		0.09695
12		0.15721		0.20006		0.11436
13		0.20793		0.25086		0.16501
14		0.2581		0.30107		0.21513
15		0.30834		0.35101		0.26567
16		0.35849		0.39955		0.31743
17		0.40762		0.44676		0.36848
18		0.4553		0.49326		0.41733
19		0.50178		0.53947		0.4641
20		0.54851		0.58632		0.51071
21		0.5947		0.63269		0.5567
22		0.63995		0.67727		0.60263
23		0.68611		0.72133		0.65089
24		0.73032		0.76571		0.69493
25		0.77443		0.8094		0.73947
26		0.8186		0.85144		0.78576
27		0.8625		0.89401		0.83098
28		0.90467		0.9361		0.87323
29		0.94731		0.97838		0.91623
30		0.99027		1.02036		0.96019
31		1.03206		1.06178		1.00234
32		1.0746		1.10274		1.04645
33		1.11534		1.14313		1.08756
34		1.15578		1.18341		1.12816
35		1.19637		1.22418		1.16856
36		1.23591		1.2636		1.20822
37		1.27566		1.30329		1.24803
38		1.31514		1.34281		1.28747
39		1.35374		1.38141		1.32608
40		1.39253		1.42022		1.36485
41		1.43124		1.45898		1.40351
42		1.46913		1.49702		1.44123
43		1.50707		1.53497		1.47916
44		1.54513		1.573		1.51726
45		1.58278		1.61072		1.55484
46		1.61986		1.64783		1.59189
47		1.65716		1.68481		1.62951
48		1.69405		1.72166		1.66645
49		1.73036		1.75807		1.70265
50		1.76652		1.79424		1.7388
51		1.80275		1.83048		1.77503
52		1.83889		1.86659		1.81119
53		1.87413		1.9018		1.84646
54		1.90941		1.93705		1.88176
55		1.9449		1.97247		1.91732
56		1.98008		2.00799		1.95217
57		2.01537		2.04372		1.98702
58		2.04968		2.07833		2.02103
59		2.08472		2.11389		2.05556
60		2.11944		2.14847		2.09041
61		2.15389		2.18284		2.12495
62		2.18749		2.21654		2.15844
63		2.22117		2.25035		2.19198
64		2.25504		2.28404		2.22603
65		2.28937		2.31798		2.26075
66		2.32301		2.35169		2.29434
67		2.35681		2.3855		2.32812
68		2.38989		2.41811		2.36167
69		2.42287		2.45078		2.39497
70		2.45554		2.48348		2.4276
71		2.48827		2.51622		2.46033
72		2.521		2.54899		2.493
73		2.55302		2.58112		2.52492
74		2.58531		2.61336		2.55726
75		2.6173		2.64541		2.58918
76		2.64919		2.67734		2.62103
77		2.68129		2.7094		2.65318
78		2.71327		2.7414		2.68513
79		2.74522		2.77336		2.71707
80		2.77628		2.80444		2.74812
81		2.80749		2.83565		2.77934
82		2.83855		2.8667		2.81041
83		2.86957		2.89758		2.84155
84		2.90044		2.92851		2.87237
85		2.93141		2.95949		2.90334
86		2.96232		2.99033		2.93432
87		2.99254		3.0205		2.96458
88		3.02255		3.05043		2.99466
89		3.05276		3.08059		3.02493
90		3.08348		3.11165		3.0553
91		3.11395		3.14225		3.08565
92		3.14415		3.17254		3.11576
93		3.1744		3.20266		3.14614
94		3.20386		3.23221		3.17551
95		3.23335		3.26177		3.20493
96		3.26298		3.29131		3.23465
97		3.29246		3.32085		3.26407
98		3.32184		3.35033		3.29336
99		3.35172		3.38061		3.32283
100		3.38136		3.41069		3.35204
101		3.41092		3.44064		3.3812
102		3.43926		3.46922		3.4093
103		3.46837		3.4983		3.43844
104		3.49691		3.52697		3.46684
105		3.52535		3.55554		3.49516
106		3.55416		3.58467		3.52364
107		3.58319		3.61421		3.55217
108		3.61201		3.64319		3.58083
109		3.64059		3.67193		3.60924
110		3.66906		3.70052		3.6376
111		3.69681		3.72855		3.66507
112		3.72539		3.75733		3.69344
113		3.75331		3.78562		3.72099
114		3.7809		3.81338		3.74841
115		3.80858		3.84106		3.77609
116		3.83649		3.86928		3.8037
117		3.86425		3.89708		3.83142
118		3.89191		3.92489		3.85894
119		3.91966		3.95261		3.88671
120		3.94752		3.98081		3.91423
121		3.97454		4.00807		3.94101
122		4.0023		4.03604		3.96856
123		4.02907		4.06324		3.9949
124		4.05573		4.09015		4.02131
125		4.08249		4.11723		4.04774
126		4.10913		4.14401		4.07425
127		4.13573		4.17074		4.10073
128		4.1624		4.19742		4.12739
129		4.18908		4.22419		4.15398
130		4.21706		4.25385		4.18027
131		4.2437		4.28162		4.20577
132		4.27063		4.30848		4.23277
133		4.29669		4.33438		4.25899
134		4.3223		4.35992		4.28467
135		4.34808		4.3857		4.31047
136		4.37406		4.41167		4.33645
137		4.39986		4.43744		4.36229
138		4.42564		4.46321		4.38807
139		4.45142		4.48901		4.41383
140		4.47709		4.51468		4.4395
141		4.50281		4.54051		4.4651
142		4.52849		4.56632		4.49067
143		4.55357		4.59169		4.51545
144		4.57969		4.61796		4.54141
145		4.6048		4.64298		4.56661
146		4.62964		4.66786		4.59141
147		4.6546		4.69287		4.61632
148		4.67957		4.71795		4.64118
149		4.70455		4.74299		4.6661
150		4.72945		4.76802		4.69088
151		4.75444		4.79305		4.71583
152		4.7793		4.81785		4.74074
153		4.80427		4.84286		4.76568
154		4.8292		4.86787		4.79053
155		4.85415		4.89283		4.81546
156		4.87838		4.9175		4.83925
157		4.90328		4.94244		4.86412
158		4.92726		4.96645		4.88808
159		4.95129		4.99044		4.91213
160		4.97526		5.01431		4.93621
161		4.9993		5.0383		4.9603
162		5.02325		5.0622		4.98429
163		5.04726		5.08613		5.0084
164		5.07149		5.11044		5.03253
165		5.09581		5.13479		5.05682
166		5.11993		5.15867		5.08118
167		5.14393		5.18269		5.10517
168		5.16794		5.20661		5.12926
169		5.192		5.23069		5.15331
170		5.21512		5.25377		5.17647
171		5.23921		5.27802		5.20041
172		5.26253		5.30128		5.22379
173		5.28578		5.32452		5.24703
174		5.30903		5.34783		5.27023
175		5.3322		5.37096		5.29344
176		5.35542		5.39421		5.31664
177		5.37869		5.41747		5.3399
178		5.4018		5.44056		5.36303
179		5.42494		5.46378		5.3861
180		5.44815		5.48711		5.40919
181		5.47132		5.51035		5.43229
182		5.49447		5.53359		5.45536
183		5.51761		5.55678		5.47844
184		5.54081		5.57994		5.50168
185		5.56347		5.60268		5.52426
186		5.58683		5.62607		5.5476
187		5.60926		5.64826		5.57027
188		5.63237		5.67148		5.59327
189		5.65483		5.6939		5.61576
190		5.67711		5.71614		5.63809
191		5.69962		5.73867		5.66058
192		5.722		5.76101		5.683
193		5.74445		5.78337		5.70553
194		5.76686		5.80572		5.728
195		5.78913		5.82792		5.75034
196		5.81163		5.85038		5.77287
197		5.83388		5.87257		5.7952
198		5.85611		5.89471		5.81751
199		5.87835		5.91684		5.83985
200		5.90064		5.93906		5.86222
201		5.92207		5.96043		5.8837
202		5.94426		5.98268		5.90584
203		5.96567		6.004		5.92734
204		5.98788		6.02624		5.94952
205		6.00927		6.04763		5.9709
206		6.03061		6.06898		5.99224
207		6.05213		6.0905		6.01375
208		6.07371		6.11213		6.03529
209		6.09536		6.13374		6.05698
210		6.11676		6.15515		6.07836
211		6.13822		6.17652		6.09992
212		6.15966		6.198		6.12133
213		6.18113		6.21948		6.14279
214		6.20267		6.24102		6.16433
215		6.22428		6.26267		6.18588
216		6.24597		6.28438		6.20756
217		6.26764		6.30591		6.22936
218		6.28936		6.32761		6.25111
219		6.31079		6.34902		6.27257
220		6.33125		6.36944		6.29305
221		6.35272		6.39097		6.31448
222		6.37327		6.41143		6.33512
223		6.39459		6.43267		6.35651
224		6.41504		6.45305		6.37704
225		6.43546		6.47345		6.39746
226		6.45585		6.49379		6.41792
227		6.47632		6.51429		6.43834
228		6.49681		6.53494		6.45869
229		6.51732		6.55543		6.47921
230		6.53789		6.57604		6.49974
231		6.55866		6.597		6.52031
232		6.5796		6.61807		6.54113
233		6.60044		6.63883		6.56205
234		6.62119		6.65969		6.58268
235		6.64175		6.6803		6.6032
236		6.66225		6.70071		6.62379
237		6.68281		6.72109		6.64453
238		6.70357		6.7416		6.66555
239		6.72406		6.7621		6.68602
240		6.74377		6.78179		6.70575
241		6.76433		6.80232		6.72634
242		6.78399		6.82197		6.746
243		6.80457		6.84252		6.76661
244		6.82437		6.86232		6.78642
245		6.84485		6.88274		6.80697
246		6.86461		6.90246		6.82676
247		6.88436		6.92218		6.84653
248		6.90412		6.9419		6.86635
249		6.92386		6.96164		6.88608
250		6.94364		6.98144		6.90585
