step	mediator-random_inst_loss_mean	mediator-random_inst_loss_std_up	mediator-random_inst_loss_std_down
1		-2219.79141		7315.22215		-11754.80496
2		4298.60032		13205.55628		-4608.35564
3		5231.48272		10176.19677		286.76867
4		4142.39529		10414.296		-2129.50542
5		6434.82657		14644.76439		-1775.11125
6		7514.33619		16617.7667		-1589.09432
7		7031.16075		14527.52904		-465.20754
8		9067.59089		13998.46098		4136.7208
9		7563.16528		13052.27657		2074.05398
10		7347.32956		13117.85528		1576.80384
11		6074.01108		11229.34138		918.68078
12		5311.79644		11809.68395		-1186.09107
13		6722.77152		13573.00673		-127.46369
14		6782.72008		13935.08415		-369.64398
15		6503.78362		14038.2052		-1030.63796
16		7151.69674		15325.66617		-1022.27268
17		6424.15691		15016.44673		-2168.13291
18		6748.50999		16292.96593		-2795.94595
19		6406.04919		14677.6096		-1865.51123
20		8150.82729		13053.851		3247.80359
21		6907.54362		13390.20832		424.87893
22		7076.31683		12161.29595		1991.33771
23		9302.37069		11069.13098		7535.61041
24		7927.07615		10613.79707		5240.35523
25		7295.40486		9886.70778		4704.10195
26		6547.91987		8613.42275		4482.41699
27		6416.27713		9275.90718		3556.64709
28		8408.52057		11932.55647		4884.48468
29		5999.38267		9845.23992		2153.52543
30		5630.31873		9218.38655		2042.2509
31		6931.50509		10633.11252		3229.89766
32		8208.40683		12091.91839		4324.89527
33		7766.61993		9673.48319		5859.75667
34		8068.03403		9174.70163		6961.36644
35		7961.35034		9685.43882		6237.26185
36		8112.18981		10294.69737		5929.68224
37		9676.11437		12611.26978		6740.95897
38		9403.98952		12183.30406		6624.67499
39		7818.16063		10345.5316		5290.78966
40		7769.89595		11381.98605		4157.80586
41		6153.12124		8404.50889		3901.73359
42		4772.90033		7569.55452		1976.24614
43		5070.90915		8310.92203		1830.89626
44		5097.14968		9006.74546		1187.5539
45		4834.10365		9065.58715		602.62015
46		3774.2282		7777.39585		-228.93944
47		5561.33025		9855.87253		1266.78797
48		5756.52291		8654.98819		2858.05764
49		4105.35144		9412.74248		-1202.03959
50		4124.81384		8338.73111		-89.10343
51		3071.64805		6132.21325		11.08284
52		3163.33436		7173.87395		-847.20524
53		1926.27032		5479.24537		-1626.70473
54		1831.04424		7021.11196		-3359.02348
55		7.46289		6489.71957		-6474.7938
56		-27.92945		6862.57743		-6918.43634
57		-749.06964		6142.54673		-7640.68602
58		-2157.85542		5273.53017		-9589.24102
59		-1657.52104		7188.8183		-10503.86038
60		-3148.31431		5406.09322		-11702.72184
61		-4556.74677		4419.90215		-13533.39569
62		-5092.28407		3130.63605		-13315.2042
63		-3474.54118		6090.75513		-13039.83748
64		-1596.04967		7939.04698		-11131.14632
65		-229.5538		11752.56051		-12211.66811
66		299.24866		8278.99405		-7680.49673
67		1673.06197		8565.03906		-5218.91512
68		490.8566		6693.70547		-5711.99226
69		969.77328		8089.47509		-6149.92854
70		-410.27089		7392.64174		-8213.18352
71		2352.21032		9694.55585		-4990.13521
72		7842.918		11886.31597		3799.52004
73		4967.98086		9047.21629		888.74544
74		5969.98861		11668.5195		271.45772
75		3574.59683		8923.84229		-1774.64862
76		2581.72561		8552.45934		-3389.00813
77		2087.18904		8340.30308		-4165.925
78		1379.37715		8804.9879		-6046.2336
79		181.72336		7014.73159		-6651.28488
80		254.61109		7575.15901		-7065.93683
81		1648.12055		11031.15625		-7734.91515
82		668.23931		9465.23265		-8128.75403
83		-1247.87979		6845.38206		-9341.14164
84		-1183.57808		5961.89771		-8329.05387
85		305.48599		6871.93752		-6260.96554
86		-1206.97035		5655.82748		-8069.76818
87		-1448.16614		4743.77121		-7640.1035
88		-1102.56621		5013.33566		-7218.46808
89		-1928.17035		5206.55003		-9062.89072
90		-3238.17201		4504.08235		-10980.42638
91		-3410.17455		3928.70341		-10749.05251
92		-4863.00568		4436.92007		-14162.93143
93		-5110.09824		5282.90478		-15503.10126
94		-6245.72491		3506.39183		-15997.84165
95		-5601.39066		3634.26279		-14837.04411
96		-6301.53714		3383.67311		-15986.7474
97		-4167.19208		3084.78843		-11419.17258
98		-3596.1292		4073.21733		-11265.47574
99		-4647.61033		3892.99588		-13188.21655
100		-6034.10262		2461.57252		-14529.77775
101		-5968.34809		2931.06144		-14867.75762
102		-4819.79495		5429.14995		-15068.73984
103		-5192.99331		4317.19988		-14703.1865
104		-3612.69261		3014.55636		-10239.94157
105		-2389.71183		1916.64102		-6696.06469
106		-871.14177		5320.91383		-7063.19737
107		-2397.62177		2468.08781		-7263.33135
108		-2537.57283		2966.33861		-8041.48427
109		-845.04271		7061.84158		-8751.92701
110		-1086.12737		5016.26836		-7188.5231
111		-1763.86239		4010.82309		-7538.54787
112		-2610.56173		3414.39368		-8635.51714
113		-1815.02999		5720.88427		-9350.94426
114		-3292.08852		4962.69528		-11546.87232
115		-4163.00188		3415.85839		-11741.86214
116		-5729.44362		3177.57089		-14636.45812
117		-4976.59392		4237.83642		-14191.02425
118		-3364.05974		8707.65134		-15435.77082
119		-4972.20038		8235.83692		-18180.23768
120		-6630.78575		6765.11494		-20026.68644
121		-8738.90297		5698.65184		-23176.45779
122		-8684.03931		6256.58238		-23624.66101
123		-5933.0579		11862.89528		-23729.01108
124		-5605.34007		8650.87357		-19861.55371
125		-1171.844		9713.56596		-12057.25396
126		-1277.42106		8917.96068		-11472.8028
127		-2775.73862		6656.36964		-12207.84687
128		-3669.02989		6675.72088		-14013.78066
129		-4482.70715		6192.31055		-15157.72485
130		-2194.48809		6927.14801		-11316.12419
131		-3775.26659		6867.6635		-14418.19667
132		1404.23999		14566.75666		-11758.27668
133		-2654.28364		11200.99706		-16509.56435
134		-2857.29746		12314.15624		-18028.75116
135		-4927.63364		10995.98848		-20851.25576
136		-5222.7679		12090.70184		-22536.23765
137		-5567.6298		10862.57076		-21997.83036
138		-7390.84762		10515.09971		-25296.79494
139		-7716.52492		9143.46584		-24576.51568
140		-8362.48042		7058.28577		-23783.24661
141		-5649.61315		8925.48847		-20224.71478
142		-5797.01638		6454.98132		-18049.01409
143		-5731.60825		8276.84525		-19740.06174
144		-5331.564		7575.53855		-18238.66654
145		-6981.53369		6923.3634		-20886.43078
146		-7384.76795		7913.47477		-22683.01068
147		-8619.73953		7211.78223		-24451.26128
148		-9010.09535		5811.08651		-23831.27721
149		-7073.77203		3466.29254		-17613.8366
150		-6689.30887		898.30468		-14276.92243
151		-4554.60275		1812.37486		-10921.58035
152		-2109.34406		3428.79333		-7647.48146
153		-4307.80259		2744.1797		-11359.78487
154		-5777.26074		1624.26478		-13178.78625
155		-4018.51376		5948.37698		-13985.40451
156		-2977.71562		4045.10449		-10000.53573
157		-4922.26747		3257.7167		-13102.25165
158		-4545.40378		4852.03024		-13942.83781
159		-6270.75876		1745.79042		-14287.30794
160		-4537.98537		3153.83275		-12229.80349
161		-6802.54331		1706.54075		-15311.62737
162		-5346.38437		3758.15823		-14450.92696
163		-7841.84283		1168.51038		-16852.19604
164		-8317.8861		1405.46124		-18041.23344
165		-8203.48771		2250.12926		-18657.10469
166		-5890.00306		3482.3919		-15262.39801
167		-4876.13412		3543.09433		-13295.36258
168		-1577.01105		7796.72281		-10950.74492
169		-1119.12756		5551.04772		-7789.30283
170		-1798.59933		3703.68917		-7300.88782
171		-541.86382		4404.73174		-5488.45938
172		781.01565		5798.96676		-4236.93545
173		1523.82954		6372.01612		-3324.35703
174		884.36079		4195.05698		-2426.3354
175		-438.45501		4339.41021		-5216.32024
176		-2088.53631		2732.84818		-6909.92079
177		-1661.62924		2524.8226		-5848.08107
178		-446.05938		972.42471		-1864.54346
179		943.5862		5619.87429		-3732.70188
180		1996.9195		4677.02076		-683.18176
181		670.93535		4951.79968		-3609.92897
182		-564.01256		2985.11297		-4113.1381
183		-663.67741		4319.08718		-5646.44199
184		652.79039		6847.91362		-5542.33284
185		-716.40785		5685.07827		-7117.89398
186		-1892.24606		4268.61243		-8053.10454
187		-3862.23177		2418.41635		-10142.87989
188		-2752.35696		4356.94427		-9861.65819
189		-5166.33583		1200.3603		-11533.03196
190		-4923.44938		1814.70684		-11661.6056
191		-4320.04152		1429.5906		-10069.67364
192		-4589.86382		-539.93325		-8639.79439
193		-824.19372		770.22503		-2418.61247
194		-2920.81868		370.70636		-6212.34372
195		-3110.33564		844.7781		-7065.44939
196		-4120.35539		-1092.86372		-7147.84707
197		-4400.53952		-43.37553		-8757.70351
198		-4079.97815		-1958.01235		-6201.94394
199		-3005.04914		2189.33275		-8199.43103
200		-2523.23398		5257.31851		-10303.78647
201		-3437.44367		3495.3538		-10370.24114
202		-3467.20996		5928.95669		-12863.3766
203		-5019.06214		4300.85502		-14338.9793
204		-4146.35039		6336.15527		-14628.85604
205		-5795.68315		3933.86451		-15525.23082
206		-6198.27022		2466.34581		-14862.88624
207		-2445.7234		4143.19452		-9034.64133
208		-1934.49514		3502.22303		-7371.21332
209		-712.49689		5172.64256		-6597.63633
210		-2704.00347		2488.18941		-7896.19634
211		-3566.0399		2380.78571		-9512.86551
212		-4473.45615		1209.47815		-10156.39044
213		-2673.72345		3119.41953		-8466.86643
214		-2635.47822		4196.4484		-9467.40483
215		-4533.3863		1675.21222		-10741.98481
216		-4863.55976		2081.88195		-11809.00146
217		-4216.82202		1294.98939		-9728.63343
218		-5708.5375		-301.62215		-11115.45285
219		-6079.26563		1173.76551		-13332.29678
220		-2293.24386		8754.53107		-13341.01879
221		-4916.77289		5216.43942		-15049.9852
222		-5873.10822		5978.22086		-17724.4373
223		-4774.49701		9875.72224		-19424.71627
224		-6893.73572		7139.6794		-20927.15084
225		-7242.60726		6505.74069		-20990.95522
226		-5127.70626		7300.74232		-17556.15483
227		-4668.38702		9154.33586		-18491.10991
228		-2203.00133		12640.54923		-17046.55189
229		-1237.02993		9953.43584		-12427.49571
230		185.79977		9502.88261		-9131.28307
231		1412.32941		8441.44261		-5616.78379
232		736.5399		7757.92452		-6284.84471
233		3426.93544		9112.9343		-2259.06343
234		3595.84823		10846.53921		-3654.84275
235		3680.89972		10201.95789		-2840.15844
236		1933.81973		9646.60356		-5778.96411
237		1311.34673		7654.58642		-5031.89295
238		2909.8189		5572.05095		247.58685
239		6052.32058		8839.89806		3264.7431
240		4868.52979		6056.87488		3680.18469
241		5585.67661		7369.79137		3801.56185
242		4389.75227		6775.98361		2003.52093
243		4608.2162		7385.17975		1831.25266
244		3226.9025		4758.72179		1695.08321
245		2369.04896		3762.42365		975.67428
246		2561.70659		4618.68935		504.72384
247		2100.89241		3970.07582		231.709
248		733.7325		1434.87079		32.59421
249		513.95		931.65194		96.24806
250		600.0		1800.0		-600.0
