step	mediator-random_runtime_mean	mediator-random_runtime_std_up	mediator-random_runtime_std_down
1		0.00038		0.00085		-9e-05
2		0.13378		0.19886		0.0687
3		0.14127		0.20574		0.07679
4		0.14805		0.21147		0.08462
5		0.15523		0.21857		0.09189
6		0.16261		0.22565		0.09956
7		0.16939		0.23228		0.1065
8		0.17817		0.23982		0.11651
9		0.18594		0.24755		0.12433
10		0.19442		0.25637		0.13247
11		0.20219		0.26392		0.14047
12		0.20958		0.271		0.14815
13		0.21636		0.27755		0.15517
14		0.22215		0.28318		0.16112
15		0.22932		0.29056		0.16808
16		0.23651		0.29717		0.17586
17		0.24369		0.3046		0.18278
18		0.25027		0.31076		0.18979
19		0.25646		0.3173		0.19563
20		0.26244		0.32359		0.2013
21		0.26963		0.33013		0.20913
22		0.27682		0.33827		0.21537
23		0.28379		0.34486		0.22272
24		0.29069		0.35158		0.22979
25		0.29746		0.35857		0.23636
26		0.30444		0.36439		0.24449
27		0.31102		0.37126		0.25078
28		0.31781		0.37809		0.25753
29		0.32399		0.3838		0.26418
30		0.38095		0.46681		0.29509
31		0.44362		0.56014		0.32709
32		0.50666		0.6537		0.35962
33		0.57747		0.72832		0.42661
34		0.65726		0.79405		0.52046
35		0.74343		0.85524		0.63162
36		0.82551		0.92059		0.73043
37		0.90264		0.99662		0.80866
38		0.97678		1.06336		0.8902
39		1.04572		1.12793		0.96351
40		1.11206		1.19823		1.02589
41		1.17999		1.27632		1.08365
42		1.24761		1.34837		1.14686
43		1.31234		1.41968		1.205
44		1.38067		1.48749		1.27386
45		1.4515		1.57114		1.33186
46		1.51711		1.64664		1.38759
47		1.58128		1.71649		1.44606
48		1.64152		1.77994		1.5031
49		1.70566		1.84194		1.56937
50		1.76491		1.90186		1.62796
51		1.82892		1.96909		1.68875
52		1.90172		2.05456		1.74889
53		1.97585		2.1455		1.80621
54		2.04565		2.24179		1.84951
55		2.11369		2.32328		1.9041
56		2.17952		2.39885		1.96019
57		2.24356		2.46937		2.01775
58		2.30678		2.54242		2.07115
59		2.36545		2.60669		2.12421
60		2.43078		2.68782		2.17374
61		2.49083		2.75436		2.2273
62		2.54548		2.8113		2.27967
63		2.60054		2.87136		2.32972
64		2.65691		2.9311		2.38271
65		2.71336		2.9932		2.43352
66		2.76681		3.04698		2.48664
67		2.81998		3.10268		2.53727
68		2.87923		3.16446		2.59401
69		2.94284		3.23875		2.64694
70		2.99532		3.29101		2.69963
71		3.04617		3.34663		2.7457
72		3.09941		3.40057		2.79826
73		3.15131		3.45016		2.85245
74		3.20296		3.50296		2.90296
75		3.25383		3.55548		2.95217
76		3.3019		3.60504		2.99875
77		3.35176		3.65409		3.04943
78		3.40183		3.70488		3.09877
79		3.45263		3.75765		3.14761
80		3.50488		3.81192		3.19784
81		3.55503		3.86702		3.24305
82		3.60565		3.92271		3.28859
83		3.65951		3.97526		3.34376
84		3.71765		4.0312		3.40411
85		3.77331		4.09293		3.45368
86		3.82396		4.14767		3.50024
87		3.8777		4.20539		3.55
88		3.94254		4.28803		3.59705
89		3.99372		4.34714		3.6403
90		4.04578		4.40089		3.69067
91		4.09366		4.44763		3.7397
92		4.14412		4.50162		3.78662
93		4.19878		4.55582		3.84173
94		4.25482		4.61148		3.89816
95		4.3045		4.65757		3.95143
96		4.35377		4.70581		4.00174
97		4.41021		4.75977		4.06065
98		4.46331		4.80962		4.117
99		4.51437		4.85805		4.17068
100		4.56754		4.90739		4.22768
101		4.61441		4.9505		4.27832
102		4.66687		5.00184		4.3319
103		4.72162		5.05316		4.39008
104		4.77987		5.10499		4.45474
105		4.83063		5.15579		4.50547
106		4.88449		5.2086		4.56039
107		4.93179		5.25603		4.60755
108		4.97916		5.30657		4.65174
109		5.03038		5.36042		4.70033
110		5.07918		5.41466		4.74369
111		5.12459		5.46482		4.78437
112		5.16927		5.51169		4.82685
113		5.21329		5.55914		4.86744
114		5.25916		5.60601		4.91231
115		5.30384		5.65048		4.95719
116		5.34752		5.69511		4.99992
117		5.3912		5.73993		5.04248
118		5.43301		5.78368		5.08234
119		5.47383		5.82626		5.1214
120		5.51835		5.87141		5.16529
121		5.56383		5.91901		5.20864
122		5.60649		5.96679		5.24619
123		5.65015		6.00977		5.29054
124		5.69105		6.05005		5.33206
125		5.73344		6.09393		5.37294
126		5.7823		6.14966		5.41494
127		5.82629		6.19738		5.4552
128		5.87257		6.24616		5.49897
129		5.92222		6.30388		5.54055
130		5.97254		6.36305		5.58202
131		6.01674		6.41374		5.61974
132		6.0647		6.46309		5.6663
133		6.1048		6.5023		5.70731
134		6.14991		6.54933		5.75049
135		6.18871		6.58758		5.78984
136		6.23379		6.63763		5.82996
137		6.27728		6.68326		5.8713
138		6.31979		6.73155		5.90802
139		6.35929		6.77403		5.94455
140		6.40017		6.81596		5.98438
141		6.44445		6.86385		6.02504
142		6.48614		6.90517		6.0671
143		6.52994		6.95158		6.1083
144		6.57561		6.99969		6.15153
145		6.62321		7.04976		6.19666
146		6.67235		7.10237		6.24233
147		6.71664		7.15122		6.28206
148		6.76132		7.20159		6.32105
149		6.80512		7.24561		6.36463
150		6.84681		7.29213		6.40149
151		6.8918		7.34341		6.44018
152		6.93279		7.38799		6.47759
153		6.97347		7.43096		6.51597
154		7.01525		7.48006		6.55044
155		7.05798		7.52809		6.58787
156		7.10316		7.57267		6.63365
157		7.14804		7.61847		6.67762
158		7.18875		7.66021		6.71729
159		7.23164		7.70496		6.75831
160		7.27125		7.74496		6.79754
161		7.31581		7.79145		6.84018
162		7.35944		7.837		6.88189
163		7.40415		7.88315		6.92515
164		7.44524		7.92377		6.96672
165		7.48397		7.96871		6.99923
166		7.52411		8.01112		7.03709
167		7.56114		8.04677		7.07552
168		7.59909		8.0841		7.11408
169		7.63775		8.12558		7.14992
170		7.67608		8.16523		7.18693
171		7.71507		8.20916		7.22097
172		7.75397		8.25001		7.25793
173		7.79355		8.29571		7.29139
174		7.83394		8.33846		7.32943
175		7.87343		8.38254		7.36433
176		7.91073		8.42047		7.40098
177		7.94734		8.458		7.43669
178		7.98326		8.49609		7.47043
179		8.02553		8.54619		7.50488
180		8.06587		8.59206		7.53968
181		8.10496		8.63447		7.57546
182		8.14167		8.6732		7.61014
183		8.18076		8.71588		7.64565
184		8.21973		8.75757		7.6819
185		8.26281		8.80096		7.72465
186		8.30631		8.85133		7.76128
187		8.34548		8.89587		7.79509
188		8.38381		8.93827		7.82934
189		8.42161		8.98038		7.86284
190		8.45992		9.02537		7.89447
191		8.49464		9.06025		7.92903
192		8.53116		9.09827		7.96405
193		8.56607		9.13455		7.99758
194		8.60202		9.17585		8.02819
195		8.63754		9.21507		8.06
196		8.67349		9.25681		8.09017
197		8.71		9.29606		8.12395
198		8.7453		9.33327		8.15733
199		8.78145		9.36876		8.19415
200		8.81616		9.40173		8.23059
201		8.84847		9.43522		8.26173
202		8.88369		9.47042		8.29695
203		8.9188		9.50662		8.33097
204		8.95309		9.54131		8.36488
205		8.9908		9.58351		8.39808
206		9.02631		9.62008		8.43255
207		9.06023		9.65539		8.46506
208		9.09392		9.69054		8.49731
209		9.12647		9.72367		8.52926
210		9.16157		9.75771		8.56543
211		9.19523		9.78946		8.60099
212		9.23032		9.8276		8.63303
213		9.2704		9.86605		8.67475
214		9.3115		9.90719		8.71581
215		9.3482		9.94482		8.75158
216		9.38431		9.98022		8.7884
217		9.41831		10.01278		8.82383
218		9.45162		10.04627		8.85698
219		9.48873		10.08747		8.88998
220		9.52292		10.12418		8.92166
221		9.55663		10.15876		8.9545
222		9.59174		10.19446		8.98903
223		9.62394		10.22825		9.01964
224		9.65687		10.26213		9.05161
225		9.68919		10.29601		9.08236
226		9.72806		10.33581		9.12032
227		9.76398		10.37671		9.15125
228		9.80084		10.42108		9.18059
229		9.83582		10.46046		9.21117
230		9.86792		10.49633		9.23952
231		9.89944		10.52775		9.27113
232		9.93336		10.56595		9.30076
233		9.97105		10.61038		9.33172
234		10.0059		10.64689		9.3649
235		10.03863		10.67891		9.39834
236		10.07274		10.71373		9.43176
237		10.1073		10.74703		9.46757
238		10.13982		10.77768		9.50197
239		10.17611		10.81518		9.53704
240		10.21054		10.84493		9.57615
241		10.24542		10.88125		9.6096
242		10.28053		10.91529		9.64577
243		10.31724		10.95086		9.68362
244		10.35214		10.9842		9.72009
245		10.38546		11.01578		9.75513
246		10.42196		11.05552		9.78841
247		10.45588		11.09183		9.81993
248		10.491		11.12789		9.8541
249		10.52333		11.15971		9.88695
250		10.55881		11.19318		9.92444
