step	mediator-random_inst_loss_mean	mediator-random_inst_loss_std_up	mediator-random_inst_loss_std_down
1		7141.29406		7147.88059		7134.70752
2		6277.01591		6708.93357		5845.09826
3		6060.79297		6069.04239		6052.54356
4		6489.57035		7015.56065		5963.58005
5		6057.83341		6068.05308		6047.61374
6		6058.88088		6069.63843		6048.12334
7		6274.29687		6713.68757		5834.90617
8		6058.98345		6066.91816		6051.04874
9		6274.40484		6710.41149		5838.39818
10		6599.40132		7683.44589		5515.35675
11		6599.46267		7681.58328		5517.34205
12		6274.58905		6704.8229		5844.3552
13		6059.29101		6064.81449		6053.76752
14		6060.41519		6066.22938		6054.601
15		6061.59855		6067.71875		6055.47835
16		6062.84418		6069.2865		6056.40187
17		6064.15538		6070.93676		6057.37399
18		6065.53558		6072.67389		6058.39728
19		6066.98843		6074.50243		6059.47443
20		6068.51775		6076.42722		6060.60827
21		6070.12755		6078.45332		6061.80179
22		6071.82208		6080.58604		6063.05812
23		6073.6058		6082.83102		6064.38058
24		6075.4834		6085.19416		6065.77263
25		6077.45981		6087.68167		6067.23796
26		6079.54025		6090.3001		6068.78041
27		6081.73019		6093.05634		6070.40404
28		6084.03538		6095.95765		6072.11312
29		6086.46191		6099.01166		6073.91215
30		6089.01614		6102.22641		6075.80587
31		6091.70481		6105.61035		6077.79926
32		6308.84837		6749.99143		5867.70531
33		6093.24819		6105.90089		6080.59549
34		6094.05433		6105.41791		6082.69075
35		6094.9029		6104.95021		6084.8556
36		6095.79614		6106.53953		6085.05274
37		6096.73638		6106.26519		6087.20758
38		6097.72612		6107.84594		6087.60629
39		6527.39471		7058.21352		5996.57589
40		6096.5959		6103.92166		6089.27013
41		6528.31027		7055.07273		6001.54781
42		6097.55965		6104.13627		6090.98302
43		6315.01136		6750.31976		5879.70295
44		6528.36231		7057.97555		5998.74907
45		6311.92781		6742.01498		5881.84065
46		6097.54234		6103.72344		6091.36125
47		6311.83525		6739.9364		5883.73409
48		6310.70565		6738.15993		5883.25137
49		6310.56924		6745.48608		5875.65241
50		6309.37302		6737.37469		5881.37135
51		6307.06121		6741.93856		5872.18386
52		6306.73298		6747.23142		5866.23455
53		6091.02146		6101.51926		6080.52367
54		6090.65778		6101.3399		6079.97566
55		6307.74623		6745.49616		5869.99631
56		6093.14068		6102.94163		6083.33972
57		6094.9938		6106.12332		6083.86427
58		6311.25783		6737.71192		5884.80374
59		6311.15048		6736.32225		5885.9787
60		6309.98485		6748.17203		5871.79767
61		6310.86313		6747.68358		5874.04268
62		6095.36899		6104.37084		6086.36714
63		6096.28675		6105.2422		6087.33131
64		6098.30545		6106.26111		6090.34979
65		6098.32514		6107.41332		6089.23696
66		6314.7645		6739.13229		5890.39672
67		6098.42307		6109.80257		6087.04356
68		6099.50157		6109.09767		6089.90548
69		6314.95023		6743.8842		5886.01625
70		6313.98458		6750.52775		5877.44141
71		6312.96811		6749.05772		5876.87851
72		6314.00341		6748.9987		5879.00812
73		6098.67455		6104.29308		6093.05602
74		6313.02704		6740.8758		5885.17829
75		6097.64679		6103.42168		6091.8719
76		6527.31121		7054.0686		6000.55382
77		6097.56064		6103.61133		6091.50995
78		6315.0124		6746.72138		5883.30342
79		6640.04086		7720.60283		5559.47889
80		6314.14504		6744.35999		5883.93008
81		6312.08438		6742.27628		5881.89249
82		6528.43918		7053.12906		6003.7493
83		6097.69534		6106.59091		6088.79978
84		6099.78818		6107.11854		6092.45782
85		6745.98395		7273.44467		6218.52323
86		6098.93614		6107.40489		6090.46738
87		6314.35503		6748.29605		5880.41401
88		6529.77671		7059.58731		5999.9661
89		6099.10326		6104.16999		6094.03653
90		6100.21757		6103.71486		6096.72028
91		6315.70391		6743.74662		5887.6612
92		6529.09131		7058.28103		5999.9016
93		6528.0612		7050.66596		6005.45644
94		6096.24484		6104.37927		6088.1104
95		6312.57471		6748.64307		5876.50635
96		6311.48404		6745.68827		5877.27981
97		6094.96995		6102.40199		6087.53791
98		6095.86671		6103.34257		6088.39085
99		6096.81067		6102.66109		6090.96025
100		6095.69905		6103.13787		6088.26023
101		6525.26096		7049.24161		6001.2803
102		6847.91481		7903.66333		5792.16629
103		7592.0753		9539.72841		5644.42219
104		7386.60743		8599.68905		6173.5258
105		6735.29426		7262.87013		6207.7184
106		6626.93542		7714.96125		5538.90959
107		6302.4551		6739.45981		5865.45039
108		6299.77918		6731.46134		5868.09703
109		6085.80694		6097.40415		6074.20973
110		6088.3267		6100.53429		6076.11911
111		6303.18721		6737.81115		5868.56327
112		6842.9593		7908.22597		5777.69264
113		6302.09496		6734.90897		5869.28096
114		6301.50535		6733.42828		5869.58243
115		6300.88472		6741.84659		5859.92285
116		6300.23141		6740.67688		5859.78595
117		6838.79531		7907.68967		5769.90095
118		6297.71181		6737.5867		5857.83692
119		6512.25753		7041.28442		5983.23064
120		7051.69827		8047.39551		6056.00103
121		6834.37071		7901.07221		5767.6692
122		6507.36772		7041.42343		5973.312
123		6504.14163		7025.02087		5983.26238
124		6500.74574		7021.27778		5980.2137
125		6497.17112		7031.94494		5962.3973
126		6606.13844		7694.68223		5517.59465
127		6279.51091		6717.55524		5841.46659
128		6064.47192		6072.50445		6056.43939
129		6063.76353		6072.45437		6055.07269
130		6064.07048		6071.65593		6056.48503
131		6062.28832		6071.09367		6053.48298
132		6060.41237		6067.59959		6053.22515
133		6060.54295		6068.52396		6052.56194
134		6058.57513		6067.75288		6049.39738
135		6056.50375		6067.5196		6045.4879
136		6268.63673		6701.69176		5835.58169
137		6268.39143		6699.47225		5837.3106
138		6050.66194		6063.13951		6038.18438
139		6050.27934		6061.65688		6038.9018
140		6049.87661		6060.23051		6039.5227
141		6049.45268		6060.41483		6038.49052
142		6478.68582		7011.56781		5945.80383
143		6045.32341		6054.21666		6036.43015
144		6257.92059		6688.95077		5826.8904
145		6256.05866		6684.83585		5827.28146
146		6254.09874		6693.94145		5814.25602
147		6466.34904		7001.92258		5930.77549
148		7002.3209		8002.38653		6002.25527
149		7416.22951		9193.12354		5639.33549
150		6778.64686		7844.7253		5712.56841
151		6448.7111		6981.32761		5916.09458
152		6554.07531		7641.6339		5466.51671
153		6549.64587		7636.51084		5462.78089
154		6546.03594		7631.65114		5460.42074
155		6218.35052		6652.25538		5784.44566
156		6753.65749		7814.26772		5693.04725
157		6748.39736		7807.60909		5689.18564
158		6416.86968		6943.5515		5890.18785
159		6194.56742		6626.68077		5762.45406
160		6728.6226		7785.85069		5671.39452
161		6181.74107		6611.89753		5751.5846
162		6389.13051		6923.04254		5855.21847
163		6706.72494		7771.8461		5641.60378
164		6373.00436		6904.19209		5841.81662
165		6149.44652		6585.97717		5712.91588
166		5926.51037		5932.65419		5920.36654
167		5918.54155		5924.0952		5912.98791
168		5908.0482		5915.40315		5900.69326
169		6113.4207		6540.23813		5686.60328
170		5887.53677		5895.62246		5879.45109
171		5877.51743		5884.9868		5870.04807
172		6081.28328		6507.40858		5655.15798
173		6824.74012		7811.60525		5837.87499
174		6271.58664		6792.41292		5750.76036
175		5826.27787		5835.85586		5816.69987
176		5814.08898		5824.70598		5803.47197
177		6015.5699		6452.17495		5578.96484
178		6216.31991		6749.46226		5683.17755
179		6523.76756		7583.21257		5464.32254
180		6182.53188		6706.96273		5658.10103
181		5947.90802		6373.70153		5522.11451
182		6142.99285		6667.32304		5618.66266
183		5691.98728		5703.69365		5680.2809
184		5671.688		5685.32468		5658.05133
185		6079.98079		6615.26555		5544.69602
186		5625.67573		5639.36383		5611.98762
187		5817.24641		6252.27807		5382.21475
188		6006.51145		6534.53709		5478.4858
189		5761.60729		6196.04035		5327.17423
190		5948.99946		6487.36113		5410.63779
191		5917.47679		6455.53684		5379.41674
192		5452.58986		5465.49784		5439.68188
193		5635.06462		6076.60611		5193.52313
194		6138.59085		7209.1109		5068.07081
195		6099.97654		7165.03691		5034.91617
196		5735.52623		6272.51842		5198.53405
197		6234.02805		7226.033		5242.02311
198		6513.9792		7732.9301		5295.02829
199		5926.66041		6988.07008		4865.25073
200		5554.29272		6086.9072		5021.67824
201		5288.03263		5710.00807		4866.05718
202		5019.19053		5034.14307		5004.23799
203		4963.83001		4980.10192		4947.5581
204		4907.72949		4924.85781		4890.60116
205		5060.62412		5502.04919		4619.19906
206		5534.7682		6602.33275		4467.20365
207		4926.55498		5366.76695		4486.34301
208		5179.80827		6267.46603		4092.15052
209		4994.3147		5531.70973		4456.91967
210		4485.47979		4498.54811		4472.41147
211		4617.51445		5053.33309		4181.69582
212		4957.23827		5481.2451		4433.23143
213		4648.66213		5173.97957		4123.34468
214		4336.97178		4770.03839		3903.90518
215		4662.50504		5197.93869		4127.07139
216		4452.19729		5529.46963		3374.92495
217		4017.20802		4447.91054		3586.50551
218		3688.69724		3700.29617		3677.09831
219		3569.75465		3581.30554		3558.20375
220		3653.28489		4080.8071		3225.76269
221		3729.68791		4250.60924		3208.76658
222		3381.62169		3800.51433		2962.72905
223		3445.63983		3957.71625		2933.56341
224		2883.37876		2891.83859		2874.91893
225		2731.39179		2738.97029		2723.81328
226		2774.90595		3183.60711		2366.2048
227		2410.53645		2417.99595		2403.07695
228		2637.16021		3117.71477		2156.60566
229		2652.54928		3134.02209		2171.07647
230		2385.89723		3369.66858		1402.12588
231		2088.64844		2544.81312		1632.48377
232		2729.22071		3311.12382		2147.31759
233		2448.29715		3483.69083		1412.90347
234		1680.09074		2091.16031		1269.02116
235		1321.90653		1710.91081		932.90224
236		1394.25838		2184.52115		603.9956
237		955.0777		1287.92096		622.23444
238		904.4338		1212.75114		596.11645
239		616.99105		889.28801		344.69408
240		282.12418		285.38341		278.86495
241		186.44675		190.04388		182.84963
242		111.28844		116.91266		105.66422
243		57.62659		64.0637		51.18949
244		27.98499		33.90325		22.06674
245		36.87799		65.15296		8.60303
246		14.33539		18.56404		10.10675
247		12.98462		18.39627		7.57298
248		7.4575		9.66816		5.24684
249		5.85		7.8032		3.8968
250		0.0		0.0		0.0
