step	mediator-random_cov_err_sq_T_mean	mediator-random_cov_err_sq_T_std_up	mediator-random_cov_err_sq_T_std_down
1		3.38365		3.38365		3.38365
2		3.38365		3.38365		3.38365
3		3.38365		3.38365		3.38365
4		3.38365		3.38365		3.38365
5		3.38365		3.38365		3.38365
6		3.38365		3.38365		3.38365
7		3.38365		3.38365		3.38365
8		3.38365		3.38365		3.38365
9		3.38365		3.38365		3.38365
10		3.38365		3.38365		3.38365
11		3.38365		3.38365		3.38365
12		3.38365		3.38365		3.38365
13		3.38365		3.38365		3.38365
14		3.38365		3.38365		3.38365
15		3.38365		3.38365		3.38365
16		3.38365		3.38365		3.38365
17		3.38365		3.38365		3.38365
18		3.38365		3.38365		3.38365
19		3.38365		3.38365		3.38365
20		3.38365		3.38365		3.38365
21		3.38365		3.38365		3.38365
22		3.38365		3.38365		3.38365
23		3.38365		3.38365		3.38365
24		3.38365		3.38365		3.38365
25		3.38365		3.38365		3.38365
26		3.38365		3.38365		3.38365
27		3.38365		3.38365		3.38365
28		3.38365		3.38365		3.38365
29		3.38365		3.38365		3.38365
30		3.38365		3.38365		3.38365
31		3.38365		3.38365		3.38365
32		3.38365		3.38365		3.38365
33		3.38365		3.38365		3.38365
34		3.38365		3.38365		3.38365
35		3.38365		3.38365		3.38365
36		3.38365		3.38365		3.38365
37		3.38365		3.38365		3.38365
38		3.38365		3.38365		3.38365
39		3.38365		3.38365		3.38365
40		3.38365		3.38365		3.38365
41		3.38365		3.38365		3.38365
42		3.38365		3.38365		3.38365
43		3.38365		3.38365		3.38365
44		3.38365		3.38365		3.38365
45		3.38365		3.38365		3.38365
46		3.38365		3.38365		3.38365
47		3.38365		3.38365		3.38365
48		3.38365		3.38365		3.38365
49		3.38365		3.38365		3.38365
50		3.38365		3.38365		3.38365
51		3.38365		3.38365		3.38365
52		3.38365		3.38365		3.38365
53		3.38365		3.38365		3.38365
54		3.38365		3.38365		3.38365
55		3.38365		3.38365		3.38365
56		3.38365		3.38365		3.38365
57		3.38365		3.38365		3.38365
58		3.38365		3.38365		3.38365
59		3.38365		3.38365		3.38365
60		3.38365		3.38365		3.38365
61		3.38365		3.38365		3.38365
62		3.38365		3.38365		3.38365
63		3.38365		3.38365		3.38365
64		3.38365		3.38365		3.38365
65		3.38365		3.38365		3.38365
66		3.38365		3.38365		3.38365
67		3.38365		3.38365		3.38365
68		3.38365		3.38365		3.38365
69		3.38365		3.38365		3.38365
70		3.38365		3.38365		3.38365
71		3.38365		3.38365		3.38365
72		3.38365		3.38365		3.38365
73		3.38365		3.38365		3.38365
74		3.38365		3.38365		3.38365
75		3.38365		3.38365		3.38365
76		3.38365		3.38365		3.38365
77		3.38365		3.38365		3.38365
78		3.38365		3.38365		3.38365
79		3.38365		3.38365		3.38365
80		3.38365		3.38365		3.38365
81		3.38365		3.38365		3.38365
82		3.38365		3.38365		3.38365
83		3.38365		3.38365		3.38365
84		3.38365		3.38365		3.38365
85		3.38365		3.38365		3.38365
86		3.38365		3.38365		3.38365
87		3.38365		3.38365		3.38365
88		3.38365		3.38365		3.38365
89		3.38365		3.38365		3.38365
90		3.38365		3.38365		3.38365
91		3.38365		3.38365		3.38365
92		3.38365		3.38365		3.38365
93		3.38365		3.38365		3.38365
94		3.38365		3.38365		3.38365
95		3.38365		3.38365		3.38365
96		3.38365		3.38365		3.38365
97		3.38365		3.38365		3.38365
98		3.38365		3.38365		3.38365
99		3.38365		3.38365		3.38365
100		3.38365		3.38365		3.38365
101		3.38365		3.38365		3.38365
102		3.38365		3.38365		3.38365
103		3.38365		3.38365		3.38365
104		3.38365		3.38365		3.38365
105		3.38365		3.38365		3.38365
106		3.38365		3.38365		3.38365
107		3.38365		3.38365		3.38365
108		3.38365		3.38365		3.38365
109		3.38365		3.38365		3.38365
110		3.38365		3.38365		3.38365
111		3.38365		3.38365		3.38365
112		3.38365		3.38365		3.38365
113		3.38365		3.38365		3.38365
114		3.38365		3.38365		3.38365
115		3.38365		3.38365		3.38365
116		3.38365		3.38365		3.38365
117		3.38365		3.38365		3.38365
118		3.38365		3.38365		3.38365
119		3.38365		3.38365		3.38365
120		3.38365		3.38365		3.38365
121		3.38365		3.38365		3.38365
122		3.38365		3.38365		3.38365
123		3.38365		3.38365		3.38365
124		3.38365		3.38365		3.38365
125		3.38365		3.38365		3.38365
126		3.38365		3.38365		3.38365
127		3.38365		3.38365		3.38365
128		3.38365		3.38365		3.38365
129		3.38365		3.38365		3.38365
130		3.38365		3.38365		3.38365
131		3.38365		3.38365		3.38365
132		3.38365		3.38365		3.38365
133		3.38365		3.38365		3.38365
134		3.38365		3.38365		3.38365
135		3.38365		3.38365		3.38365
136		3.38365		3.38365		3.38365
137		3.38365		3.38365		3.38365
138		3.38365		3.38365		3.38365
139		3.38365		3.38365		3.38365
140		3.38365		3.38365		3.38365
141		3.38365		3.38365		3.38365
142		3.38365		3.38365		3.38365
143		3.38365		3.38365		3.38365
144		3.38365		3.38365		3.38365
145		3.38365		3.38365		3.38365
146		3.38365		3.38365		3.38365
147		3.38365		3.38365		3.38365
148		3.38365		3.38365		3.38365
149		3.38365		3.38365		3.38365
150		3.38365		3.38365		3.38365
151		3.38365		3.38365		3.38365
152		3.38365		3.38365		3.38365
153		3.38365		3.38365		3.38365
154		3.38365		3.38365		3.38365
155		3.38365		3.38365		3.38365
156		3.38365		3.38365		3.38365
157		3.38365		3.38365		3.38365
158		3.38365		3.38365		3.38365
159		3.38365		3.38365		3.38365
160		3.38365		3.38365		3.38365
161		3.38365		3.38365		3.38365
162		3.38365		3.38365		3.38365
163		3.38365		3.38365		3.38365
164		3.38365		3.38365		3.38365
165		3.38365		3.38365		3.38365
166		3.38365		3.38365		3.38365
167		3.38365		3.38365		3.38365
168		3.38365		3.38365		3.38365
169		3.38365		3.38365		3.38365
170		3.38365		3.38365		3.38365
171		3.38365		3.38365		3.38365
172		3.38365		3.38365		3.38365
173		3.38365		3.38365		3.38365
174		3.38365		3.38365		3.38365
175		3.38365		3.38365		3.38365
176		3.38365		3.38365		3.38365
177		3.38365		3.38365		3.38365
178		3.38365		3.38365		3.38365
179		3.38365		3.38365		3.38365
180		3.38365		3.38365		3.38365
181		3.38365		3.38365		3.38365
182		3.38365		3.38365		3.38365
183		3.38365		3.38365		3.38365
184		3.38365		3.38365		3.38365
185		3.38365		3.38365		3.38365
186		3.38365		3.38365		3.38365
187		3.38365		3.38365		3.38365
188		3.38365		3.38365		3.38365
189		3.38365		3.38365		3.38365
190		3.38365		3.38365		3.38365
191		3.38365		3.38365		3.38365
192		3.38365		3.38365		3.38365
193		3.38365		3.38365		3.38365
194		3.38365		3.38365		3.38365
195		3.38365		3.38365		3.38365
196		3.38365		3.38365		3.38365
197		3.38365		3.38365		3.38365
198		3.38365		3.38365		3.38365
199		3.38365		3.38365		3.38365
200		3.38365		3.38365		3.38365
201		3.38365		3.38365		3.38365
202		3.38365		3.38365		3.38365
203		3.38365		3.38365		3.38365
204		3.38365		3.38365		3.38365
205		3.38365		3.38365		3.38365
206		3.38365		3.38365		3.38365
207		3.38365		3.38365		3.38365
208		3.38365		3.38365		3.38365
209		3.38365		3.38365		3.38365
210		3.38365		3.38365		3.38365
211		3.38365		3.38365		3.38365
212		3.38365		3.38365		3.38365
213		3.38365		3.38365		3.38365
214		3.38365		3.38365		3.38365
215		3.38365		3.38365		3.38365
216		3.38365		3.38365		3.38365
217		3.38365		3.38365		3.38365
218		3.38365		3.38365		3.38365
219		3.38365		3.38365		3.38365
220		3.38365		3.38365		3.38365
221		3.38365		3.38365		3.38365
222		3.38365		3.38365		3.38365
223		3.38365		3.38365		3.38365
224		3.38365		3.38365		3.38365
225		3.38365		3.38365		3.38365
226		3.38365		3.38365		3.38365
227		3.38365		3.38365		3.38365
228		3.38365		3.38365		3.38365
229		3.38365		3.38365		3.38365
230		3.38365		3.38365		3.38365
231		3.38365		3.38365		3.38365
232		3.38365		3.38365		3.38365
233		3.38365		3.38365		3.38365
234		3.38365		3.38365		3.38365
235		3.38365		3.38365		3.38365
236		3.38365		3.38365		3.38365
237		3.38365		3.38365		3.38365
238		3.38365		3.38365		3.38365
239		3.38365		3.38365		3.38365
240		3.38365		3.38365		3.38365
241		3.38365		3.38365		3.38365
242		3.38365		3.38365		3.38365
243		3.38365		3.38365		3.38365
244		3.38365		3.38365		3.38365
245		3.38365		3.38365		3.38365
246		3.38365		3.38365		3.38365
247		3.38365		3.38365		3.38365
248		3.38365		3.38365		3.38365
249		3.38365		3.38365		3.38365
250		3.38365		3.38365		3.38365
