episode	mediator-random_runtime_mean	mediator-random_runtime_std_up	mediator-random_runtime_std_down
1		0.0002		0.00024		0.00015
2		0.44167		0.46852		0.41482
3		0.75785		0.87365		0.64204
4		0.97998		1.07248		0.88749
5		1.02919		1.13952		0.91886
6		1.07875		1.25434		0.90316
7		1.16077		1.31093		1.0106
8		1.26922		1.44573		1.09271
9		1.4772		1.69541		1.25898
10		1.56826		1.76361		1.37291
11		1.74985		1.98667		1.51303
12		1.89559		2.03487		1.7563
13		2.08601		2.33787		1.83414
14		2.18789		2.45172		1.92407
15		2.31135		2.71791		1.90479
16		2.46496		2.98017		1.94975
17		2.64347		3.24443		2.04251
18		2.81406		3.6022		2.02593
19		2.89165		3.6846		2.0987
20		3.02761		3.87936		2.17586
21		3.2392		4.08252		2.39587
22		3.50343		4.33957		2.66729
23		3.57749		4.41859		2.73639
24		3.86994		4.65796		3.08191
25		4.07175		4.88284		3.26065
26		4.301		5.18609		3.41592
27		4.49836		5.41762		3.57909
28		4.61482		5.52184		3.70779
29		4.83399		5.69956		3.96842
30		4.90905		5.81836		3.99975
31		5.11522		5.982		4.24845
32		5.26736		6.11515		4.41956
33		5.3794		6.21882		4.53999
34		5.51698		6.35673		4.67723
35		5.77839		6.65441		4.90237
36		6.00651		6.92224		5.09078
37		6.15141		7.106		5.19683
38		6.29827		7.22372		5.37281
39		6.50122		7.46412		5.53832
40		6.58061		7.6169		5.54431
41		6.7731		7.86922		5.67699
42		6.90785		8.09413		5.72156
43		7.13906		8.51079		5.76733
44		7.40247		8.96659		5.83834
45		7.62823		9.30872		5.94775
46		7.90973		9.72337		6.0961
47		8.17488		10.11229		6.23746
48		8.27673		10.21988		6.33359
49		8.46167		10.45331		6.47003
50		8.76289		10.87096		6.65482
51		8.88524		11.06472		6.70577
52		9.00323		11.27774		6.72871
53		9.06966		11.31027		6.82904
54		9.40515		11.72532		7.08499
55		9.5596		11.9075		7.2117
56		9.75935		12.26237		7.25633
57		10.03742		12.63243		7.4424
58		10.18552		12.67195		7.69909
59		10.32981		12.87155		7.78806
60		10.58626		13.23958		7.93294
61		10.73311		13.38358		8.08264
62		10.85167		13.43227		8.27107
63		11.0809		13.77423		8.38756
64		11.25149		14.00869		8.4943
65		11.46992		14.35346		8.58638
66		11.77413		14.76121		8.78705
67		11.95668		14.8822		9.03115
68		12.12175		15.1379		9.10559
69		12.37857		15.49631		9.26083
70		12.66448		15.87528		9.45368
71		13.02264		16.28987		9.75541
72		13.3281		16.68087		9.97534
73		13.57507		16.94381		10.20633
74		13.92878		17.37437		10.48318
75		14.24074		17.77416		10.70732
76		14.40341		17.97847		10.82835
77		14.58912		18.26755		10.91069
78		14.75567		18.42238		11.08895
79		14.8687		18.49162		11.24577
80		15.09852		18.77673		11.42031
81		15.33577		19.09848		11.57306
82		15.51155		19.36376		11.65934
83		15.69106		19.64473		11.73739
84		15.89105		19.95015		11.83194
85		16.16391		20.29068		12.03715
86		16.36628		20.42914		12.30342
87		16.60724		20.72173		12.49275
88		16.76517		20.82289		12.70746
89		16.99524		21.12621		12.86427
90		17.15322		21.23926		13.06718
91		17.34375		21.54507		13.14243
92		17.4436		21.6267		13.26051
93		17.62626		21.91625		13.33626
94		17.76052		22.01312		13.50791
95		17.90895		22.10351		13.71438
96		18.08282		22.39219		13.77346
97		18.32064		22.76317		13.87811
98		18.53853		23.03467		14.04238
99		18.77365		23.36569		14.18162
100		18.94907		23.62023		14.27792
101		19.14114		23.87964		14.40264
102		19.33516		24.14812		14.52221
103		19.57955		24.49982		14.65928
104		19.75394		24.74062		14.76726
105		19.90333		24.92796		14.8787
106		20.03021		25.09293		14.96749
107		20.15296		25.26833		15.03759
108		20.29982		25.45443		15.14521
109		20.44508		25.63944		15.25073
110		20.65191		25.91933		15.3845
111		20.85043		26.11383		15.58704
112		21.08284		26.3498		15.81587
113		21.23891		26.5014		15.97643
114		21.42636		26.72803		16.12468
115		21.5709		26.8519		16.2899
116		21.69272		26.93915		16.44628
117		21.83919		27.1406		16.53777
118		22.00378		27.3214		16.68615
119		22.17531		27.50136		16.84925
120		22.31258		27.63999		16.98517
121		22.48292		27.88309		17.08275
122		22.55097		27.90853		17.19342
123		22.75221		28.18879		17.31563
124		22.87054		28.26616		17.47492
125		22.93788		28.29167		17.58409
126		23.14644		28.58577		17.70711
127		23.25468		28.65766		17.85171
128		23.39354		28.88216		17.90492
129		23.56345		29.15179		17.97511
130		23.79949		29.5127		18.08629
131		23.95005		29.74544		18.15467
132		24.00461		29.76363		18.24559
133		24.28983		30.14975		18.42992
134		24.42144		30.2556		18.58728
135		24.59561		30.45717		18.73406
136		24.86755		30.82265		18.91245
137		25.05472		30.98094		19.1285
138		25.2389		31.06832		19.40948
139		25.46518		31.40663		19.52372
140		25.72652		31.71966		19.73339
141		25.92418		32.00483		19.84352
142		26.15803		32.33518		19.98089
143		26.32529		32.46847		20.18211
144		26.58052		32.82832		20.33272
145		26.63367		32.84352		20.42382
146		26.71889		32.84781		20.58997
147		26.88881		32.98524		20.79238
148		27.08078		33.22316		20.9384
149		27.28675		33.36537		21.20813
150		27.38167		33.43247		21.33087
151		27.61294		33.7238		21.50209
152		27.80809		33.84415		21.77204
153		27.98106		34.09971		21.86242
154		28.13759		34.18221		22.09297
155		28.31569		34.44194		22.18944
156		28.44356		34.52236		22.36476
157		28.59776		34.58893		22.60659
158		28.84423		34.82355		22.8649
159		29.05377		35.10593		23.00161
160		29.21796		35.22448		23.21144
161		29.33086		35.24482		23.4169
162		29.52771		35.42051		23.6349
163		29.77408		35.69244		23.85573
164		29.96627		35.84244		24.09011
165		30.1992		36.10768		24.29073
166		30.44032		36.40125		24.47938
167		30.66103		36.67976		24.6423
168		30.81987		36.80228		24.83746
169		30.99112		36.9431		25.03913
170		31.20496		37.16174		25.24818
171		31.41964		37.4744		25.36488
172		31.68341		37.80568		25.56113
173		31.89575		38.06709		25.72441
174		32.191		38.39945		25.98255
175		32.39498		38.65419		26.13578
176		32.65105		38.91761		26.3845
177		32.89022		39.12462		26.65582
178		33.06164		39.29706		26.82623
179		33.28633		39.60195		26.97072
180		33.51359		39.93064		27.09654
181		33.76254		40.29542		27.22966
182		33.95164		40.48783		27.41544
183		34.22506		40.84062		27.60949
184		34.4555		41.12954		27.78146
185		34.72234		41.44821		27.99646
186		34.88572		41.66519		28.10626
187		35.15788		42.00258		28.31317
188		35.36566		42.26471		28.46661
189		35.5997		42.55598		28.64342
190		35.72914		42.6554		28.80287
191		35.99071		42.96165		29.01976
192		36.23391		43.25961		29.2082
193		36.3959		43.35478		29.43701
194		36.49245		43.39253		29.59237
195		36.67192		43.57353		29.7703
196		36.76631		43.7291		29.80351
197		36.87296		43.89095		29.85497
198		36.95375		43.92637		29.98112
199		37.11508		44.0873		30.14286
200		37.24101		44.23207		30.24994
201		37.37466		44.39818		30.35113
202		37.52579		44.61558		30.436
203		37.69958		44.85159		30.54757
204		37.88915		45.10904		30.66926
205		38.03482		45.30752		30.76212
206		38.23443		45.56936		30.89949
207		38.35963		45.779		30.94025
208		38.51551		46.02064		31.01037
209		38.64492		46.22674		31.06309
210		38.75595		46.29426		31.21763
211		38.94463		46.55339		31.33587
212		39.13092		46.809		31.45284
213		39.2767		47.01671		31.53669
214		39.42371		47.2291		31.61833
215		39.62526		47.50019		31.75034
216		39.79478		47.59046		31.9991
217		39.9637		47.81784		32.10957
218		40.07575		47.85184		32.29966
219		40.21145		47.93437		32.48853
220		40.40893		48.16288		32.65497
221		40.58949		48.38791		32.79107
222		40.80228		48.66953		32.93503
223		41.04663		48.95855		33.13471
224		41.2147		49.19206		33.23734
225		41.40392		49.46086		33.34697
226		41.51763		49.64551		33.38975
227		41.71951		49.88827		33.55075
228		41.81569		49.92066		33.71072
229		42.10514		50.25752		33.95276
230		42.29328		50.35156		34.235
231		42.54421		50.64641		34.44201
232		42.69847		50.73557		34.66136
233		42.91		51.0187		34.8013
234		42.98698		51.05064		34.92333
235		43.20749		51.33109		35.08388
236		43.3167		51.40347		35.22993
237		43.51941		51.6692		35.36963
238		43.76452		51.94755		35.58149
239		43.94687		52.20209		35.69164
240		44.11474		52.46983		35.75965
241		44.23867		52.68489		35.79245
242		44.4411		52.93824		35.94395
243		44.56099		53.01216		36.10983
244		44.77779		53.28249		36.27308
245		44.93753		53.54456		36.33049
246		45.10267		53.65162		36.55371
247		45.32736		53.93836		36.71635
248		45.48074		54.19288		36.7686
249		45.72004		54.50361		36.93647
250		45.88391		54.60139		37.16644
251		46.08762		54.87994		37.29529
252		46.20157		54.95029		37.45284
253		46.36307		55.19525		37.53089
254		46.52105		55.43793		37.60417
255		46.71668		55.7337		37.69965
256		46.87263		55.82869		37.91657
257		47.09838		56.12452		38.07223
258		47.28459		56.40086		38.16832
259		47.46865		56.66862		38.26867
260		47.67231		56.9658		38.37882
261		47.85536		57.22644		38.48428
262		47.97829		57.45311		38.50347
263		48.24101		57.79693		38.68509
264		48.39628		58.01732		38.77524
265		48.62069		58.31287		38.9285
266		48.81404		58.56738		39.0607
267		49.06205		58.88718		39.23692
268		49.22086		59.13917		39.30255
269		49.37735		59.36541		39.38929
270		49.59311		59.58672		39.59951
271		49.77135		59.84419		39.69851
272		49.91132		59.99137		39.83127
273		50.07553		60.19551		39.95554
274		50.28531		60.48052		40.0901
275		50.49143		60.72763		40.25523
276		50.67075		60.9647		40.37681
277		50.82979		61.11116		40.54843
278		51.0824		61.28662		40.87818
279		51.24397		61.36993		41.118
280		51.48973		61.55411		41.42535
281		51.73032		61.83584		41.6248
282		51.97038		62.10951		41.83126
283		52.20751		62.40262		42.0124
284		52.45845		62.68207		42.23483
285		52.66073		62.89383		42.42763
286		52.89526		63.1471		42.64343
287		53.09237		63.36342		42.82133
288		53.33354		63.61482		43.05226
289		53.62981		63.97368		43.28595
290		53.9245		64.33273		43.51626
291		54.14976		64.63401		43.66551
292		54.38959		64.99291		43.78628
293		54.59466		65.3097		43.87962
294		54.82367		65.63715		44.01019
295		55.05158		65.9459		44.15726
296		55.33075		66.32582		44.33568
297		55.58661		66.64093		44.53229
298		55.82295		66.98731		44.65859
299		56.01142		67.28725		44.73559
300		56.20258		67.44506		44.9601
301		56.38215		67.70118		45.06311
302		56.54432		67.84772		45.24092
303		56.77901		68.15397		45.40404
304		56.99531		68.47742		45.5132
305		57.24479		68.77564		45.71394
306		57.49219		69.04743		45.93694
307		57.69743		69.26835		46.12652
308		57.9421		69.51857		46.36563
309		58.21527		69.85333		46.57721
310		58.42621		70.1151		46.73732
311		58.6085		70.38463		46.83238
312		58.83676		70.70646		46.96705
313		59.09626		71.02296		47.16957
314		59.37212		71.36037		47.38386
315		59.60658		71.64368		47.56949
316		59.87107		71.90376		47.83837
317		60.07263		72.11686		48.0284
318		60.21704		72.30332		48.13075
319		60.41936		72.52157		48.31715
320		60.65023		72.77061		48.52985
321		60.89492		73.02939		48.76045
322		61.1621		73.35056		48.97363
323		61.39231		73.63104		49.15358
324		61.59993		73.9225		49.27736
325		61.76157		74.05572		49.46742
326		61.84981		74.1255		49.57411
327		61.99077		74.23195		49.74959
328		62.11966		74.34113		49.89818
329		62.31188		74.58197		50.04178
330		62.45792		74.69476		50.22107
331		62.66355		74.95122		50.37588
332		62.85816		75.23989		50.47642
333		63.00471		75.35536		50.65407
334		63.15488		75.59991		50.70985
335		63.34101		75.84388		50.83814
336		63.5227		76.07254		50.97286
337		63.77984		76.39326		51.16642
338		63.98097		76.63436		51.32759
339		64.20398		76.92424		51.48371
340		64.34378		77.05826		51.6293
341		64.5633		77.33812		51.78848
342		64.80101		77.62247		51.97955
343		65.013		77.8585		52.1675
344		65.26542		78.16264		52.36819
345		65.50961		78.44362		52.57561
346		65.68753		78.67153		52.70353
347		65.88052		78.96726		52.79379
348		66.07949		79.22578		52.9332
349		66.23986		79.32522		53.15449
350		66.45309		79.61762		53.28855
351		66.71128		79.97998		53.44257
352		66.91127		80.15793		53.66461
353		67.14237		80.46171		53.82303
354		67.35919		80.78863		53.92976
355		67.46065		80.86222		54.05909
356		67.69284		81.23159		54.15409
357		67.84191		81.3473		54.33653
358		68.05128		81.64309		54.45947
359		68.19606		81.77371		54.61841
360		68.40792		82.0513		54.76453
361		68.68701		82.38782		54.9862
362		68.93553		82.6815		55.18956
363		69.13575		82.93445		55.33704
364		69.38673		83.24198		55.53148
365		69.64965		83.56805		55.73124
366		69.87043		83.84521		55.89565
367		70.0613		83.99993		56.12268
368		70.31202		84.31193		56.31211
369		70.54751		84.6046		56.49042
370		70.72126		84.71606		56.72646
371		70.96585		85.03982		56.89189
372		71.12871		85.21377		57.04364
373		71.35104		85.51355		57.18853
374		71.47812		85.64622		57.31002
375		71.66084		85.89836		57.42333
376		71.81904		86.15194		57.48614
377		71.97342		86.40211		57.54472
378		72.19703		86.69604		57.69802
379		72.4498		86.96668		57.93292
380		72.68177		87.25304		58.11051
381		72.96759		87.55941		58.37577
382		73.14403		87.76673		58.52133
383		73.42299		88.09514		58.75085
384		73.70771		88.42786		58.98755
385		73.98456		88.74645		59.22267
386		74.2033		88.99551		59.4111
387		74.46392		89.26008		59.66776
388		74.70995		89.53021		59.88969
389		74.92271		89.80111		60.0443
390		75.14079		90.12968		60.15189
391		75.39421		90.46399		60.32442
392		75.68147		90.78444		60.5785
393		75.95733		91.02752		60.88714
394		76.23476		91.34376		61.12576
395		76.48858		91.67313		61.30403
396		76.77598		91.94992		61.60205
397		77.05798		92.21106		61.9049
398		77.3359		92.52029		62.1515
399		77.64304		92.81348		62.47261
400		77.86309		93.14679		62.57938
401		78.11908		93.33536		62.90281
402		78.3599		93.50869		63.21111
403		78.5123		93.73244		63.29215
404		78.79644		94.03302		63.55986
405		79.01721		94.34922		63.6852
406		79.21142		94.62095		63.80189
407		79.44668		94.82627		64.06709
408		79.77814		95.12026		64.43601
409		80.06048		95.42808		64.69287
410		80.33432		95.69732		64.97133
411		80.51649		95.81426		65.21872
412		80.68336		95.88122		65.4855
413		80.85736		96.00309		65.71164
414		81.11796		96.27269		65.96324
415		81.31292		96.38033		66.2455
416		81.58297		96.64193		66.52401
417		81.81599		96.90142		66.73056
418		82.04594		97.15557		66.93632
419		82.32241		97.47239		67.17244
420		82.56234		97.73039		67.3943
421		82.84935		98.03654		67.66215
422		83.12272		98.35902		67.88643
423		83.30478		98.47503		68.13452
424		83.48695		98.60073		68.37317
425		83.64581		98.72237		68.56924
426		83.82497		98.99695		68.65298
427		84.05071		99.16159		68.93982
428		84.25458		99.33499		69.17418
429		84.5223		99.6007		69.4439
430		84.77487		99.85674		69.69301
431		85.00304		100.04162		69.96445
432		85.23625		100.23258		70.23992
433		85.45345		100.46121		70.44569
434		85.70255		100.73176		70.67334
435		85.91851		100.99695		70.84007
436		86.09937		101.26986		70.92889
437		86.26773		101.40831		71.12716
438		86.50178		101.71959		71.28398
439		86.70365		101.84484		71.56245
440		86.95631		102.10309		71.80953
441		87.21765		102.35437		72.08093
442		87.46472		102.61093		72.31851
443		87.67619		102.9209		72.43149
444		87.94954		103.23642		72.66266
445		88.16943		103.40237		72.93649
446		88.35758		103.62716		73.088
447		88.55843		103.83092		73.28594
448		88.8057		104.11464		73.49676
449		88.9518		104.18726		73.71634
450		89.14671		104.43971		73.85371
451		89.40094		104.77513		74.02675
452		89.62729		105.02193		74.23264
453		89.82459		105.27118		74.378
454		90.07766		105.56234		74.59298
455		90.34028		105.87243		74.80814
456		90.52213		106.00356		75.04071
457		90.69631		106.1782		75.21443
458		90.86175		106.3312		75.39231
459		91.07633		106.56241		75.59025
460		91.29846		106.87382		75.7231
461		91.57089		107.15756		75.98422
462		91.8909		107.50205		76.27975
463		92.10178		107.72429		76.47926
464		92.24493		107.88414		76.60572
465		92.48833		108.20645		76.77022
466		92.67851		108.33456		77.02245
467		92.84929		108.58721		77.11136
468		93.0665		108.85293		77.28007
469		93.243		109.11508		77.37093
470		93.48856		109.38292		77.5942
471		93.69479		109.49867		77.89092
472		93.86613		109.65475		78.07752
473		94.01983		109.83237		78.20729
474		94.22542		110.07796		78.37288
475		94.50208		110.3389		78.66526
476		94.65575		110.4621		78.8494
477		94.8313		110.61762		79.04498
478		95.12273		110.90392		79.34154
479		95.41442		111.18441		79.64444
480		95.65994		111.5007		79.81918
481		95.89125		111.68964		80.09286
482		96.20107		111.98839		80.41375
483		96.35708		112.16647		80.54769
484		96.59845		112.42126		80.77564
485		96.7744		112.52549		81.02331
486		97.03286		112.79795		81.26777
487		97.30742		113.09163		81.52321
488		97.59192		113.3609		81.82293
489		97.75802		113.49239		82.02365
490		98.03086		113.76843		82.29329
491		98.31374		114.05345		82.57402
492		98.5677		114.28795		82.84746
493		98.84831		114.55349		83.14313
494		99.16491		114.85891		83.47092
495		99.27681		115.04913		83.50449
496		99.47992		115.23327		83.72658
497		99.71813		115.46132		83.97494
498		99.91057		115.73672		84.08443
499		100.14545		115.91742		84.37348
500		100.43183		116.18539		84.67827
