episode	mediator-random_inst_loss_mean	mediator-random_inst_loss_std_up	mediator-random_inst_loss_std_down
1		-1440.58419		3476.83762		-6358.00601
2		3621.31346		10183.04484		-2940.41791
3		5665.52504		13259.47315		-1928.42306
4		5271.56991		12814.78247		-2271.64266
5		4207.18944		11717.62369		-3303.2448
6		2724.55107		10289.46422		-4840.36208
7		1323.53073		8632.48939		-5985.42792
8		839.85717		8466.35397		-6786.63963
9		853.7886		7889.66493		-6182.08773
10		967.55306		7313.4847		-5378.37858
11		-141.67829		7801.54468		-8084.90126
12		-537.37925		7872.41961		-8947.1781
13		-617.35909		8690.14397		-9924.86215
14		-2018.5577		7403.39878		-11440.51418
15		-993.31443		8317.62327		-10304.25213
16		-266.80251		5716.50863		-6250.11364
17		-1898.06022		5672.64531		-9468.76574
18		-3426.18622		4041.29875		-10893.67118
19		-2760.65461		3943.02876		-9464.33797
20		-1421.25081		2635.27943		-5477.78105
21		407.11689		3634.88054		-2820.64677
22		2414.28231		8548.38702		-3719.8224
23		1221.54297		6714.51785		-4271.43191
24		1497.72711		6165.2965		-3169.84228
25		1870.64037		8407.02287		-4665.74214
26		587.56449		5935.62799		-4760.49901
27		-1251.90893		4092.15332		-6595.97118
28		-2801.7203		3240.92152		-8844.36212
29		-2042.7789		3500.6264		-7586.18419
30		-2297.34807		4872.90665		-9467.60278
31		-4613.59719		2054.63393		-11281.82831
32		-4825.54698		2181.17419		-11832.26815
33		-2652.64491		5336.2476		-10641.53741
34		-2365.93392		4576.52834		-9308.39619
35		-2295.47104		4732.30101		-9323.24309
36		-2045.77104		7782.40484		-11873.94692
37		-1451.73536		10035.4267		-12938.89742
38		-2897.50354		8420.55238		-14215.55947
39		-4131.91184		5722.49645		-13986.32012
40		-3327.1978		3529.22302		-10183.61863
41		-4271.52926		4254.67699		-12797.7355
42		-3959.51598		4666.9327		-12585.96466
43		-2760.29394		4394.33938		-9914.92726
44		-198.57327		6332.44965		-6729.59618
45		480.51378		4283.72428		-3322.69672
46		1229.5365		4089.78758		-1630.71457
47		2723.90339		9625.04387		-4177.23709
48		450.61071		6692.30002		-5791.07859
49		2629.90852		9312.95791		-4053.14087
50		715.0786		7050.09027		-5619.93307
51		425.08958		4884.00362		-4033.82447
52		1198.72479		6607.99153		-4210.54195
53		1114.76107		6499.44991		-4269.92776
54		4530.12286		10719.27939		-1659.03367
55		1369.55871		8255.0044		-5515.88699
56		579.88061		6550.89558		-5391.13436
57		1973.91316		6640.34602		-2692.5197
58		130.07802		4424.3841		-4164.22806
59		206.65996		2909.83031		-2496.51039
60		1708.65059		5411.68915		-1994.38797
61		11.67787		3779.55866		-3756.20293
62		-17.07158		2458.24911		-2492.39227
63		-74.86371		3333.57566		-3483.30308
64		409.99017		5110.30315		-4290.32282
65		-789.58947		3641.60775		-5220.78669
66		-921.97023		5530.03928		-7373.97973
67		-1238.67395		4320.89983		-6798.24773
68		-1989.34328		3899.25963		-7877.94619
69		-1480.13984		4573.65342		-7533.9331
70		-1379.39558		4556.68283		-7315.474
71		-38.87286		8172.27626		-8250.02198
72		-733.05947		7253.2108		-8719.32974
73		-2531.94202		5320.87096		-10384.755
74		-2453.30972		4562.98603		-9469.60548
75		-2938.03661		3846.64438		-9722.7176
76		-1883.36135		2210.13778		-5976.86047
77		-3644.13734		1327.96863		-8616.24331
78		-3172.47409		1507.17077		-7852.11895
79		166.76967		6254.20434		-5920.66501
80		-1305.08342		4656.48712		-7266.65395
81		980.00903		7236.40313		-5276.38507
82		-52.94286		8099.44452		-8205.33024
83		-428.62222		6747.09247		-7604.33692
84		-1490.67171		7196.52931		-10177.87273
85		-2916.46449		5778.25614		-11611.18513
86		-2015.56326		6592.54896		-10623.67548
87		-1419.9377		3037.1021		-5876.97749
88		-1564.65064		5047.46241		-8176.76368
89		-295.60199		9137.81852		-9729.02249
90		-1841.34465		6666.53527		-10349.22457
91		-1351.88136		8821.37081		-11525.13354
92		-3503.80872		5923.20504		-12930.82248
93		-4401.22522		5521.94716		-14324.39761
94		-4696.18333		5834.19532		-15226.56198
95		-2285.90581		9533.72003		-14105.53164
96		-1116.54176		6388.97785		-8622.06138
97		-535.32308		5714.75637		-6785.40254
98		-1344.89201		5560.55325		-8250.33727
99		-91.80667		6318.7883		-6502.40163
100		577.53969		9031.09452		-7876.01514
101		-139.26325		8439.85528		-8718.38178
102		-244.10183		6785.72123		-7273.92489
103		-105.83249		8908.54822		-9120.21321
104		-831.07284		7115.94237		-8778.08806
105		-1721.11309		7786.1005		-11228.32668
106		-1875.01266		8849.50153		-12599.52686
107		-3117.32945		5928.8278		-12163.48671
108		852.48281		8917.39518		-7212.42956
109		-2230.72034		6082.84896		-10544.28964
110		-3705.41874		3086.75601		-10497.5935
111		-2905.13222		904.54362		-6714.80807
112		-3023.32539		1763.09359		-7809.74436
113		-2739.2121		2667.6662		-8146.0904
114		-3541.32757		2168.87884		-9251.53399
115		-3735.9688		2224.40198		-9696.33959
116		-1996.41476		6011.71893		-10004.54845
117		-2171.4686		5198.08797		-9541.02517
118		-1060.98708		2558.65699		-4680.63116
119		890.92572		5088.48971		-3306.63828
120		-493.26832		3752.52275		-4739.0594
121		-1789.49108		933.76987		-4512.75202
122		-2603.34504		2029.12199		-7235.81206
123		-2936.97192		1887.75691		-7761.70076
124		-3189.05832		1957.06652		-8335.18317
125		-4787.98837		-1392.70259		-8183.27414
126		-3681.92437		-2632.06411		-4731.78463
127		-3040.70797		2382.05097		-8463.4669
128		-3920.41545		646.72955		-8487.56045
129		-1568.40783		5547.94881		-8684.76447
130		-3082.04048		2449.89527		-8613.97623
131		-4514.5144		2826.93389		-11855.96269
132		-6413.32109		2167.42018		-14994.06237
133		-4247.55733		8167.34494		-16662.4596
134		-6915.29855		4886.30823		-18716.90533
135		-5674.27122		5895.09639		-17243.63884
136		-8549.22473		2812.39375		-19910.8432
137		-8484.378		2738.66251		-19707.41851
138		-6895.64043		5041.30955		-18832.59041
139		-4734.41786		7952.60262		-17421.43834
140		-1588.65971		7035.9323		-10213.25172
141		26.85083		5756.15124		-5702.44958
142		-1243.1692		6068.75061		-8555.08902
143		-2529.30619		5958.39361		-11017.00599
144		-159.12059		9321.38343		-9639.62461
145		-1961.99009		9408.95568		-13332.93585
146		-3385.05955		7137.62872		-13907.74781
147		-2607.92101		8259.22431		-13475.06633
148		-3464.85023		6847.81196		-13777.51242
149		-2553.45744		8984.98223		-14091.89711
150		818.36614		15389.51926		-13752.78699
151		-723.78492		13201.55747		-14649.12731
152		-770.13444		14503.92898		-16044.19785
153		-1106.37635		12998.66716		-15211.41987
154		-578.23052		13500.16049		-14656.62153
155		-2039.74858		14271.40339		-18350.90054
156		-2244.61269		14472.85818		-18962.08357
157		-1038.88107		13962.45138		-16040.21352
158		3634.95495		16323.98627		-9054.07637
159		3132.67646		12253.38228		-5988.02935
160		2550.3544		13109.22281		-8008.514
161		1937.38381		12155.12564		-8280.35802
162		5996.17813		14653.61154		-2661.25528
163		7689.24345		12656.02159		2722.46532
164		9544.43896		14398.03823		4690.83969
165		7309.6466		12237.79855		2381.49464
166		8308.27056		14080.76496		2535.77615
167		7341.99264		13351.3357		1332.64958
168		5835.99075		11961.52587		-289.54437
169		6239.48512		12637.80976		-158.83952
170		9274.87838		15456.3586		3093.39816
171		7047.9233		12671.93109		1423.9155
172		7427.14301		13838.13998		1016.14604
173		6342.91971		11053.79593		1632.0435
174		8364.31585		14214.16607		2514.46563
175		6723.76729		11777.22171		1670.31286
176		5318.52128		9631.92895		1005.1136
177		5590.18788		9802.15512		1378.22064
178		4542.57678		9819.05177		-733.8982
179		3182.1829		9206.80785		-2842.44205
180		4982.18618		11348.13679		-1383.76444
181		2277.15944		9295.72839		-4741.40951
182		2311.67925		8934.20228		-4310.84378
183		2865.58465		9423.37967		-3692.21036
184		2197.63488		10138.83186		-5743.56209
185		1754.45326		9109.01678		-5600.11026
186		736.18328		7698.29109		-6225.92453
187		104.81378		9256.93094		-9047.30339
188		-361.6624		7425.40141		-8148.72621
189		1170.65172		9236.0135		-6894.71006
190		220.3041		8655.05977		-8214.45158
191		-438.21694		8945.53711		-9821.97098
192		-1781.08781		7250.69809		-10812.87372
193		-688.30783		7783.73188		-9160.34754
194		-2106.06519		6204.04447		-10416.17485
195		-2496.0873		8405.96601		-13398.14061
196		-2697.4397		7706.59904		-13101.47843
197		-4892.65636		7775.35824		-17560.67097
198		-6358.70205		7353.13033		-20070.53443
199		-6597.03362		8144.70112		-21338.76836
200		-4886.93745		11265.29289		-21039.1678
201		-3352.25236		11932.77501		-18637.27973
202		-2826.97885		12897.14282		-18551.10053
203		-3695.43743		12961.58027		-20352.45513
204		-3027.40269		15951.49302		-22006.29841
205		-3355.81885		15001.23096		-21712.86867
206		-4775.17261		12757.85573		-22308.20094
207		-2313.99331		12764.87686		-17392.86348
208		-1867.36864		9866.07256		-13600.80984
209		719.32342		9458.99791		-8020.35107
210		1424.69614		8810.09712		-5960.70485
211		-553.56602		7327.8041		-8434.93613
212		-745.11554		8333.93618		-9824.16727
213		451.73486		9692.41187		-8788.94215
214		-1639.45959		8508.60727		-11787.52644
215		-1823.25586		9106.40033		-12752.91206
216		-595.34757		8525.50603		-9716.20116
217		823.81683		9651.34943		-8003.71576
218		884.99836		6599.96284		-4829.96612
219		-437.78384		6408.84454		-7284.41223
220		26.45127		7366.40358		-7313.50104
221		-719.35633		7261.50242		-8700.21508
222		1377.16639		9632.60934		-6878.27656
223		2117.16242		7377.03887		-3142.71403
224		3579.99071		9581.40707		-2421.42566
225		1715.16511		7775.34325		-4345.01303
226		1769.65184		7816.3499		-4277.04623
227		3248.38434		10298.94955		-3802.18086
228		2573.05237		8793.45048		-3647.34574
229		1995.47066		8543.25815		-4552.31682
230		1387.48992		8279.8978		-5504.91796
231		874.13954		9231.48556		-7483.20648
232		200.47666		8732.52312		-8331.56979
233		-1576.80196		7640.61963		-10794.22354
234		-605.39217		9632.91742		-10843.70176
235		-1517.74874		7840.20771		-10875.70519
236		-239.56687		11904.03654		-12383.17028
237		-872.74607		9727.43801		-11472.93015
238		-2448.86474		10084.7428		-14982.47228
239		-3164.12852		8855.1049		-15183.36195
240		-4700.02267		8683.07267		-18083.118
241		-5632.86824		9026.58124		-20292.31773
242		-5965.12012		10184.28397		-22114.52421
243		-6475.68254		9041.79501		-21993.16008
244		-4159.06286		9536.22394		-17854.34967
245		2421.62197		13830.4822		-8987.23826
246		1171.59876		12805.13859		-10461.94108
247		3241.01608		17326.38016		-10844.34801
248		1980.511		14482.05241		-10521.03041
249		164.79632		14726.6618		-14397.06917
250		264.31404		14657.98104		-14129.35297
251		588.99373		11207.98348		-10029.99602
252		-176.75193		11945.56142		-12299.06528
253		868.3447		13182.37863		-11445.68923
254		-616.13762		13532.52418		-14764.79941
255		-62.18975		13433.8084		-13558.18789
256		4013.36024		14749.43816		-6722.71768
257		4214.88292		11101.71053		-2671.94469
258		3689.51909		12770.70046		-5391.66227
259		2486.81369		11373.80792		-6400.18053
260		2554.38395		10771.35019		-5662.58229
261		768.87311		10570.23639		-9032.49018
262		773.55499		9981.28244		-8434.17246
263		2722.92284		9217.34986		-3771.50418
264		4224.29795		9428.71863		-980.12272
265		5804.69281		12479.08617		-869.70055
266		6012.69403		12644.72097		-619.33291
267		4898.06674		10570.54818		-774.41469
268		2712.84613		9897.78702		-4472.09475
269		3370.43343		10307.38569		-3566.51883
270		4410.35611		9660.94639		-840.23417
271		2777.58711		8069.52466		-2514.35043
272		1351.8286		6265.87638		-3562.21919
273		2433.33614		6759.49471		-1892.82243
274		1770.166		7246.0143		-3705.68231
275		1332.01557		7705.65839		-5041.62726
276		-853.71076		5438.83464		-7146.25617
277		-306.7532		5175.83624		-5789.34264
278		-673.64493		6185.37303		-7532.66289
279		-612.76296		6134.70422		-7360.23015
280		1538.92417		9213.67923		-6135.8309
281		-1067.65684		5721.78075		-7857.09444
282		-1110.0802		5793.11964		-8013.28004
283		-2906.78126		5202.46123		-11016.02376
284		-3023.97596		5258.33915		-11306.29106
285		-1599.33138		8029.81282		-11228.47558
286		-3637.6444		5311.56327		-12586.85208
287		-2405.77661		6818.37765		-11629.93087
288		-2701.47561		6146.08065		-11549.03186
289		-2913.63791		4634.93102		-10462.20683
290		-5643.29492		2862.76404		-14149.35388
291		-6598.25686		2386.99215		-15583.50586
292		-5257.97528		3813.51193		-14329.46249
293		-4860.53253		547.36041		-10268.42547
294		-7036.30214		-390.09016		-13682.51411
295		-7315.7896		1174.88514		-15806.46434
296		-6321.90292		4973.92793		-17617.73377
297		-8157.28977		2620.46726		-18935.04681
298		-7972.71509		2560.5153		-18505.94548
299		-10864.0468		-188.8561		-21539.2375
300		-11846.03132		-1674.99362		-22017.06901
301		-11272.24606		-4156.90942		-18387.5827
302		-9901.80863		-4083.39899		-15720.21827
303		-8360.14312		-1406.14335		-15314.1429
304		-6375.09943		1803.07956		-14553.27843
305		-5386.76185		2061.99942		-12835.52313
306		-3696.71566		297.30259		-7690.73391
307		-3251.29561		3112.26766		-9614.85887
308		-4203.81046		455.53584		-8863.15675
309		-1801.81282		698.60859		-4302.23424
310		-3113.29847		1590.21897		-7816.81591
311		-3347.13566		932.46027		-7626.7316
312		-4926.85601		-1320.29755		-8533.41447
313		-3673.94194		2563.43172		-9911.31559
314		-2615.00842		6049.66859		-11279.68542
315		-2299.55832		5052.0266		-9651.14325
316		1658.23542		9966.11523		-6649.64439
317		1862.43351		7396.872		-3672.00497
318		2662.16417		7446.25676		-2121.92842
319		4837.56186		11154.70102		-1479.57731
320		6966.63055		11704.15968		2229.10142
321		7484.41211		9075.0755		5893.74873
322		5462.8445		7752.01155		3173.67744
323		5769.63661		7873.13922		3666.134
324		7095.48477		12341.47522		1849.49433
325		7349.4064		12070.95526		2627.85754
326		6834.8794		10553.30623		3116.45257
327		7836.04516		13142.83774		2529.25258
328		6222.75199		10231.99576		2213.50822
329		5892.31884		10059.16644		1725.47124
330		6067.55596		9812.46773		2322.64419
331		5701.42505		9619.88621		1782.96389
332		5965.71493		11235.97574		695.45411
333		6209.72055		10808.34143		1611.09967
334		4483.30179		8982.93014		-16.32657
335		3741.94946		8006.40548		-522.50656
336		3268.77818		8327.24098		-1789.68461
337		1597.95082		6543.69645		-3347.79481
338		2538.25327		7974.14108		-2897.63455
339		1986.36958		7689.18246		-3716.44331
340		2578.19171		8665.74164		-3509.35821
341		793.93391		7074.85834		-5486.99052
342		799.93478		8557.48127		-6957.61171
343		645.42789		6645.36262		-5354.50685
344		-717.49284		6303.20496		-7738.19064
345		480.81139		7088.75264		-6127.12987
346		2728.30295		10717.47007		-5260.86417
347		818.65169		8419.30056		-6781.99719
348		302.892		8916.73448		-8310.95047
349		-1546.05931		8020.77947		-11112.8981
350		-1085.09538		8432.68615		-10602.87692
351		-661.594		10366.8438		-11690.0318
352		-2749.66089		7232.14499		-12731.46678
353		-2930.16501		7469.17144		-13329.50147
354		-3930.68379		7786.53119		-15647.89877
355		-4850.5674		7483.3431		-17184.47791
356		-3869.79342		10140.68888		-17880.27571
357		-4083.17356		8202.53103		-16368.87815
358		-6091.40019		5506.45742		-17689.2578
359		-4475.81622		8316.49003		-17268.12246
360		-5199.83383		7548.85038		-17948.51804
361		-3681.61697		5809.25624		-13172.49018
362		-418.72444		7157.13118		-7994.58006
363		1433.69761		8723.45717		-5856.06195
364		78.07051		6314.1887		-6158.04768
365		2739.62455		8535.11921		-3055.87011
366		3523.79935		7177.18734		-129.58863
367		1232.05463		4726.32028		-2262.21103
368		2710.0221		9026.97567		-3606.93148
369		1218.98372		5625.80811		-3187.84067
370		3164.28644		6743.19531		-414.62242
371		2539.58737		5397.4055		-318.23076
372		1492.24196		3622.20908		-637.72516
373		2636.17797		5742.98542		-470.62948
374		4160.51712		9388.14486		-1067.11062
375		3659.82149		7071.88382		247.75915
376		3655.83494		8685.6148		-1373.94492
377		5856.00154		13517.37175		-1805.36868
378		3560.37494		10248.54235		-3127.79247
379		3711.97797		11726.29859		-4302.34265
380		3710.73651		11233.39355		-3811.92053
381		1986.08632		10110.68297		-6138.51032
382		986.67226		9616.06321		-7642.71869
383		1443.3109		10256.37107		-7369.74928
384		-268.5554		9266.01391		-9803.1247
385		-1992.26415		7907.72389		-11892.25219
386		-883.06917		9370.1529		-11136.29123
387		-503.22261		7071.95688		-8078.4021
388		-1507.47463		6842.76157		-9857.71083
389		-1049.9848		7646.84081		-9746.81041
390		-2452.58353		7139.66374		-12044.83081
391		-1527.26752		7150.83188		-10205.36691
392		393.43951		10395.28171		-9608.4027
393		-1673.29356		6760.26814		-10106.85526
394		-1957.97038		7283.41338		-11199.35414
395		-2681.59187		7801.09433		-13164.27807
396		-1471.3296		6323.55724		-9266.21644
397		-3078.95267		5537.04291		-11694.94825
398		-2654.62665		7107.34621		-12416.5995
399		-4225.42871		4928.22917		-13379.08659
400		-5718.08095		4521.93297		-15958.09487
401		-3983.7488		7855.01414		-15822.51175
402		-5596.97511		5055.38138		-16249.33159
403		-2683.51665		8136.27771		-13503.31101
404		-5462.78581		4000.79864		-14926.37026
405		-4133.48601		3883.38964		-12150.36165
406		-3627.30538		4992.62357		-12247.23432
407		-1760.90772		8486.36832		-12008.18376
408		-3235.11771		7108.53702		-13578.77243
409		-2102.36201		9300.01624		-13504.74025
410		-2905.15331		8219.96395		-14030.27057
411		-3100.50595		7703.86052		-13904.87242
412		-2534.45308		7750.48137		-12819.38753
413		-2313.86315		8754.46545		-13382.19175
414		-3705.90664		7272.21665		-14684.02993
415		-1865.6706		8800.6834		-12532.0246
416		-739.09456		6706.89277		-8185.0819
417		706.69852		4287.57766		-2874.18062
418		1027.13237		6376.71407		-4322.44934
419		383.54644		5405.89384		-4638.80096
420		355.77839		5171.36868		-4459.81191
421		-588.55862		5412.41078		-6589.52801
422		-166.45362		7372.08715		-7704.9944
423		-956.60848		5219.29783		-7132.51478
424		-855.83922		3401.87382		-5113.55225
425		-1097.49265		3537.58064		-5732.56593
426		-1902.45537		3845.28318		-7650.19391
427		131.79925		7424.28847		-7160.68998
428		-2598.39514		5084.14715		-10280.93744
429		-2770.93819		4803.30539		-10345.18178
430		-1823.02044		7341.43262		-10987.47351
431		-99.5499		9851.12077		-10050.22056
432		-2130.50583		7896.74782		-12157.75948
433		-1601.20301		9091.15356		-12293.55957
434		-306.54888		9932.10285		-10545.2006
435		3161.50805		16250.39029		-9927.37419
436		1951.87741		15026.88705		-11123.13223
437		1235.83432		13614.36101		-11142.69238
438		742.03437		14331.47918		-12847.41043
439		-560.7427		13023.52976		-14145.01516
440		-725.1468		13797.00703		-15247.30063
441		-149.40976		14163.752		-14462.57151
442		1717.17655		13389.5226		-9955.1695
443		4430.79939		12531.26186		-3669.66307
444		6725.35964		18735.02528		-5284.306
445		5648.23771		17306.59968		-6010.12426
446		5324.95187		16593.62738		-5943.72364
447		3551.96602		16147.89408		-9043.96203
448		3053.43063		16326.70747		-10219.8462
449		2759.94367		15309.21784		-9789.3305
450		4731.20999		14322.76969		-4860.34971
451		7015.49151		13192.74261		838.24041
452		5981.16662		14715.53772		-2753.20449
453		5807.63611		12673.93006		-1058.65783
454		6837.0441		12243.31258		1430.77562
455		9254.1928		15737.17494		2771.21067
456		7187.09016		12717.81729		1656.36303
457		6824.69777		12625.12267		1024.27287
458		7599.33902		14332.91143		865.76662
459		8613.14135		15027.88621		2198.39649
460		9768.14861		11805.55916		7730.73806
461		8912.87518		12271.06713		5554.68323
462		8173.64092		11403.24404		4944.03779
463		7945.85469		11362.27153		4529.43786
464		8355.72299		12296.06114		4415.38485
465		8498.91208		12871.64732		4126.17685
466		8360.13712		13403.09386		3317.18037
467		7557.89056		12105.26752		3010.51361
468		6613.84203		12464.3755		763.30857
469		6015.04392		11989.02112		41.06671
470		5561.78631		11862.18849		-738.61588
471		6102.56776		14237.80653		-2032.67102
472		5922.14443		13499.29817		-1655.00931
473		5413.3119		11731.21234		-904.58853
474		5661.75306		11097.67653		225.82959
475		4590.09394		11612.57329		-2432.38541
476		4794.92362		12787.33863		-3197.49138
477		4846.35495		11711.85018		-2019.14029
478		3184.70652		11412.69268		-5043.27965
479		3314.90422		12556.55153		-5926.74309
480		1734.17322		9413.48278		-5945.13635
481		2865.36551		7392.62097		-1661.88995
482		1727.42313		7507.16203		-4052.31577
483		1213.17625		7319.23263		-4892.88013
484		1183.40059		8072.5861		-5705.78493
485		1260.73432		9218.34423		-6696.87559
486		660.32451		6489.9542		-5169.30519
487		2781.59247		5491.09235		72.0926
488		3686.89775		8486.81862		-1113.02312
489		3408.94086		7934.52082		-1116.63911
490		3369.524		10056.17399		-3317.12598
491		1563.22406		6346.01834		-3219.57022
492		264.23271		4930.50643		-4402.041
493		648.10594		6389.68464		-5093.47276
494		272.16192		4625.45199		-4081.12816
495		-1152.75378		4571.91853		-6877.42608
496		-2133.57651		3727.9731		-7995.12611
497		-2377.56405		4147.61318		-8902.74128
498		-2702.7975		4445.541		-9851.136
499		-2786.05		3654.72207		-9226.82207
500		-800.0		2510.58907		-4110.58907
