step	mediator-random_cum_inst_loss_mean	mediator-random_cum_inst_loss_std_up	mediator-random_cum_inst_loss_std_down
1		7115.72574		7117.72574		7113.72574
2		13153.61952		13155.61952		13151.61952
3		19191.51131		19193.51131		19189.51131
4		25229.40101		25231.40101		25227.40101
5		31267.28851		31269.28851		31265.28851
6		37305.17371		37307.17371		37303.17371
7		43343.05646		43345.05646		43341.05646
8		49380.93665		49382.93665		49378.93665
9		55418.81415		55420.81415		55416.81415
10		61456.6888		61458.6888		61454.6888
11		67494.56046		67496.56046		67492.56046
12		73532.42898		73534.42898		73530.42898
13		79570.29418		79572.29418		79568.29418
14		85608.1559		85610.1559		85606.1559
15		91646.01394		91648.01394		91644.01394
16		97683.86812		97685.86812		97681.86812
17		103721.71823		103723.71823		103719.71823
18		109759.56407		109761.56407		109757.56407
19		115797.40539		115799.40539		115795.40539
20		121835.24197		121837.24197		121833.24197
21		127873.07355		127875.07355		127871.07355
22		133910.89988		133912.89988		133908.89988
23		139948.72068		139950.72068		139946.72068
24		145986.53565		145988.53565		145984.53565
25		152024.34449		152026.34449		152022.34449
26		158062.14687		158064.14687		158060.14687
27		164099.94247		164101.94247		164097.94247
28		170137.73091		170139.73091		170135.73091
29		176175.51182		176177.51182		176173.51182
30		182213.28481		182215.28481		182211.28481
31		188251.04946		188253.04946		188249.04946
32		194288.80533		194290.80533		194286.80533
33		200326.55195		200328.55195		200324.55195
34		206364.28885		206366.28885		206362.28885
35		212402.01551		212404.01551		212400.01551
36		218439.73139		218441.73139		218437.73139
37		224477.43592		224479.43592		224475.43592
38		230515.12851		230517.12851		230513.12851
39		236552.80853		236554.80853		236550.80853
40		242590.47531		242592.47531		242588.47531
41		248628.12816		248630.12816		248626.12816
42		254665.76635		254667.76635		254663.76635
43		260703.3891		260705.3891		260701.3891
44		266740.99561		266742.99561		266738.99561
45		272778.58501		272780.58501		272776.58501
46		278816.15641		278818.15641		278814.15641
47		284853.70886		284855.70886		284851.70886
48		290891.24135		290893.24135		290889.24135
49		296928.75286		296930.75286		296926.75286
50		302966.24225		302968.24225		302964.24225
51		309003.70838		309005.70838		309001.70838
52		315041.15002		315043.15002		315039.15002
53		321078.56588		321080.56588		321076.56588
54		327115.9546		327117.9546		327113.9546
55		333153.31476		333155.31476		333151.31476
56		339190.64485		339192.64485		339188.64485
57		345227.94329		345229.94329		345225.94329
58		351265.20841		351267.20841		351263.20841
59		357302.43845		357304.43845		357300.43845
60		363339.63159		363341.63159		363337.63159
61		369376.78586		369378.78586		369374.78586
62		375413.89923		375415.89923		375411.89923
63		381450.96954		381452.96954		381448.96954
64		387487.99452		387489.99452		387485.99452
65		393524.9718		393526.9718		393522.9718
66		399561.89885		399563.89885		399559.89885
67		405598.77305		405600.77305		405596.77305
68		411635.59159		411637.59159		411633.59159
69		417672.35157		417674.35157		417670.35157
70		423709.04988		423711.04988		423707.04988
71		429745.68329		429747.68329		429743.68329
72		435782.24839		435784.24839		435780.24839
73		441818.74156		441820.74156		441816.74156
74		447855.15904		447857.15904		447853.15904
75		453891.49684		453893.49684		453889.49684
76		459927.75076		459929.75076		459925.75076
77		465963.91639		465965.91639		465961.91639
78		471999.98908		472001.98908		471997.98908
79		478035.96394		478037.96394		478033.96394
80		484071.83581		484073.83581		484069.83581
81		490107.59929		490109.59929		490105.59929
82		496143.24867		496145.24867		496141.24867
83		502178.77794		502180.77794		502176.77794
84		508214.18077		508216.18077		508212.18077
85		514249.45052		514251.45052		514247.45052
86		520284.58018		520286.58018		520282.58018
87		526319.56237		526321.56237		526317.56237
88		532354.38934		532356.38934		532352.38934
89		538389.05292		538391.05292		538387.05292
90		544423.5445		544425.5445		544421.5445
91		550457.85503		550459.85503		550455.85503
92		556491.97499		556493.97499		556489.97499
93		562525.89434		562527.89434		562523.89434
94		568559.60253		568561.60253		568557.60253
95		574593.08845		574595.08845		574591.08845
96		580626.34038		580628.34038		580624.34038
97		586659.34603		586661.34603		586657.34603
98		592692.09242		592694.09242		592690.09242
99		598724.56591		598726.56591		598722.56591
100		604756.75215		604758.75215		604754.75215
101		610788.636		610790.636		610786.636
102		616820.20155		616822.20155		616818.20155
103		622851.43206		622853.43206		622849.43206
104		628882.30989		628884.30989		628880.30989
105		634912.81647		634914.81647		634910.81647
106		640942.93227		640944.93227		640940.93227
107		646972.63671		646974.63671		646970.63671
108		653001.90816		653003.90816		652999.90816
109		659030.72382		659032.72382		659028.72382
110		665059.05969		665061.05969		665057.05969
111		671086.89054		671088.89054		671084.89054
112		677114.18977		677116.18977		677112.18977
113		683140.92942		683142.92942		683138.92942
114		689167.08002		689169.08002		689165.08002
115		695192.61057		695194.61057		695190.61057
116		701217.48845		701219.48845		701215.48845
117		707241.67929		707243.67929		707239.67929
118		713265.14695		713267.14695		713263.14695
119		719287.85335		719289.85335		719285.85335
120		725309.75843		725311.75843		725307.75843
121		731330.82002		731332.82002		731328.82002
122		737350.99373		737352.99373		737348.99373
123		743370.23281		743372.23281		743368.23281
124		749388.48808		749390.48808		749386.48808
125		755405.70777		755407.70777		755403.70777
126		761421.83736		761423.83736		761419.83736
127		767436.81949		767438.81949		767434.81949
128		773450.59375		773452.59375		773448.59375
129		779463.09659		779465.09659		779461.09659
130		785474.26108		785476.26108		785472.26108
131		791484.01678		791486.01678		791482.01678
132		797492.28955		797494.28955		797490.28955
133		803499.00134		803501.00134		803497.00134
134		809504.06999		809506.06999		809502.06999
135		815507.40902		815509.40902		815505.40902
136		821508.92739		821510.92739		821506.92739
137		827508.5293		827510.5293		827506.5293
138		833506.11386		833508.11386		833504.11386
139		839501.57491		839503.57491		839499.57491
140		845494.80068		845496.80068		845492.80068
141		851485.67353		851487.67353		851483.67353
142		857474.06962		857476.06962		857472.06962
143		863459.85859		863461.85859		863457.85859
144		869442.90323		869444.90323		869440.90323
145		875423.05912		875425.05912		875421.05912
146		881400.1742		881402.1742		881398.1742
147		887374.08844		887376.08844		887372.08844
148		893344.63338		893346.63338		893342.63338
149		899311.63169		899313.63169		899309.63169
150		905274.89672		905276.89672		905272.89672
151		911234.23197		911236.23197		911232.23197
152		917189.43065		917191.43065		917187.43065
153		923140.27502		923142.27502		923138.27502
154		929086.53595		929088.53595		929084.53595
155		935027.97219		935029.97219		935025.97219
156		940964.32985		940966.32985		940962.32985
157		946895.34165		946897.34165		946893.34165
158		952820.72625		952822.72625		952818.72625
159		958740.1875		958742.1875		958738.1875
160		964653.4137		964655.4137		964651.4137
161		970560.07672		970562.07672		970558.07672
162		976459.83117		976461.83117		976457.83117
163		982352.31352		982354.31352		982350.31352
164		988237.14107		988239.14107		988235.14107
165		994113.91103		994115.91103		994111.91103
166		999982.19941		999984.19941		999980.19941
167		1005841.55992		1005843.55992		1005839.55992
168		1011691.52282		1011693.52282		1011689.52282
169		1017531.59365		1017533.59365		1017529.59365
170		1023361.25197		1023363.25197		1023359.25197
171		1029179.94998		1029181.94998		1029177.94998
172		1034987.11109		1034989.11109		1034985.11109
173		1040782.12842		1040784.12842		1040780.12842
174		1046564.36321		1046566.36321		1046562.36321
175		1052333.14314		1052335.14314		1052331.14314
176		1058087.76061		1058089.76061		1058085.76061
177		1063827.47087		1063829.47087		1063825.47087
178		1069551.49008		1069553.49008		1069549.49008
179		1075258.99332		1075260.99332		1075256.99332
180		1080949.1124		1080951.1124		1080947.1124
181		1086620.93365		1086622.93365		1086618.93365
182		1092273.49555		1092275.49555		1092271.49555
183		1097905.78627		1097907.78627		1097903.78627
184		1103516.74105		1103518.74105		1103514.74105
185		1109105.23952		1109107.23952		1109103.23952
186		1114670.10282		1114672.10282		1114668.10282
187		1120210.0906		1120212.0906		1120208.0906
188		1125723.89794		1125725.89794		1125721.89794
189		1131210.15203		1131212.15203		1131208.15203
190		1136667.4088		1136669.4088		1136665.4088
191		1142094.14929		1142096.14929		1142092.14929
192		1147488.77599		1147490.77599		1147486.77599
193		1152849.60891		1152851.60891		1152847.60891
194		1158174.88159		1158176.88159		1158172.88159
195		1163462.73688		1163464.73688		1163460.73688
196		1168711.2226		1168713.2226		1168709.2226
197		1173918.28709		1173920.28709		1173916.28709
198		1179081.77453		1179083.77453		1179079.77453
199		1184199.42025		1184201.42025		1184197.42025
200		1189268.84579		1189270.84579		1189266.84579
201		1194287.554		1194289.554		1194285.554
202		1199252.924		1199254.924		1199250.924
203		1204162.20607		1204164.20607		1204160.20607
204		1209012.51668		1209014.51668		1209010.51668
205		1213800.83342		1213802.83342		1213798.83342
206		1218523.99016		1218525.99016		1218521.99016
207		1223178.67239		1223180.67239		1223176.67239
208		1227761.41283		1227763.41283		1227759.41283
209		1232268.58746		1232270.58746		1232266.58746
210		1236696.41219		1236698.41219		1236694.41219
211		1241040.94014		1241042.94014		1241038.94014
212		1245298.05994		1245300.05994		1245296.05994
213		1249463.49524		1249465.49524		1249461.49524
214		1253532.80565		1253534.80565		1253530.80565
215		1257501.38961		1257503.38961		1257499.38961
216		1261364.48948		1261366.48948		1261362.48948
217		1265117.19951		1265119.19951		1265115.19951
218		1268754.47714		1268756.47714		1268752.47714
219		1272271.15851		1272273.15851		1272269.15851
220		1275661.97892		1275663.97892		1275659.97892
221		1278921.59924		1278923.59924		1278919.59924
222		1282044.63956		1282046.63956		1282042.63956
223		1285025.72127		1285027.72127		1285023.72127
224		1287859.51929		1287861.51929		1287857.51929
225		1290540.82608		1290542.82608		1290538.82608
226		1293064.62966		1293066.62966		1293062.62966
227		1295426.20767		1295428.20767		1295424.20767
228		1297621.24005		1297623.24005		1297619.24005
229		1299645.94279		1299647.94279		1299643.94279
230		1301497.22542		1301499.22542		1301495.22542
231		1303172.87424		1303174.87424		1303170.87424
232		1304671.7633		1304673.7633		1304669.7633
233		1305994.09315		1305996.09315		1305992.09315
234		1307141.656		1307143.656		1307139.656
235		1308118.12193		1308120.12193		1308116.12193
236		1308929.33583		1308931.33583		1308927.33583
237		1309583.60647		1309585.60647		1309581.60647
238		1310091.95775		1310093.95775		1310089.95775
239		1310468.29601		1310470.29601		1310466.29601
240		1310729.4264		1310731.4264		1310727.4264
241		1310894.82707		1310896.82707		1310892.82707
242		1310986.06698		1310988.06698		1310984.06698
243		1311025.74777		1311027.74777		1311023.74777
244		1311035.89507		1311037.89507		1311033.89507
245		1311035.89507		1311037.89507		1311033.89507
246		1311035.89507		1311037.89507		1311033.89507
247		1311035.89507		1311037.89507		1311033.89507
248		1311035.89507		1311037.89507		1311033.89507
249		1311035.89507		1311037.89507		1311033.89507
250		1311035.89507		1311037.89507		1311033.89507
