episode	mediator-random_reward_mean	mediator-random_reward_std_up	mediator-random_reward_std_down
1		0.0		0.0		0.0
2		0.0		0.0		0.0
3		0.0		0.0		0.0
4		0.0		0.0		0.0
5		0.0		0.0		0.0
6		0.0		0.0		0.0
7		0.0		0.0		0.0
8		0.0		0.0		0.0
9		0.0		0.0		0.0
10		0.0		0.0		0.0
11		0.0		0.0		0.0
12		0.0		0.0		0.0
13		0.0		0.0		0.0
14		0.0		0.0		0.0
15		0.0		0.0		0.0
16		0.0		0.0		0.0
17		0.0		0.0		0.0
18		0.0		0.0		0.0
19		2000.0		6000.0		-2000.0
20		2000.0		6000.0		-2000.0
21		2000.0		6000.0		-2000.0
22		4000.0		12000.0		-4000.0
23		4000.0		12000.0		-4000.0
24		4000.0		12000.0		-4000.0
25		4000.0		12000.0		-4000.0
26		6000.0		14000.0		-2000.0
27		8000.0		17797.95897		-1797.95897
28		10000.0		22649.11064		-2649.11064
29		14000.0		27564.65997		435.34003
30		16000.0		29564.65997		2435.34003
31		18000.0		34000.0		2000.0
32		18000.0		34000.0		2000.0
33		18000.0		34000.0		2000.0
34		18000.0		34000.0		2000.0
35		18000.0		34000.0		2000.0
36		18000.0		34000.0		2000.0
37		22000.0		40330.30278		3669.69722
38		26000.0		43435.59577		8564.40423
39		26000.0		43435.59577		8564.40423
40		26000.0		43435.59577		8564.40423
41		26000.0		43435.59577		8564.40423
42		26000.0		43435.59577		8564.40423
43		26000.0		43435.59577		8564.40423
44		26000.0		43435.59577		8564.40423
45		26000.0		43435.59577		8564.40423
46		26000.0		43435.59577		8564.40423
47		28000.0		47390.71943		8609.28057
48		28000.0		47390.71943		8609.28057
49		28000.0		47390.71943		8609.28057
50		32000.0		51390.71943		12609.28057
51		36000.0		56591.26028		15408.73972
52		36000.0		56591.26028		15408.73972
53		36000.0		56591.26028		15408.73972
54		38000.0		57390.71943		18609.28057
55		40000.0		56733.20053		23266.79947
56		40000.0		56733.20053		23266.79947
57		42000.0		62396.07805		21603.92195
58		44000.0		63595.91794		24404.08206
59		46000.0		65595.91794		26404.08206
60		48000.0		67390.71943		28609.28057
61		48000.0		67390.71943		28609.28057
62		50000.0		66733.20053		33266.79947
63		50000.0		66733.20053		33266.79947
64		50000.0		66733.20053		33266.79947
65		50000.0		66733.20053		33266.79947
66		50000.0		66733.20053		33266.79947
67		50000.0		66733.20053		33266.79947
68		50000.0		66733.20053		33266.79947
69		50000.0		66733.20053		33266.79947
70		52000.0		68000.0		36000.0
71		52000.0		68000.0		36000.0
72		52000.0		68000.0		36000.0
73		52000.0		68000.0		36000.0
74		54000.0		70248.07681		37751.92319
75		56000.0		73435.59577		38564.40423
76		56000.0		73435.59577		38564.40423
77		58000.0		75204.65053		40795.34947
78		60000.0		80000.0		40000.0
79		60000.0		80000.0		40000.0
80		60000.0		80000.0		40000.0
81		60000.0		80000.0		40000.0
82		60000.0		80000.0		40000.0
83		60000.0		80000.0		40000.0
84		60000.0		80000.0		40000.0
85		62000.0		81390.71943		42609.28057
86		64000.0		83595.91794		44404.08206
87		64000.0		83595.91794		44404.08206
88		64000.0		83595.91794		44404.08206
89		64000.0		83595.91794		44404.08206
90		64000.0		83595.91794		44404.08206
91		64000.0		83595.91794		44404.08206
92		64000.0		83595.91794		44404.08206
93		68000.0		90271.05745		45728.94255
94		70000.0		92803.5085		47196.4915
95		72000.0		96000.0		48000.0
96		72000.0		96000.0		48000.0
97		72000.0		96000.0		48000.0
98		72000.0		96000.0		48000.0
99		74000.0		100532.99832		47467.00168
100		76000.0		105393.87691		46606.12309
101		76000.0		105393.87691		46606.12309
102		76000.0		105393.87691		46606.12309
103		78000.0		110496.15362		45503.84638
104		80000.0		115777.08764		44222.91236
105		84000.0		120660.60556		47339.39444
106		86000.0		126298.88336		45701.11664
107		88000.0		132000.0		44000.0
108		88000.0		132000.0		44000.0
109		90000.0		134271.88724		45728.11276
110		90000.0		134271.88724		45728.11276
111		90000.0		134271.88724		45728.11276
112		90000.0		134271.88724		45728.11276
113		90000.0		134271.88724		45728.11276
114		90000.0		134271.88724		45728.11276
115		90000.0		134271.88724		45728.11276
116		90000.0		134271.88724		45728.11276
117		90000.0		134271.88724		45728.11276
118		90000.0		134271.88724		45728.11276
119		90000.0		134271.88724		45728.11276
120		90000.0		134271.88724		45728.11276
121		90000.0		134271.88724		45728.11276
122		90000.0		134271.88724		45728.11276
123		92000.0		135543.08211		48456.91789
124		92000.0		135543.08211		48456.91789
125		92000.0		135543.08211		48456.91789
126		92000.0		135543.08211		48456.91789
127		92000.0		135543.08211		48456.91789
128		94000.0		136708.31301		51291.68699
129		96000.0		138237.42416		53762.57584
130		98000.0		143782.09257		52217.90743
131		98000.0		143782.09257		52217.90743
132		98000.0		143782.09257		52217.90743
133		100000.0		149396.35614		50603.64386
134		100000.0		149396.35614		50603.64386
135		100000.0		149396.35614		50603.64386
136		102000.0		150744.23043		53255.76957
137		102000.0		150744.23043		53255.76957
138		102000.0		150744.23043		53255.76957
139		102000.0		150744.23043		53255.76957
140		102000.0		150744.23043		53255.76957
141		102000.0		150744.23043		53255.76957
142		106000.0		154414.87375		57585.12625
143		106000.0		154414.87375		57585.12625
144		112000.0		160744.23043		63255.76957
145		114000.0		162414.87375		65585.12625
146		116000.0		164414.87375		67585.12625
147		116000.0		164414.87375		67585.12625
148		118000.0		166332.18389		69667.81611
149		118000.0		166332.18389		69667.81611
150		118000.0		166332.18389		69667.81611
151		118000.0		166332.18389		69667.81611
152		118000.0		166332.18389		69667.81611
153		118000.0		166332.18389		69667.81611
154		120000.0		168579.83121		71420.16879
155		122000.0		170744.23043		73255.76957
156		122000.0		170744.23043		73255.76957
157		122000.0		170744.23043		73255.76957
158		122000.0		170744.23043		73255.76957
159		124000.0		173234.1345		74765.8655
160		126000.0		178383.20341		73616.79659
161		126000.0		178383.20341		73616.79659
162		128000.0		179536.39491		76463.60509
163		130000.0		180990.19514		79009.80486
164		132000.0		182754.31016		81245.68984
165		132000.0		182754.31016		81245.68984
166		132000.0		182754.31016		81245.68984
167		134000.0		185224.9939		82775.0061
168		134000.0		185224.9939		82775.0061
169		136000.0		187224.9939		84775.0061
170		140000.0		191380.93031		88619.06969
171		142000.0		193536.39491		90463.60509
172		142000.0		193536.39491		90463.60509
173		142000.0		193536.39491		90463.60509
174		142000.0		193536.39491		90463.60509
175		142000.0		193536.39491		90463.60509
176		144000.0		196000.0		92000.0
177		144000.0		196000.0		92000.0
178		144000.0		196000.0		92000.0
179		144000.0		196000.0		92000.0
180		144000.0		196000.0		92000.0
181		144000.0		196000.0		92000.0
182		144000.0		196000.0		92000.0
183		144000.0		196000.0		92000.0
184		144000.0		196000.0		92000.0
185		144000.0		196000.0		92000.0
186		144000.0		196000.0		92000.0
187		146000.0		194414.87375		97585.12625
188		148000.0		192899.88864		103100.11136
189		148000.0		192899.88864		103100.11136
190		148000.0		192899.88864		103100.11136
191		148000.0		192899.88864		103100.11136
192		148000.0		192899.88864		103100.11136
193		148000.0		192899.88864		103100.11136
194		148000.0		192899.88864		103100.11136
195		150000.0		191472.88271		108527.11729
196		152000.0		190157.56806		113842.43194
197		154000.0		195279.53488		112720.46512
198		158000.0		202452.22154		113547.77846
199		160000.0		204721.35955		115278.64045
200		160000.0		204721.35955		115278.64045
201		160000.0		204721.35955		115278.64045
202		160000.0		204721.35955		115278.64045
203		160000.0		204721.35955		115278.64045
204		160000.0		204721.35955		115278.64045
205		162000.0		207343.1362		116656.8638
206		162000.0		207343.1362		116656.8638
207		162000.0		207343.1362		116656.8638
208		162000.0		207343.1362		116656.8638
209		162000.0		207343.1362		116656.8638
210		164000.0		210303.34761		117696.65239
211		164000.0		210303.34761		117696.65239
212		166000.0		215234.1345		116765.8655
213		166000.0		215234.1345		116765.8655
214		166000.0		215234.1345		116765.8655
215		166000.0		215234.1345		116765.8655
216		170000.0		223291.65038		116708.34962
217		172000.0		225065.99665		118934.00335
218		172000.0		225065.99665		118934.00335
219		174000.0		230071.38308		117928.61692
220		174000.0		230071.38308		117928.61692
221		176000.0		233131.42743		118868.57257
222		178000.0		236446.55678		119553.44322
223		182000.0		241126.982		122873.018
224		186000.0		241353.41001		130646.58999
225		188000.0		246103.35619		129896.64381
226		190000.0		250991.80273		129008.19727
227		190000.0		250991.80273		129008.19727
228		192000.0		254417.94614		129582.05386
229		194000.0		258062.46951		129937.53049
230		194000.0		258062.46951		129937.53049
231		194000.0		258062.46951		129937.53049
232		194000.0		258062.46951		129937.53049
233		194000.0		258062.46951		129937.53049
234		196000.0		261909.02821		130090.97179
235		198000.0		265941.15101		130058.84899
236		198000.0		265941.15101		130058.84899
237		198000.0		265941.15101		130058.84899
238		200000.0		267230.94526		132769.05474
239		202000.0		268753.27707		135246.72293
240		204000.0		273166.46586		134833.53414
241		204000.0		273166.46586		134833.53414
242		204000.0		273166.46586		134833.53414
243		204000.0		273166.46586		134833.53414
244		204000.0		273166.46586		134833.53414
245		204000.0		273166.46586		134833.53414
246		204000.0		273166.46586		134833.53414
247		204000.0		273166.46586		134833.53414
248		204000.0		273166.46586		134833.53414
249		204000.0		273166.46586		134833.53414
250		206000.0		274876.70143		137123.29857
251		206000.0		274876.70143		137123.29857
252		210000.0		278410.52551		141589.47449
253		212000.0		277543.87843		146456.12157
254		212000.0		277543.87843		146456.12157
255		212000.0		277543.87843		146456.12157
256		212000.0		277543.87843		146456.12157
257		212000.0		277543.87843		146456.12157
258		214000.0		276801.27387		151198.72613
259		214000.0		276801.27387		151198.72613
260		216000.0		278481.99741		153518.00259
261		216000.0		278481.99741		153518.00259
262		216000.0		278481.99741		153518.00259
263		218000.0		280417.94614		155582.05386
264		220000.0		282609.90337		157390.09663
265		220000.0		282609.90337		157390.09663
266		220000.0		282609.90337		157390.09663
267		222000.0		287238.02572		156761.97428
268		222000.0		287238.02572		156761.97428
269		222000.0		287238.02572		156761.97428
270		224000.0		289604.87787		158395.12213
271		224000.0		289604.87787		158395.12213
272		224000.0		289604.87787		158395.12213
273		224000.0		289604.87787		158395.12213
274		224000.0		289604.87787		158395.12213
275		226000.0		288801.27387		163198.72613
276		226000.0		288801.27387		163198.72613
277		226000.0		288801.27387		163198.72613
278		228000.0		291371.91807		164628.08193
279		230000.0		294187.22614		165812.77386
280		232000.0		297238.02572		166761.97428
281		234000.0		300513.15659		167486.84341
282		234000.0		300513.15659		167486.84341
283		234000.0		300513.15659		167486.84341
284		234000.0		300513.15659		167486.84341
285		234000.0		300513.15659		167486.84341
286		234000.0		300513.15659		167486.84341
287		236000.0		303705.24352		168294.75648
288		236000.0		303705.24352		168294.75648
289		236000.0		303705.24352		168294.75648
290		236000.0		303705.24352		168294.75648
291		238000.0		302930.73232		173069.26768
292		240000.0		307230.94526		172769.05474
293		242000.0		311685.00556		172314.99444
294		242000.0		311685.00556		172314.99444
295		242000.0		311685.00556		172314.99444
296		244000.0		314880.18059		173119.81941
297		246000.0		314293.48432		177706.51568
298		246000.0		314293.48432		177706.51568
299		246000.0		314293.48432		177706.51568
300		246000.0		314293.48432		177706.51568
301		246000.0		314293.48432		177706.51568
302		246000.0		314293.48432		177706.51568
303		246000.0		314293.48432		177706.51568
304		246000.0		314293.48432		177706.51568
305		248000.0		317397.40629		178602.59371
306		250000.0		321833.13998		178166.86002
307		250000.0		321833.13998		178166.86002
308		250000.0		321833.13998		178166.86002
309		252000.0		325047.92947		178952.07053
310		252000.0		325047.92947		178952.07053
311		252000.0		325047.92947		178952.07053
312		252000.0		325047.92947		178952.07053
313		252000.0		325047.92947		178952.07053
314		252000.0		325047.92947		178952.07053
315		252000.0		325047.92947		178952.07053
316		254000.0		329524.83035		178475.16965
317		256000.0		332837.49085		179162.50915
318		256000.0		332837.49085		179162.50915
319		256000.0		332837.49085		179162.50915
320		258000.0		335820.30583		180179.69417
321		258000.0		335820.30583		180179.69417
322		260000.0		339246.45102		180753.54898
323		262000.0		342845.53173		181154.46827
324		268000.0		349338.79763		186661.20237
325		270000.0		349246.45102		190753.54898
326		272000.0		349304.59236		194695.40764
327		272000.0		349304.59236		194695.40764
328		272000.0		349304.59236		194695.40764
329		274000.0		353397.73297		194602.26703
330		276000.0		356399.00497		195600.99503
331		276000.0		356399.00497		195600.99503
332		276000.0		356399.00497		195600.99503
333		278000.0		360073.13811		195926.86189
334		280000.0		363904.70785		196095.29215
335		280000.0		363904.70785		196095.29215
336		280000.0		363904.70785		196095.29215
337		280000.0		363904.70785		196095.29215
338		280000.0		363904.70785		196095.29215
339		280000.0		363904.70785		196095.29215
340		280000.0		363904.70785		196095.29215
341		282000.0		366947.04233		197052.95767
342		284000.0		370162.63691		197837.36309
343		284000.0		370162.63691		197837.36309
344		284000.0		370162.63691		197837.36309
345		284000.0		370162.63691		197837.36309
346		284000.0		370162.63691		197837.36309
347		286000.0		374000.0		198000.0
348		288000.0		377977.77503		198022.22497
349		288000.0		377977.77503		198022.22497
350		288000.0		377977.77503		198022.22497
351		288000.0		377977.77503		198022.22497
352		288000.0		377977.77503		198022.22497
353		292000.0		381308.45425		202691.54575
354		294000.0		380625.63131		207374.36869
355		294000.0		380625.63131		207374.36869
356		294000.0		380625.63131		207374.36869
357		296000.0		384904.44308		207095.55692
358		296000.0		384904.44308		207095.55692
359		296000.0		384904.44308		207095.55692
360		296000.0		384904.44308		207095.55692
361		298000.0		389301.69768		206698.30232
362		298000.0		389301.69768		206698.30232
363		298000.0		389301.69768		206698.30232
364		298000.0		389301.69768		206698.30232
365		298000.0		389301.69768		206698.30232
366		298000.0		389301.69768		206698.30232
367		298000.0		389301.69768		206698.30232
368		298000.0		389301.69768		206698.30232
369		298000.0		389301.69768		206698.30232
370		298000.0		389301.69768		206698.30232
371		298000.0		389301.69768		206698.30232
372		298000.0		389301.69768		206698.30232
373		300000.0		393808.3152		206191.6848
374		302000.0		398415.76635		205584.23365
375		306000.0		402664.36779		209335.63221
376		308000.0		402318.60898		213681.39102
377		308000.0		402318.60898		213681.39102
378		308000.0		402318.60898		213681.39102
379		308000.0		402318.60898		213681.39102
380		308000.0		402318.60898		213681.39102
381		308000.0		402318.60898		213681.39102
382		308000.0		402318.60898		213681.39102
383		308000.0		402318.60898		213681.39102
384		308000.0		402318.60898		213681.39102
385		308000.0		402318.60898		213681.39102
386		308000.0		402318.60898		213681.39102
387		308000.0		402318.60898		213681.39102
388		310000.0		402086.91547		217913.08453
389		312000.0		401977.77503		222022.22497
390		312000.0		401977.77503		222022.22497
391		312000.0		401977.77503		222022.22497
392		312000.0		401977.77503		222022.22497
393		312000.0		401977.77503		222022.22497
394		312000.0		401977.77503		222022.22497
395		314000.0		405126.286		222873.714
396		314000.0		405126.286		222873.714
397		314000.0		405126.286		222873.714
398		314000.0		405126.286		222873.714
399		314000.0		405126.286		222873.714
400		316000.0		404679.19711		227320.80289
401		316000.0		404679.19711		227320.80289
402		316000.0		404679.19711		227320.80289
403		316000.0		404679.19711		227320.80289
404		318000.0		404579.44329		231420.55671
405		320000.0		407863.53055		232136.46945
406		320000.0		407863.53055		232136.46945
407		320000.0		407863.53055		232136.46945
408		320000.0		407863.53055		232136.46945
409		320000.0		407863.53055		232136.46945
410		322000.0		407416.62602		236583.37398
411		324000.0		407090.31231		240909.68769
412		324000.0		407090.31231		240909.68769
413		324000.0		407090.31231		240909.68769
414		324000.0		407090.31231		240909.68769
415		324000.0		407090.31231		240909.68769
416		326000.0		410522.18644		241477.81356
417		326000.0		410522.18644		241477.81356
418		326000.0		410522.18644		241477.81356
419		326000.0		410522.18644		241477.81356
420		326000.0		410522.18644		241477.81356
421		326000.0		410522.18644		241477.81356
422		328000.0		410316.46251		245683.53749
423		330000.0		410249.61059		249750.38941
424		332000.0		409820.30583		254179.69417
425		332000.0		409820.30583		254179.69417
426		334000.0		409789.18129		258210.81871
427		334000.0		409789.18129		258210.81871
428		334000.0		409789.18129		258210.81871
429		334000.0		409789.18129		258210.81871
430		334000.0		409789.18129		258210.81871
431		334000.0		409789.18129		258210.81871
432		334000.0		409789.18129		258210.81871
433		334000.0		409789.18129		258210.81871
434		334000.0		409789.18129		258210.81871
435		334000.0		409789.18129		258210.81871
436		334000.0		409789.18129		258210.81871
437		334000.0		409789.18129		258210.81871
438		334000.0		409789.18129		258210.81871
439		334000.0		409789.18129		258210.81871
440		336000.0		414638.41301		257361.58699
441		336000.0		414638.41301		257361.58699
442		336000.0		414638.41301		257361.58699
443		336000.0		414638.41301		257361.58699
444		336000.0		414638.41301		257361.58699
445		338000.0		419584.31222		256415.68778
446		338000.0		419584.31222		256415.68778
447		340000.0		422945.76541		257054.23459
448		342000.0		426474.84833		257525.15167
449		342000.0		426474.84833		257525.15167
450		342000.0		426474.84833		257525.15167
451		344000.0		430162.63691		257837.36309
452		344000.0		430162.63691		257837.36309
453		344000.0		430162.63691		257837.36309
454		344000.0		430162.63691		257837.36309
455		346000.0		430285.23002		261714.76998
456		348000.0		430559.06976		265440.93024
457		348000.0		430559.06976		265440.93024
458		348000.0		430559.06976		265440.93024
459		348000.0		430559.06976		265440.93024
460		348000.0		430559.06976		265440.93024
461		348000.0		430559.06976		265440.93024
462		348000.0		430559.06976		265440.93024
463		348000.0		430559.06976		265440.93024
464		348000.0		430559.06976		265440.93024
465		348000.0		430559.06976		265440.93024
466		350000.0		435322.91603		264677.08397
467		352000.0		440181.63074		263818.36926
468		352000.0		440181.63074		263818.36926
469		352000.0		440181.63074		263818.36926
470		354000.0		440625.63131		267374.36869
471		358000.0		442947.04233		273052.95767
472		360000.0		444852.81374		275147.18626
473		360000.0		444852.81374		275147.18626
474		360000.0		444852.81374		275147.18626
475		362000.0		445522.45207		278477.54793
476		362000.0		445522.45207		278477.54793
477		362000.0		445522.45207		278477.54793
478		362000.0		445522.45207		278477.54793
479		362000.0		445522.45207		278477.54793
480		362000.0		445522.45207		278477.54793
481		362000.0		445522.45207		278477.54793
482		362000.0		445522.45207		278477.54793
483		362000.0		445522.45207		278477.54793
484		362000.0		445522.45207		278477.54793
485		362000.0		445522.45207		278477.54793
486		362000.0		445522.45207		278477.54793
487		362000.0		445522.45207		278477.54793
488		362000.0		445522.45207		278477.54793
489		362000.0		445522.45207		278477.54793
490		362000.0		445522.45207		278477.54793
491		362000.0		445522.45207		278477.54793
492		362000.0		445522.45207		278477.54793
493		362000.0		445522.45207		278477.54793
494		366000.0		452394.44427		279605.55573
495		368000.0		454579.44329		281420.55671
496		370000.0		456948.26048		283051.73952
497		370000.0		456948.26048		283051.73952
498		370000.0		456948.26048		283051.73952
499		370000.0		456948.26048		283051.73952
500		372000.0		460181.63074		283818.36926
