step	mediator-random_cum_inst_loss_mean	mediator-random_cum_inst_loss_std_up	mediator-random_cum_inst_loss_std_down
1		7114.72574		7114.72574		7114.72574
2		13152.61952		13152.61952		13152.61952
3		19190.51131		19190.51131		19190.51131
4		25228.40101		25228.40101		25228.40101
5		31266.28851		31266.28851		31266.28851
6		37304.17371		37304.17371		37304.17371
7		43342.05646		43342.05646		43342.05646
8		49379.93665		49379.93665		49379.93665
9		55417.81415		55417.81415		55417.81415
10		61455.6888		61455.6888		61455.6888
11		67493.56046		67493.56046		67493.56046
12		73531.42898		73531.42898		73531.42898
13		79569.29418		79569.29418		79569.29418
14		85607.1559		85607.1559		85607.1559
15		91645.01394		91645.01394		91645.01394
16		97682.86812		97682.86812		97682.86812
17		103720.71823		103720.71823		103720.71823
18		109758.56407		109758.56407		109758.56407
19		115796.40539		115796.40539		115796.40539
20		121834.24197		121834.24197		121834.24197
21		127872.07355		127872.07355		127872.07355
22		133909.89988		133909.89988		133909.89988
23		139947.72068		139947.72068		139947.72068
24		145985.53565		145985.53565		145985.53565
25		152023.34449		152023.34449		152023.34449
26		158061.14687		158061.14687		158061.14687
27		164098.94247		164098.94247		164098.94247
28		170136.73091		170136.73091		170136.73091
29		176174.51182		176174.51182		176174.51182
30		182212.28481		182212.28481		182212.28481
31		188250.04946		188250.04946		188250.04946
32		194287.80533		194287.80533		194287.80533
33		200325.55195		200325.55195		200325.55195
34		206363.28885		206363.28885		206363.28885
35		212401.01551		212401.01551		212401.01551
36		218438.73139		218438.73139		218438.73139
37		224476.43592		224476.43592		224476.43592
38		230514.12851		230514.12851		230514.12851
39		236551.80853		236551.80853		236551.80853
40		242589.47531		242589.47531		242589.47531
41		248627.12816		248627.12816		248627.12816
42		254664.76635		254664.76635		254664.76635
43		260702.3891		260702.3891		260702.3891
44		266739.99561		266739.99561		266739.99561
45		272777.58501		272777.58501		272777.58501
46		278815.15641		278815.15641		278815.15641
47		284852.70886		284852.70886		284852.70886
48		290890.24135		290890.24135		290890.24135
49		296927.75286		296927.75286		296927.75286
50		302965.24225		302965.24225		302965.24225
51		309002.70838		309002.70838		309002.70838
52		315040.15002		315040.15002		315040.15002
53		321077.56588		321077.56588		321077.56588
54		327114.9546		327114.9546		327114.9546
55		333152.31476		333152.31476		333152.31476
56		339189.64485		339189.64485		339189.64485
57		345226.94329		345226.94329		345226.94329
58		351264.20841		351264.20841		351264.20841
59		357301.43845		357301.43845		357301.43845
60		363338.63159		363338.63159		363338.63159
61		369375.78586		369375.78586		369375.78586
62		375412.89923		375412.89923		375412.89923
63		381449.96954		381449.96954		381449.96954
64		387486.99452		387486.99452		387486.99452
65		393523.9718		393523.9718		393523.9718
66		399560.89885		399560.89885		399560.89885
67		405597.77305		405597.77305		405597.77305
68		411634.59159		411634.59159		411634.59159
69		417671.35157		417671.35157		417671.35157
70		423708.04988		423708.04988		423708.04988
71		429744.68329		429744.68329		429744.68329
72		435781.24839		435781.24839		435781.24839
73		441817.74156		441817.74156		441817.74156
74		447854.15904		447854.15904		447854.15904
75		453890.49684		453890.49684		453890.49684
76		459926.75076		459926.75076		459926.75076
77		465962.91639		465962.91639		465962.91639
78		471998.98908		471998.98908		471998.98908
79		478034.96394		478034.96394		478034.96394
80		484070.83581		484070.83581		484070.83581
81		490106.59929		490106.59929		490106.59929
82		496142.24867		496142.24867		496142.24867
83		502177.77794		502177.77794		502177.77794
84		508213.18077		508213.18077		508213.18077
85		514248.45052		514248.45052		514248.45052
86		520283.58018		520283.58018		520283.58018
87		526318.56237		526318.56237		526318.56237
88		532353.38934		532353.38934		532353.38934
89		538388.05292		538388.05292		538388.05292
90		544422.5445		544422.5445		544422.5445
91		550456.85503		550456.85503		550456.85503
92		556490.97499		556490.97499		556490.97499
93		562524.89434		562524.89434		562524.89434
94		568558.60253		568558.60253		568558.60253
95		574592.08845		574592.08845		574592.08845
96		580625.34038		580625.34038		580625.34038
97		586658.34603		586658.34603		586658.34603
98		592691.09242		592691.09242		592691.09242
99		598723.56591		598723.56591		598723.56591
100		604755.75215		604755.75215		604755.75215
101		610787.636		610787.636		610787.636
102		616819.20155		616819.20155		616819.20155
103		622850.43206		622850.43206		622850.43206
104		628881.30989		628881.30989		628881.30989
105		634911.81647		634911.81647		634911.81647
106		640941.93227		640941.93227		640941.93227
107		646971.63671		646971.63671		646971.63671
108		653000.90816		653000.90816		653000.90816
109		659029.72382		659029.72382		659029.72382
110		665058.05969		665058.05969		665058.05969
111		671085.89054		671085.89054		671085.89054
112		677113.18977		677113.18977		677113.18977
113		683139.92942		683139.92942		683139.92942
114		689166.08002		689166.08002		689166.08002
115		695191.61057		695191.61057		695191.61057
116		701216.48845		701216.48845		701216.48845
117		707240.67929		707240.67929		707240.67929
118		713264.14695		713264.14695		713264.14695
119		719286.85335		719286.85335		719286.85335
120		725308.75843		725308.75843		725308.75843
121		731329.82002		731329.82002		731329.82002
122		737349.99373		737349.99373		737349.99373
123		743369.23281		743369.23281		743369.23281
124		749387.48808		749387.48808		749387.48808
125		755404.70777		755404.70777		755404.70777
126		761420.83736		761420.83736		761420.83736
127		767435.81949		767435.81949		767435.81949
128		773449.59375		773449.59375		773449.59375
129		779462.09659		779462.09659		779462.09659
130		785473.26108		785473.26108		785473.26108
131		791483.01678		791483.01678		791483.01678
132		797491.28955		797491.28955		797491.28955
133		803498.00134		803498.00134		803498.00134
134		809503.06999		809503.06999		809503.06999
135		815506.40902		815506.40902		815506.40902
136		821507.92739		821507.92739		821507.92739
137		827507.5293		827507.5293		827507.5293
138		833505.11386		833505.11386		833505.11386
139		839500.57491		839500.57491		839500.57491
140		845493.80068		845493.80068		845493.80068
141		851484.67353		851484.67353		851484.67353
142		857473.06962		857473.06962		857473.06962
143		863458.85859		863458.85859		863458.85859
144		869441.90323		869441.90323		869441.90323
145		875422.05912		875422.05912		875422.05912
146		881399.1742		881399.1742		881399.1742
147		887373.08844		887373.08844		887373.08844
148		893343.63338		893343.63338		893343.63338
149		899310.63169		899310.63169		899310.63169
150		905273.89672		905273.89672		905273.89672
151		911233.23197		911233.23197		911233.23197
152		917188.43065		917188.43065		917188.43065
153		923139.27502		923139.27502		923139.27502
154		929085.53595		929085.53595		929085.53595
155		935026.97219		935026.97219		935026.97219
156		940963.32985		940963.32985		940963.32985
157		946894.34165		946894.34165		946894.34165
158		952819.72625		952819.72625		952819.72625
159		958739.1875		958739.1875		958739.1875
160		964652.4137		964652.4137		964652.4137
161		970559.07672		970559.07672		970559.07672
162		976458.83117		976458.83117		976458.83117
163		982351.31352		982351.31352		982351.31352
164		988236.14107		988236.14107		988236.14107
165		994112.91103		994112.91103		994112.91103
166		999981.19941		999981.19941		999981.19941
167		1005840.55992		1005840.55992		1005840.55992
168		1011690.52282		1011690.52282		1011690.52282
169		1017530.59365		1017530.59365		1017530.59365
170		1023360.25197		1023360.25197		1023360.25197
171		1029178.94998		1029178.94998		1029178.94998
172		1034986.11109		1034986.11109		1034986.11109
173		1040781.12842		1040781.12842		1040781.12842
174		1046563.36321		1046563.36321		1046563.36321
175		1052332.14314		1052332.14314		1052332.14314
176		1058086.76061		1058086.76061		1058086.76061
177		1063826.47087		1063826.47087		1063826.47087
178		1069550.49008		1069550.49008		1069550.49008
179		1075257.99332		1075257.99332		1075257.99332
180		1080948.1124		1080948.1124		1080948.1124
181		1086619.93365		1086619.93365		1086619.93365
182		1092272.49555		1092272.49555		1092272.49555
183		1097904.78627		1097904.78627		1097904.78627
184		1103515.74105		1103515.74105		1103515.74105
185		1109104.23952		1109104.23952		1109104.23952
186		1114669.10282		1114669.10282		1114669.10282
187		1120209.0906		1120209.0906		1120209.0906
188		1125722.89794		1125722.89794		1125722.89794
189		1131209.15203		1131209.15203		1131209.15203
190		1136666.4088		1136666.4088		1136666.4088
191		1142093.14929		1142093.14929		1142093.14929
192		1147487.77599		1147487.77599		1147487.77599
193		1152848.60891		1152848.60891		1152848.60891
194		1158173.88159		1158173.88159		1158173.88159
195		1163461.73688		1163461.73688		1163461.73688
196		1168710.2226		1168710.2226		1168710.2226
197		1173917.28709		1173917.28709		1173917.28709
198		1179080.77453		1179080.77453		1179080.77453
199		1184198.42025		1184198.42025		1184198.42025
200		1189267.84579		1189267.84579		1189267.84579
201		1194286.554		1194286.554		1194286.554
202		1199251.924		1199251.924		1199251.924
203		1204161.20607		1204161.20607		1204161.20607
204		1209011.51668		1209011.51668		1209011.51668
205		1213799.83342		1213799.83342		1213799.83342
206		1218522.99016		1218522.99016		1218522.99016
207		1223177.67239		1223177.67239		1223177.67239
208		1227760.41283		1227760.41283		1227760.41283
209		1232267.58746		1232267.58746		1232267.58746
210		1236695.41219		1236695.41219		1236695.41219
211		1241039.94014		1241039.94014		1241039.94014
212		1245297.05994		1245297.05994		1245297.05994
213		1249462.49524		1249462.49524		1249462.49524
214		1253531.80565		1253531.80565		1253531.80565
215		1257500.38961		1257500.38961		1257500.38961
216		1261363.48948		1261363.48948		1261363.48948
217		1265116.19951		1265116.19951		1265116.19951
218		1268753.47714		1268753.47714		1268753.47714
219		1272270.15851		1272270.15851		1272270.15851
220		1275660.97892		1275660.97892		1275660.97892
221		1278920.59924		1278920.59924		1278920.59924
222		1282043.63956		1282043.63956		1282043.63956
223		1285024.72127		1285024.72127		1285024.72127
224		1287858.51929		1287858.51929		1287858.51929
225		1290539.82608		1290539.82608		1290539.82608
226		1293063.62966		1293063.62966		1293063.62966
227		1295425.20767		1295425.20767		1295425.20767
228		1297620.24005		1297620.24005		1297620.24005
229		1299644.94279		1299644.94279		1299644.94279
230		1301496.22542		1301496.22542		1301496.22542
231		1303171.87424		1303171.87424		1303171.87424
232		1304670.7633		1304670.7633		1304670.7633
233		1305993.09315		1305993.09315		1305993.09315
234		1307140.656		1307140.656		1307140.656
235		1308117.12193		1308117.12193		1308117.12193
236		1308928.33583		1308928.33583		1308928.33583
237		1309582.60647		1309582.60647		1309582.60647
238		1310090.95775		1310090.95775		1310090.95775
239		1310467.29601		1310467.29601		1310467.29601
240		1310728.4264		1310728.4264		1310728.4264
241		1310893.82707		1310893.82707		1310893.82707
242		1310985.06698		1310985.06698		1310985.06698
243		1311024.74777		1311024.74777		1311024.74777
244		1311034.89507		1311034.89507		1311034.89507
245		1311034.89507		1311034.89507		1311034.89507
246		1311034.89507		1311034.89507		1311034.89507
247		1311034.89507		1311034.89507		1311034.89507
248		1311034.89507		1311034.89507		1311034.89507
249		1311034.89507		1311034.89507		1311034.89507
250		1311034.89507		1311034.89507		1311034.89507
