step	mediator-random_cov_err_sq_T_mean	mediator-random_cov_err_sq_T_std_up	mediator-random_cov_err_sq_T_std_down
1		8.16667		8.16667		8.16667
2		8.37333		8.85333		7.89333
3		8.74667		9.0784		8.41494
4		8.68444		9.10212		8.26677
5		8.79111		9.36758		8.21464
6		8.72389		9.28038		8.1674
7		8.60944		9.15044		8.06844
8		8.22144		8.74533		7.69756
9		8.33256		9.01712		7.64799
10		8.31872		8.97012		7.66731
11		8.1165		8.76919		7.4638
12		7.9698		8.43258		7.50702
13		7.69455		8.19162		7.19749
14		7.42236		8.27216		6.57256
15		7.35581		8.25703		6.45458
16		7.33386		8.24998		6.41774
17		7.17927		8.40743		5.95112
18		7.13619		8.45157		5.82081
19		6.96806		8.60412		5.332
20		6.97056		8.65182		5.28931
21		6.94048		8.67186		5.20909
22		6.94619		8.67975		5.21263
23		6.79132		8.43371		5.14893
24		6.61203		8.20778		5.01628
25		6.49626		8.1066		4.88593
26		6.43878		8.08162		4.79595
27		6.24429		8.02589		4.4627
28		6.24801		8.0269		4.46913
29		6.19633		8.00612		4.38654
30		6.04133		7.94882		4.13384
31		6.05309		7.93115		4.17503
32		6.06402		7.93622		4.19182
33		6.07831		7.91366		4.24297
34		6.07298		7.9047		4.24127
35		6.07794		7.91007		4.24581
36		6.07753		7.90321		4.25185
37		6.03715		7.83774		4.23655
38		6.02915		7.86628		4.19201
39		6.03011		7.86682		4.19341
40		6.04941		7.85972		4.23909
41		6.03537		7.84002		4.23071
42		6.01575		7.81587		4.21562
43		5.9713		7.81148		4.13112
44		5.9657		7.8071		4.12429
45		5.96472		7.81309		4.11635
46		5.92211		7.82274		4.02149
47		5.90343		7.82735		3.97952
48		5.89816		7.82894		3.96738
49		5.89156		7.83019		3.95293
50		5.89066		7.83666		3.94467
51		5.88484		7.83958		3.9301
52		5.88753		7.84245		3.93261
53		5.88495		7.84268		3.92722
54		5.88352		7.84196		3.92507
55		5.77362		7.6291		3.91814
56		5.7284		7.55714		3.89966
57		5.71135		7.5285		3.8942
58		5.72433		7.5454		3.90326
59		5.71738		7.55061		3.88415
60		5.70794		7.53675		3.87912
61		5.69958		7.53158		3.86759
62		5.70042		7.53745		3.86338
63		5.67735		7.55924		3.79546
64		5.67631		7.557		3.79562
65		5.67333		7.55962		3.78703
66		5.67194		7.55351		3.79036
67		5.66933		7.55278		3.78587
68		5.66276		7.55729		3.76824
69		5.65873		7.55203		3.76544
70		5.66196		7.55534		3.76859
71		5.66161		7.55513		3.76809
72		5.66409		7.55931		3.76887
73		5.66762		7.56051		3.77474
74		5.65842		7.54344		3.7734
75		5.66191		7.54991		3.77391
76		5.49846		7.27268		3.72423
77		5.37498		7.10613		3.64384
78		5.32764		7.05347		3.6018
79		5.15649		6.89961		3.41338
80		5.15578		6.89765		3.4139
81		5.15637		6.90009		3.41264
82		5.15723		6.90031		3.41416
83		5.15508		6.89906		3.41109
84		5.15398		6.90075		3.40721
85		5.15727		6.90183		3.41271
86		5.13226		6.88329		3.38123
87		5.03476		6.81059		3.25892
88		4.99896		6.78743		3.21049
89		4.98845		6.77753		3.19938
90		4.97004		6.76579		3.17428
91		4.96253		6.75086		3.1742
92		4.92187		6.66213		3.1816
93		4.91763		6.65689		3.17838
94		4.91958		6.65251		3.18665
95		4.92241		6.6539		3.19091
96		4.91568		6.65449		3.17687
97		4.917		6.65917		3.17484
98		4.90835		6.65053		3.16617
99		4.90018		6.64809		3.15226
100		4.90082		6.64859		3.15306
101		4.90192		6.64843		3.15541
102		4.90126		6.65002		3.1525
103		4.86088		6.63899		3.08277
104		4.86234		6.64081		3.08387
105		4.85962		6.63899		3.08024
106		4.8645		6.64287		3.08613
107		4.86704		6.64269		3.0914
108		4.86357		6.63067		3.09648
109		4.86338		6.63155		3.09521
110		4.84928		6.6268		3.07175
111		4.84662		6.62839		3.06485
112		4.84202		6.6285		3.05554
113		4.84388		6.63108		3.05667
114		4.84297		6.62995		3.05599
115		4.83657		6.62		3.05313
116		4.83326		6.61292		3.05359
117		4.83266		6.61292		3.0524
118		4.8325		6.61449		3.05051
119		4.83173		6.61264		3.05083
120		4.83386		6.61674		3.05098
121		4.83465		6.61976		3.04953
122		4.83251		6.61352		3.0515
123		4.83349		6.61372		3.05325
124		4.83313		6.61369		3.05258
125		4.82862		6.61256		3.04468
126		4.82679		6.609		3.04458
127		4.82539		6.60712		3.04366
128		4.82201		6.60445		3.03958
129		4.81972		6.60346		3.03597
130		4.81926		6.60334		3.03518
131		4.81878		6.60326		3.03431
132		4.81987		6.60382		3.03593
133		4.82259		6.60498		3.04019
134		4.81889		6.60418		3.03361
135		4.81848		6.60296		3.03401
136		4.81672		6.60135		3.03209
137		4.80545		6.58081		3.0301
138		4.80899		6.58788		3.0301
139		4.81406		6.59807		3.03004
140		4.80558		6.58064		3.03051
141		4.80718		6.58299		3.03137
142		4.80936		6.58567		3.03304
143		4.80659		6.58156		3.03161
144		4.80631		6.58201		3.03061
145		4.80638		6.5825		3.03026
146		4.80672		6.58301		3.03043
147		4.80613		6.58255		3.02972
148		4.8059		6.58219		3.02962
149		4.80597		6.58246		3.02949
150		4.80519		6.58229		3.02808
151		4.80581		6.58307		3.02856
152		4.80489		6.58208		3.02769
153		4.80667		6.58422		3.02912
154		4.80713		6.58573		3.02852
155		4.80798		6.58756		3.02839
156		4.80842		6.58936		3.02748
157		4.80772		6.59102		3.02443
158		4.80934		6.59295		3.02574
159		4.81003		6.59537		3.02469
160		4.80965		6.59688		3.02241
161		4.80941		6.59882		3.02
162		4.82173		6.59887		3.04459
163		4.81753		6.59058		3.04448
164		4.81746		6.59128		3.04364
165		4.81823		6.59171		3.04475
166		4.81757		6.5915		3.04365
167		4.81724		6.59139		3.0431
168		4.81822		6.59317		3.04328
169		4.81884		6.59473		3.04294
170		4.81649		6.58956		3.04343
171		4.81688		6.59015		3.04361
172		4.81712		6.59021		3.04402
173		4.81771		6.59089		3.04453
174		4.81706		6.591		3.04312
175		4.81718		6.59077		3.04359
176		4.81571		6.58758		3.04385
177		4.81556		6.58732		3.04381
178		4.81641		6.58868		3.04414
179		4.81668		6.5898		3.04355
180		4.81741		6.59119		3.04364
181		4.81591		6.58755		3.04428
182		4.81547		6.58628		3.04466
183		4.81487		6.58498		3.04477
184		4.80681		6.56581		3.04781
185		4.80961		6.5738		3.04542
186		4.81448		6.58444		3.04452
187		4.80774		6.5697		3.04577
188		4.58785		6.12709		3.04862
189		4.55978		6.07661		3.04294
190		4.53321		6.03184		3.03457
191		4.53616		6.03625		3.03606
192		4.53897		6.0409		3.03703
193		4.54207		6.04589		3.03825
194		4.54432		6.0501		3.03854
195		4.53548		6.03397		3.03699
196		4.53704		6.03604		3.03804
197		4.53634		6.03548		3.03719
198		4.5346		6.03215		3.03705
199		4.53437		6.03207		3.03667
200		4.53403		6.03057		3.0375
201		4.53352		6.02975		3.03728
202		4.5336		6.03016		3.03703
203		4.53418		6.03054		3.03782
204		4.53474		6.03117		3.0383
205		4.53517		6.03167		3.03867
206		4.53421		6.0301		3.03833
207		4.53326		6.0292		3.03733
208		4.53344		6.02882		3.03805
209		4.53353		6.02894		3.03811
210		4.53381		6.02878		3.03885
211		4.53399		6.02897		3.03901
212		4.53388		6.02923		3.03854
213		4.53378		6.02971		3.03785
214		4.5341		6.03036		3.03784
215		4.53473		6.03105		3.03841
216		4.53564		6.03226		3.03901
217		4.53586		6.03244		3.03927
218		4.53667		6.03438		3.03897
219		4.53768		6.03642		3.03895
220		4.5369		6.03574		3.03806
221		4.53655		6.03325		3.03984
222		4.53732		6.03382		3.04081
223		4.5368		6.03337		3.04022
224		4.53629		6.03398		3.03859
225		4.51115		6.03803		2.98426
226		4.5025		6.04039		2.96462
227		4.49883		6.03917		2.95849
228		4.49818		6.03746		2.95891
229		4.4989		6.03865		2.95914
230		4.49901		6.03913		2.95889
231		4.49951		6.03964		2.95938
232		4.50015		6.04071		2.95959
233		4.49863		6.03912		2.95813
234		4.49764		6.03809		2.95719
235		4.49719		6.03701		2.95738
236		4.49823		6.03682		2.95963
237		4.49971		6.03641		2.96301
238		4.50105		6.0362		2.9659
239		4.50267		6.03601		2.96934
240		4.50412		6.03587		2.97238
241		4.50571		6.0356		2.97582
242		4.50691		6.03555		2.97827
243		4.5076		6.0351		2.9801
244		4.50307		6.03612		2.97003
245		4.50339		6.03659		2.97019
246		4.50315		6.03645		2.96985
247		4.50333		6.03679		2.96987
248		4.5035		6.03708		2.96993
249		4.50407		6.03703		2.97112
250		4.50405		6.0373		2.9708
