step	mediator-random_reward_mean	mediator-random_reward_std_up	mediator-random_reward_std_down
1		0.0		0.0		0.0
2		0.0		0.0		0.0
3		2000.0		6000.0		-2000.0
4		2000.0		6000.0		-2000.0
5		2000.0		6000.0		-2000.0
6		2000.0		6000.0		-2000.0
7		4000.0		12000.0		-4000.0
8		6000.0		18000.0		-6000.0
9		6000.0		18000.0		-6000.0
10		6000.0		18000.0		-6000.0
11		10000.0		25491.93338		-5491.93338
12		10000.0		25491.93338		-5491.93338
13		10000.0		25491.93338		-5491.93338
14		10000.0		25491.93338		-5491.93338
15		10000.0		25491.93338		-5491.93338
16		10000.0		25491.93338		-5491.93338
17		10000.0		25491.93338		-5491.93338
18		10000.0		25491.93338		-5491.93338
19		10000.0		25491.93338		-5491.93338
20		10000.0		25491.93338		-5491.93338
21		10000.0		25491.93338		-5491.93338
22		12000.0		31390.71943		-7390.71943
23		14000.0		33595.91794		-5595.91794
24		16000.0		36591.26028		-4591.26028
25		18000.0		40271.05745		-4271.05745
26		18000.0		40271.05745		-4271.05745
27		18000.0		40271.05745		-4271.05745
28		18000.0		40271.05745		-4271.05745
29		18000.0		40271.05745		-4271.05745
30		20000.0		40976.17696		-976.17696
31		20000.0		40976.17696		-976.17696
32		20000.0		40976.17696		-976.17696
33		20000.0		40976.17696		-976.17696
34		20000.0		40976.17696		-976.17696
35		20000.0		40976.17696		-976.17696
36		20000.0		40976.17696		-976.17696
37		20000.0		40976.17696		-976.17696
38		20000.0		40976.17696		-976.17696
39		20000.0		40976.17696		-976.17696
40		20000.0		40976.17696		-976.17696
41		20000.0		40976.17696		-976.17696
42		20000.0		40976.17696		-976.17696
43		20000.0		40976.17696		-976.17696
44		22000.0		41390.71943		2609.28057
45		22000.0		41390.71943		2609.28057
46		22000.0		41390.71943		2609.28057
47		22000.0		41390.71943		2609.28057
48		22000.0		41390.71943		2609.28057
49		22000.0		41390.71943		2609.28057
50		22000.0		41390.71943		2609.28057
51		22000.0		41390.71943		2609.28057
52		22000.0		41390.71943		2609.28057
53		22000.0		41390.71943		2609.28057
54		22000.0		41390.71943		2609.28057
55		22000.0		41390.71943		2609.28057
56		22000.0		41390.71943		2609.28057
57		22000.0		41390.71943		2609.28057
58		22000.0		41390.71943		2609.28057
59		22000.0		41390.71943		2609.28057
60		24000.0		42547.23699		5452.76301
61		24000.0		42547.23699		5452.76301
62		24000.0		42547.23699		5452.76301
63		24000.0		42547.23699		5452.76301
64		24000.0		42547.23699		5452.76301
65		26000.0		47540.65923		4459.34077
66		26000.0		47540.65923		4459.34077
67		26000.0		47540.65923		4459.34077
68		28000.0		48396.07805		7603.92195
69		34000.0		56449.94432		11550.05568
70		36000.0		58449.94432		13550.05568
71		36000.0		58449.94432		13550.05568
72		36000.0		58449.94432		13550.05568
73		36000.0		58449.94432		13550.05568
74		36000.0		58449.94432		13550.05568
75		36000.0		58449.94432		13550.05568
76		36000.0		58449.94432		13550.05568
77		36000.0		58449.94432		13550.05568
78		36000.0		58449.94432		13550.05568
79		36000.0		58449.94432		13550.05568
80		38000.0		63612.49695		12387.50305
81		40000.0		68982.75349		11017.24651
82		40000.0		68982.75349		11017.24651
83		40000.0		68982.75349		11017.24651
84		40000.0		68982.75349		11017.24651
85		40000.0		68982.75349		11017.24651
86		40000.0		68982.75349		11017.24651
87		42000.0		68381.81192		15618.18808
88		46000.0		74000.0		18000.0
89		48000.0		79874.7549		16125.2451
90		52000.0		87440.09029		16559.90971
91		54000.0		89552.77767		18447.22233
92		58000.0		93440.09029		22559.90971
93		58000.0		93440.09029		22559.90971
94		58000.0		93440.09029		22559.90971
95		58000.0		93440.09029		22559.90971
96		58000.0		93440.09029		22559.90971
97		60000.0		95213.63372		24786.36628
98		60000.0		95213.63372		24786.36628
99		60000.0		95213.63372		24786.36628
100		60000.0		95213.63372		24786.36628
101		60000.0		95213.63372		24786.36628
102		60000.0		95213.63372		24786.36628
103		60000.0		95213.63372		24786.36628
104		60000.0		95213.63372		24786.36628
105		60000.0		95213.63372		24786.36628
106		60000.0		95213.63372		24786.36628
107		64000.0		97226.49545		30773.50455
108		66000.0		97368.77428		34631.22572
109		66000.0		97368.77428		34631.22572
110		68000.0		99874.7549		36125.2451
111		70000.0		102249.03099		37750.96901
112		74000.0		105368.77428		42631.22572
113		74000.0		105368.77428		42631.22572
114		74000.0		105368.77428		42631.22572
115		74000.0		105368.77428		42631.22572
116		74000.0		105368.77428		42631.22572
117		76000.0		108000.0		44000.0
118		76000.0		108000.0		44000.0
119		76000.0		108000.0		44000.0
120		76000.0		108000.0		44000.0
121		76000.0		108000.0		44000.0
122		76000.0		108000.0		44000.0
123		76000.0		108000.0		44000.0
124		78000.0		111105.89071		44894.10929
125		80000.0		114641.01615		45358.98385
126		80000.0		114641.01615		45358.98385
127		80000.0		114641.01615		45358.98385
128		80000.0		114641.01615		45358.98385
129		80000.0		114641.01615		45358.98385
130		80000.0		114641.01615		45358.98385
131		80000.0		114641.01615		45358.98385
132		80000.0		114641.01615		45358.98385
133		80000.0		114641.01615		45358.98385
134		80000.0		114641.01615		45358.98385
135		80000.0		114641.01615		45358.98385
136		82000.0		115105.89071		48894.10929
137		84000.0		116000.0		52000.0
138		84000.0		116000.0		52000.0
139		84000.0		116000.0		52000.0
140		84000.0		116000.0		52000.0
141		84000.0		116000.0		52000.0
142		86000.0		114705.40019		57294.59981
143		86000.0		114705.40019		57294.59981
144		88000.0		119240.9987		56759.0013
145		90000.0		121622.7766		58377.2234
146		90000.0		121622.7766		58377.2234
147		90000.0		121622.7766		58377.2234
148		92000.0		125105.89071		58894.10929
149		96000.0		131552.77767		60447.22233
150		100000.0		138470.76812		61529.23188
151		100000.0		138470.76812		61529.23188
152		100000.0		138470.76812		61529.23188
153		102000.0		139094.47398		64905.52602
154		104000.0		140110.94017		67889.05983
155		104000.0		140110.94017		67889.05983
156		106000.0		143202.15048		68797.84952
157		106000.0		143202.15048		68797.84952
158		108000.0		146678.15921		69321.84079
159		108000.0		146678.15921		69321.84079
160		108000.0		146678.15921		69321.84079
161		108000.0		146678.15921		69321.84079
162		108000.0		146678.15921		69321.84079
163		110000.0		150000.0		70000.0
164		110000.0		150000.0		70000.0
165		110000.0		150000.0		70000.0
166		112000.0		153665.33331		70334.66669
167		114000.0		157634.84846		70365.15154
168		114000.0		157634.84846		70365.15154
169		114000.0		157634.84846		70365.15154
170		114000.0		157634.84846		70365.15154
171		114000.0		157634.84846		70365.15154
172		114000.0		157634.84846		70365.15154
173		114000.0		157634.84846		70365.15154
174		114000.0		157634.84846		70365.15154
175		114000.0		157634.84846		70365.15154
176		114000.0		157634.84846		70365.15154
177		114000.0		157634.84846		70365.15154
178		114000.0		157634.84846		70365.15154
179		114000.0		157634.84846		70365.15154
180		114000.0		157634.84846		70365.15154
181		114000.0		157634.84846		70365.15154
182		114000.0		157634.84846		70365.15154
183		114000.0		157634.84846		70365.15154
184		114000.0		157634.84846		70365.15154
185		114000.0		157634.84846		70365.15154
186		114000.0		157634.84846		70365.15154
187		114000.0		157634.84846		70365.15154
188		116000.0		160988.88752		71011.11248
189		116000.0		160988.88752		71011.11248
190		116000.0		160988.88752		71011.11248
191		116000.0		160988.88752		71011.11248
192		116000.0		160988.88752		71011.11248
193		118000.0		159665.33331		76334.66669
194		118000.0		159665.33331		76334.66669
195		118000.0		159665.33331		76334.66669
196		118000.0		159665.33331		76334.66669
197		120000.0		163358.96678		76641.03322
198		122000.0		167343.1362		76656.8638
199		122000.0		167343.1362		76656.8638
200		122000.0		167343.1362		76656.8638
201		122000.0		167343.1362		76656.8638
202		122000.0		167343.1362		76656.8638
203		122000.0		167343.1362		76656.8638
204		122000.0		167343.1362		76656.8638
205		122000.0		167343.1362		76656.8638
206		122000.0		167343.1362		76656.8638
207		122000.0		167343.1362		76656.8638
208		122000.0		167343.1362		76656.8638
209		124000.0		171159.30449		76840.69551
210		126000.0		170090.81537		81909.18463
211		128000.0		169182.52056		86817.47944
212		130000.0		173358.96678		86641.03322
213		130000.0		173358.96678		86641.03322
214		130000.0		173358.96678		86641.03322
215		130000.0		173358.96678		86641.03322
216		130000.0		173358.96678		86641.03322
217		130000.0		173358.96678		86641.03322
218		130000.0		173358.96678		86641.03322
219		130000.0		173358.96678		86641.03322
220		132000.0		173665.33331		90334.66669
221		132000.0		173665.33331		90334.66669
222		132000.0		173665.33331		90334.66669
223		132000.0		173665.33331		90334.66669
224		132000.0		173665.33331		90334.66669
225		132000.0		173665.33331		90334.66669
226		132000.0		173665.33331		90334.66669
227		132000.0		173665.33331		90334.66669
228		134000.0		176237.42416		91762.57584
229		134000.0		176237.42416		91762.57584
230		134000.0		176237.42416		91762.57584
231		134000.0		176237.42416		91762.57584
232		134000.0		176237.42416		91762.57584
233		134000.0		176237.42416		91762.57584
234		134000.0		176237.42416		91762.57584
235		134000.0		176237.42416		91762.57584
236		134000.0		176237.42416		91762.57584
237		134000.0		176237.42416		91762.57584
238		134000.0		176237.42416		91762.57584
239		134000.0		176237.42416		91762.57584
240		134000.0		176237.42416		91762.57584
241		136000.0		176792.15611		95207.84389
242		138000.0		177698.86648		98301.13352
243		140000.0		178987.17738		101012.82262
244		140000.0		178987.17738		101012.82262
245		140000.0		178987.17738		101012.82262
246		140000.0		178987.17738		101012.82262
247		140000.0		178987.17738		101012.82262
248		140000.0		178987.17738		101012.82262
249		140000.0		178987.17738		101012.82262
250		140000.0		178987.17738		101012.82262
