step	mediator-random_cov_err_sq_T_mean	mediator-random_cov_err_sq_T_std_up	mediator-random_cov_err_sq_T_std_down
1		6.96632		6.96632		6.96632
2		6.96632		6.96632		6.96632
3		6.96632		6.96632		6.96632
4		6.96632		6.96632		6.96632
5		6.96632		6.96632		6.96632
6		6.96632		6.96632		6.96632
7		6.96632		6.96632		6.96632
8		6.96632		6.96632		6.96632
9		6.96632		6.96632		6.96632
10		6.96632		6.96632		6.96632
11		6.96632		6.96632		6.96632
12		6.96632		6.96632		6.96632
13		6.96632		6.96632		6.96632
14		6.96632		6.96632		6.96632
15		6.96632		6.96632		6.96632
16		6.96632		6.96632		6.96632
17		6.96632		6.96632		6.96632
18		6.96632		6.96632		6.96632
19		6.96632		6.96632		6.96632
20		6.96632		6.96632		6.96632
21		6.96632		6.96632		6.96632
22		6.96632		6.96632		6.96632
23		6.96632		6.96632		6.96632
24		6.96632		6.96632		6.96632
25		6.96632		6.96632		6.96632
26		6.96632		6.96632		6.96632
27		6.96632		6.96632		6.96632
28		6.96632		6.96632		6.96632
29		6.96632		6.96632		6.96632
30		6.96632		6.96632		6.96632
31		6.96632		6.96632		6.96632
32		6.96632		6.96632		6.96632
33		6.96632		6.96632		6.96632
34		6.96632		6.96632		6.96632
35		6.96632		6.96632		6.96632
36		6.96632		6.96632		6.96632
37		6.96632		6.96632		6.96632
38		6.96632		6.96632		6.96632
39		6.96632		6.96632		6.96632
40		6.96632		6.96632		6.96632
41		6.96632		6.96632		6.96632
42		6.96632		6.96632		6.96632
43		6.96632		6.96632		6.96632
44		6.96632		6.96632		6.96632
45		6.96632		6.96632		6.96632
46		6.96632		6.96632		6.96632
47		6.96632		6.96632		6.96632
48		6.96632		6.96632		6.96632
49		6.96632		6.96632		6.96632
50		6.96632		6.96632		6.96632
51		6.96632		6.96632		6.96632
52		6.96632		6.96632		6.96632
53		6.96632		6.96632		6.96632
54		6.96632		6.96632		6.96632
55		6.96632		6.96632		6.96632
56		6.96632		6.96632		6.96632
57		6.96632		6.96632		6.96632
58		6.96632		6.96632		6.96632
59		6.96632		6.96632		6.96632
60		6.96632		6.96632		6.96632
61		6.96632		6.96632		6.96632
62		6.96632		6.96632		6.96632
63		6.96632		6.96632		6.96632
64		6.96632		6.96632		6.96632
65		6.96632		6.96632		6.96632
66		6.96632		6.96632		6.96632
67		6.96632		6.96632		6.96632
68		6.96632		6.96632		6.96632
69		6.96632		6.96632		6.96632
70		6.96632		6.96632		6.96632
71		6.96632		6.96632		6.96632
72		6.96632		6.96632		6.96632
73		6.96632		6.96632		6.96632
74		6.96632		6.96632		6.96632
75		6.96632		6.96632		6.96632
76		6.96632		6.96632		6.96632
77		6.96632		6.96632		6.96632
78		6.96632		6.96632		6.96632
79		6.96632		6.96632		6.96632
80		6.96632		6.96632		6.96632
81		6.96632		6.96632		6.96632
82		6.96632		6.96632		6.96632
83		6.96632		6.96632		6.96632
84		6.96632		6.96632		6.96632
85		6.96632		6.96632		6.96632
86		6.96632		6.96632		6.96632
87		6.96632		6.96632		6.96632
88		6.96632		6.96632		6.96632
89		6.96632		6.96632		6.96632
90		6.96632		6.96632		6.96632
91		6.96632		6.96632		6.96632
92		6.96632		6.96632		6.96632
93		6.96632		6.96632		6.96632
94		6.96632		6.96632		6.96632
95		6.96632		6.96632		6.96632
96		6.96632		6.96632		6.96632
97		6.96632		6.96632		6.96632
98		6.96632		6.96632		6.96632
99		6.96632		6.96632		6.96632
100		6.96632		6.96632		6.96632
101		6.96632		6.96632		6.96632
102		6.96632		6.96632		6.96632
103		6.96632		6.96632		6.96632
104		6.96632		6.96632		6.96632
105		6.96632		6.96632		6.96632
106		6.96632		6.96632		6.96632
107		6.96632		6.96632		6.96632
108		6.96632		6.96632		6.96632
109		6.96632		6.96632		6.96632
110		6.96632		6.96632		6.96632
111		6.96632		6.96632		6.96632
112		6.96632		6.96632		6.96632
113		6.96632		6.96632		6.96632
114		6.96632		6.96632		6.96632
115		6.96632		6.96632		6.96632
116		6.96632		6.96632		6.96632
117		6.96632		6.96632		6.96632
118		6.96632		6.96632		6.96632
119		6.96632		6.96632		6.96632
120		6.96632		6.96632		6.96632
121		6.96632		6.96632		6.96632
122		6.96632		6.96632		6.96632
123		6.96632		6.96632		6.96632
124		6.96632		6.96632		6.96632
125		6.96632		6.96632		6.96632
126		6.96632		6.96632		6.96632
127		6.96632		6.96632		6.96632
128		6.96632		6.96632		6.96632
129		6.96632		6.96632		6.96632
130		6.96632		6.96632		6.96632
131		6.96632		6.96632		6.96632
132		6.96632		6.96632		6.96632
133		6.96632		6.96632		6.96632
134		6.96632		6.96632		6.96632
135		6.96632		6.96632		6.96632
136		6.96632		6.96632		6.96632
137		6.96632		6.96632		6.96632
138		6.96632		6.96632		6.96632
139		6.96632		6.96632		6.96632
140		6.96632		6.96632		6.96632
141		6.96632		6.96632		6.96632
142		6.96632		6.96632		6.96632
143		6.96632		6.96632		6.96632
144		6.96632		6.96632		6.96632
145		6.96632		6.96632		6.96632
146		6.96632		6.96632		6.96632
147		6.96632		6.96632		6.96632
148		6.96632		6.96632		6.96632
149		6.96632		6.96632		6.96632
150		6.96632		6.96632		6.96632
151		6.96632		6.96632		6.96632
152		6.96632		6.96632		6.96632
153		6.96632		6.96632		6.96632
154		6.96632		6.96632		6.96632
155		6.96632		6.96632		6.96632
156		6.96632		6.96632		6.96632
157		6.96632		6.96632		6.96632
158		6.96632		6.96632		6.96632
159		6.96632		6.96632		6.96632
160		6.96632		6.96632		6.96632
161		6.96632		6.96632		6.96632
162		6.96632		6.96632		6.96632
163		6.96632		6.96632		6.96632
164		6.96632		6.96632		6.96632
165		6.96632		6.96632		6.96632
166		6.96632		6.96632		6.96632
167		6.96632		6.96632		6.96632
168		6.96632		6.96632		6.96632
169		6.96632		6.96632		6.96632
170		6.96632		6.96632		6.96632
171		6.96632		6.96632		6.96632
172		6.96632		6.96632		6.96632
173		6.96632		6.96632		6.96632
174		6.96632		6.96632		6.96632
175		6.96632		6.96632		6.96632
176		6.96632		6.96632		6.96632
177		6.96632		6.96632		6.96632
178		6.96632		6.96632		6.96632
179		6.96632		6.96632		6.96632
180		6.96632		6.96632		6.96632
181		6.96632		6.96632		6.96632
182		6.96632		6.96632		6.96632
183		6.96632		6.96632		6.96632
184		6.96632		6.96632		6.96632
185		6.96632		6.96632		6.96632
186		6.96632		6.96632		6.96632
187		6.96632		6.96632		6.96632
188		6.96632		6.96632		6.96632
189		6.96632		6.96632		6.96632
190		6.96632		6.96632		6.96632
191		6.96632		6.96632		6.96632
192		6.96632		6.96632		6.96632
193		6.96632		6.96632		6.96632
194		6.96632		6.96632		6.96632
195		6.96632		6.96632		6.96632
196		6.96632		6.96632		6.96632
197		6.96632		6.96632		6.96632
198		6.96632		6.96632		6.96632
199		6.96632		6.96632		6.96632
200		6.96632		6.96632		6.96632
201		6.96632		6.96632		6.96632
202		6.96632		6.96632		6.96632
203		6.96632		6.96632		6.96632
204		6.96632		6.96632		6.96632
205		6.96632		6.96632		6.96632
206		6.96632		6.96632		6.96632
207		6.96632		6.96632		6.96632
208		6.96632		6.96632		6.96632
209		6.96632		6.96632		6.96632
210		6.96632		6.96632		6.96632
211		6.96632		6.96632		6.96632
212		6.96632		6.96632		6.96632
213		6.96632		6.96632		6.96632
214		6.96632		6.96632		6.96632
215		6.96632		6.96632		6.96632
216		6.96632		6.96632		6.96632
217		6.96632		6.96632		6.96632
218		6.96632		6.96632		6.96632
219		6.96632		6.96632		6.96632
220		6.96632		6.96632		6.96632
221		6.96632		6.96632		6.96632
222		6.96632		6.96632		6.96632
223		6.96632		6.96632		6.96632
224		6.96632		6.96632		6.96632
225		6.96632		6.96632		6.96632
226		6.96632		6.96632		6.96632
227		6.96632		6.96632		6.96632
228		6.96632		6.96632		6.96632
229		6.96632		6.96632		6.96632
230		6.96632		6.96632		6.96632
231		6.96632		6.96632		6.96632
232		6.96632		6.96632		6.96632
233		6.96632		6.96632		6.96632
234		6.96632		6.96632		6.96632
235		6.96632		6.96632		6.96632
236		6.96632		6.96632		6.96632
237		6.96632		6.96632		6.96632
238		6.96632		6.96632		6.96632
239		6.96632		6.96632		6.96632
240		6.96632		6.96632		6.96632
241		6.96632		6.96632		6.96632
242		6.96632		6.96632		6.96632
243		6.96632		6.96632		6.96632
244		6.96632		6.96632		6.96632
245		6.96632		6.96632		6.96632
246		6.96632		6.96632		6.96632
247		6.96632		6.96632		6.96632
248		6.96632		6.96632		6.96632
249		6.96632		6.96632		6.96632
250		6.96632		6.96632		6.96632
