step	mediator-random_reward_mean	mediator-random_reward_std_up	mediator-random_reward_std_down
1		4.0		6.0		2.0
2		8.0		12.0		4.0
3		13.0		17.0		9.0
4		18.0		22.0		14.0
5		23.0		27.0		19.0
6		28.0		32.0		24.0
7		33.0		37.0		29.0
8		38.0		42.0		34.0
9		43.0		47.0		39.0
10		48.0		52.0		44.0
11		53.0		57.0		49.0
12		58.0		62.0		54.0
13		63.0		67.0		59.0
14		68.0		72.0		64.0
15		73.0		77.0		69.0
16		78.0		82.0		74.0
17		83.0		87.0		79.0
18		88.0		92.0		84.0
19		93.0		97.0		89.0
20		98.0		102.0		94.0
21		103.0		107.0		99.0
22		108.0		112.0		104.0
23		113.0		117.0		109.0
24		118.0		122.0		114.0
25		123.0		127.0		119.0
26		128.0		132.0		124.0
27		133.0		137.0		129.0
28		138.0		142.0		134.0
29		143.0		147.0		139.0
30		148.0		152.0		144.0
31		153.0		157.0		149.0
32		158.0		162.0		154.0
33		163.0		167.0		159.0
34		168.0		172.0		164.0
35		173.0		177.0		169.0
36		178.0		182.0		174.0
37		183.0		187.0		179.0
38		188.0		192.0		184.0
39		193.0		197.0		189.0
40		198.0		202.0		194.0
41		203.0		207.0		199.0
42		208.0		212.0		204.0
43		213.0		217.0		209.0
44		218.0		222.0		214.0
45		223.0		227.0		219.0
46		228.0		232.0		224.0
47		233.0		237.0		229.0
48		238.0		242.0		234.0
49		243.0		247.0		239.0
50		248.0		252.0		244.0
51		253.0		257.0		249.0
52		258.0		262.0		254.0
53		263.0		267.0		259.0
54		268.0		272.0		264.0
55		273.0		277.0		269.0
56		278.0		282.0		274.0
57		283.0		287.0		279.0
58		288.0		292.0		284.0
59		293.0		297.0		289.0
60		298.0		302.0		294.0
61		303.0		307.0		299.0
62		308.0		312.0		304.0
63		313.0		317.0		309.0
64		318.0		322.0		314.0
65		323.0		327.0		319.0
66		328.0		332.0		324.0
67		333.0		337.0		329.0
68		338.0		342.0		334.0
69		343.0		347.0		339.0
70		348.0		352.0		344.0
71		353.0		357.0		349.0
72		358.0		362.0		354.0
73		363.0		367.0		359.0
74		368.0		372.0		364.0
75		373.0		377.0		369.0
76		378.0		382.0		374.0
77		383.0		387.0		379.0
78		388.0		392.0		384.0
79		393.0		397.0		389.0
80		398.0		402.0		394.0
81		403.0		407.0		399.0
82		408.0		412.0		404.0
83		413.0		417.0		409.0
84		418.0		422.0		414.0
85		423.0		427.0		419.0
86		428.0		432.0		424.0
87		433.0		437.0		429.0
88		438.0		442.0		434.0
89		443.0		447.0		439.0
90		448.0		452.0		444.0
91		453.0		457.0		449.0
92		458.0		462.0		454.0
93		463.0		467.0		459.0
94		468.0		472.0		464.0
95		473.0		477.0		469.0
96		478.0		482.0		474.0
97		483.0		487.0		479.0
98		488.0		492.0		484.0
99		493.0		497.0		489.0
100		498.0		502.0		494.0
101		503.0		507.0		499.0
102		508.0		512.0		504.0
103		513.0		517.0		509.0
104		518.0		522.0		514.0
105		523.0		527.0		519.0
106		528.0		532.0		524.0
107		533.0		537.0		529.0
108		538.0		542.0		534.0
109		543.0		547.0		539.0
110		548.0		552.0		544.0
111		553.0		557.0		549.0
112		558.0		562.0		554.0
113		563.0		567.0		559.0
114		568.0		572.0		564.0
115		573.0		577.0		569.0
116		578.0		582.0		574.0
117		583.0		587.0		579.0
118		588.0		592.0		584.0
119		593.0		597.0		589.0
120		598.0		602.0		594.0
121		603.0		607.0		599.0
122		608.0		612.0		604.0
123		613.0		617.0		609.0
124		618.0		622.0		614.0
125		623.0		627.0		619.0
126		628.0		632.0		624.0
127		633.0		637.0		629.0
128		638.0		642.0		634.0
129		643.0		647.0		639.0
130		648.0		652.0		644.0
131		653.0		657.0		649.0
132		658.0		662.0		654.0
133		663.0		667.0		659.0
134		668.0		672.0		664.0
135		673.0		677.0		669.0
136		678.0		682.0		674.0
137		683.0		687.0		679.0
138		688.0		692.0		684.0
139		693.0		697.0		689.0
140		698.0		702.0		694.0
141		703.0		707.0		699.0
142		708.0		712.0		704.0
143		713.0		717.0		709.0
144		718.0		722.0		714.0
145		723.0		727.0		719.0
146		728.0		732.0		724.0
147		733.0		737.0		729.0
148		738.0		742.0		734.0
149		743.0		747.0		739.0
150		748.0		752.0		744.0
151		753.0		757.0		749.0
152		758.0		762.0		754.0
153		763.0		767.0		759.0
154		768.0		772.0		764.0
155		773.0		777.0		769.0
156		778.0		782.0		774.0
157		783.0		787.0		779.0
158		788.0		792.0		784.0
159		793.0		797.0		789.0
160		798.0		802.0		794.0
161		803.0		807.0		799.0
162		808.0		812.0		804.0
163		813.0		817.0		809.0
164		818.0		822.0		814.0
165		823.0		827.0		819.0
166		828.0		832.0		824.0
167		833.0		837.0		829.0
168		838.0		842.0		834.0
169		843.0		847.0		839.0
170		848.0		852.0		844.0
171		853.0		857.0		849.0
172		858.0		862.0		854.0
173		863.0		867.0		859.0
174		868.0		872.0		864.0
175		873.0		877.0		869.0
176		878.0		882.0		874.0
177		883.0		887.0		879.0
178		888.0		892.0		884.0
179		893.0		897.0		889.0
180		898.0		902.0		894.0
181		903.0		907.0		899.0
182		908.0		912.0		904.0
183		913.0		917.0		909.0
184		918.0		922.0		914.0
185		923.0		927.0		919.0
186		928.0		932.0		924.0
187		933.0		937.0		929.0
188		938.0		942.0		934.0
189		943.0		947.0		939.0
190		948.0		952.0		944.0
191		953.0		957.0		949.0
192		958.0		962.0		954.0
193		963.0		967.0		959.0
194		968.0		972.0		964.0
195		973.0		977.0		969.0
196		978.0		982.0		974.0
197		983.0		987.0		979.0
198		988.0		992.0		984.0
199		993.0		997.0		989.0
200		998.0		1002.0		994.0
201		1003.0		1007.0		999.0
202		1008.0		1012.0		1004.0
203		1013.0		1017.0		1009.0
204		1018.0		1022.0		1014.0
205		1023.0		1027.0		1019.0
206		1028.0		1032.0		1024.0
207		1033.0		1037.0		1029.0
208		1038.0		1042.0		1034.0
209		1043.0		1047.0		1039.0
210		1048.0		1052.0		1044.0
211		1053.0		1057.0		1049.0
212		1058.0		1062.0		1054.0
213		1063.0		1067.0		1059.0
214		1068.0		1072.0		1064.0
215		1073.0		1077.0		1069.0
216		1078.0		1082.0		1074.0
217		1083.0		1087.0		1079.0
218		1088.0		1092.0		1084.0
219		1093.0		1097.0		1089.0
220		1098.0		1102.0		1094.0
221		1103.0		1107.0		1099.0
222		1108.0		1112.0		1104.0
223		1113.0		1117.0		1109.0
224		1118.0		1122.0		1114.0
225		1123.0		1127.0		1119.0
226		1128.0		1132.0		1124.0
227		1133.0		1137.0		1129.0
228		1138.0		1142.0		1134.0
229		1143.0		1147.0		1139.0
230		1148.0		1152.0		1144.0
231		1153.0		1157.0		1149.0
232		1158.0		1162.0		1154.0
233		1163.0		1167.0		1159.0
234		1168.0		1172.0		1164.0
235		1173.0		1177.0		1169.0
236		1178.0		1182.0		1174.0
237		1183.0		1187.0		1179.0
238		1188.0		1192.0		1184.0
239		1193.0		1197.0		1189.0
240		1198.0		1202.0		1194.0
241		1203.0		1207.0		1199.0
242		1208.0		1212.0		1204.0
243		1213.0		1217.0		1209.0
244		1218.0		1222.0		1214.0
245		1223.0		1227.0		1219.0
246		1228.0		1232.0		1224.0
247		1233.0		1237.0		1229.0
248		1238.0		1242.0		1234.0
249		1243.0		1247.0		1239.0
250		1248.0		1252.0		1244.0
