episode	mediator-random_runtime_mean	mediator-random_runtime_std_up	mediator-random_runtime_std_down
1		0.00018		0.00022		0.00014
2		0.00686		0.00737		0.00635
3		0.01382		0.01486		0.01278
4		0.02068		0.02227		0.01909
5		0.02791		0.02987		0.02595
6		0.03518		0.03718		0.03318
7		0.04215		0.04415		0.04016
8		0.049		0.05132		0.04667
9		0.05591		0.05909		0.05272
10		0.06239		0.06605		0.05873
11		0.06902		0.07322		0.06482
12		0.07565		0.08056		0.07074
13		0.08247		0.0878		0.07714
14		0.08911		0.09508		0.08314
15		0.0964		0.10207		0.09073
16		0.10478		0.11011		0.09944
17		0.11213		0.11778		0.10649
18		0.11878		0.12432		0.11324
19		0.12526		0.13074		0.11977
20		0.13187		0.13765		0.12609
21		0.13896		0.14505		0.13287
22		0.1458		0.15211		0.13949
23		0.15276		0.15971		0.14581
24		0.1602		0.16685		0.15355
25		0.16834		0.17619		0.1605
26		0.17503		0.18319		0.16687
27		0.18215		0.19027		0.17403
28		0.18856		0.19675		0.18037
29		0.19521		0.20348		0.18694
30		0.20228		0.2107		0.19386
31		0.20923		0.21774		0.20073
32		0.2161		0.2249		0.20731
33		0.22297		0.23214		0.2138
34		0.23015		0.23953		0.22078
35		0.23722		0.24685		0.22759
36		0.24403		0.25369		0.23437
37		0.25069		0.26011		0.24127
38		0.25719		0.26666		0.24773
39		0.26384		0.27309		0.25459
40		0.27033		0.27963		0.26104
41		0.27722		0.28656		0.26788
42		0.28396		0.29378		0.27414
43		0.29111		0.30128		0.28093
44		0.29838		0.30888		0.28788
45		0.3049		0.31567		0.29414
46		0.31181		0.32286		0.30075
47		0.31807		0.32916		0.30699
48		0.32474		0.33555		0.31393
49		0.33113		0.34178		0.32048
50		0.33786		0.34878		0.32695
51		0.34475		0.35582		0.33368
52		0.35197		0.36384		0.34009
53		0.35897		0.37134		0.3466
54		0.36625		0.37925		0.35325
55		0.37319		0.38614		0.36023
56		0.37966		0.39284		0.36648
57		0.38666		0.40013		0.37318
58		0.39376		0.40656		0.38096
59		0.40039		0.41342		0.38735
60		0.408		0.42109		0.39491
61		0.41509		0.42866		0.40151
62		0.42223		0.43641		0.40805
63		0.42952		0.44411		0.41492
64		0.43673		0.45189		0.42158
65		0.44374		0.45849		0.42898
66		0.45084		0.46596		0.43573
67		0.4576		0.47291		0.44228
68		0.46481		0.47983		0.44978
69		0.47183		0.48732		0.45634
70		0.47931		0.49457		0.46405
71		0.48728		0.5031		0.47147
72		0.49421		0.51055		0.47787
73		0.50157		0.5188		0.48435
74		0.50875		0.52612		0.49138
75		0.51584		0.53367		0.49801
76		0.52279		0.54099		0.50458
77		0.52936		0.54765		0.51107
78		0.53669		0.55492		0.51846
79		0.54356		0.56203		0.52509
80		0.55066		0.56948		0.53185
81		0.55763		0.57678		0.53847
82		0.56467		0.58443		0.5449
83		0.57148		0.59151		0.55145
84		0.57827		0.59852		0.55802
85		0.585		0.60512		0.56487
86		0.59209		0.61269		0.5715
87		0.59953		0.621		0.57806
88		0.60634		0.62783		0.58485
89		0.61371		0.63578		0.59164
90		0.6209		0.64318		0.59862
91		0.62787		0.65055		0.60518
92		0.63437		0.65722		0.61151
93		0.64109		0.66388		0.6183
94		0.64771		0.67052		0.6249
95		0.65433		0.67718		0.63147
96		0.66111		0.68409		0.63814
97		0.66764		0.69086		0.64442
98		0.67451		0.69812		0.6509
99		0.6816		0.70527		0.65792
100		0.68832		0.71245		0.66419
101		0.69509		0.71919		0.67098
102		0.70163		0.72584		0.67742
103		0.70817		0.73263		0.68371
104		0.71465		0.73916		0.69014
105		0.72147		0.74617		0.69677
106		0.72818		0.75292		0.70343
107		0.73493		0.76012		0.70974
108		0.74188		0.76778		0.71599
109		0.74867		0.77478		0.72255
110		0.75579		0.78206		0.72953
111		0.76228		0.78837		0.73619
112		0.76902		0.79559		0.74244
113		0.77541		0.80206		0.74876
114		0.78202		0.80876		0.75528
115		0.78864		0.81529		0.76198
116		0.79521		0.82208		0.76834
117		0.80195		0.82941		0.77449
118		0.80857		0.83606		0.78108
119		0.81556		0.84369		0.78744
120		0.82264		0.85022		0.79507
121		0.82949		0.85725		0.80173
122		0.83609		0.86408		0.8081
123		0.84266		0.87108		0.81425
124		0.84927		0.8781		0.82044
125		0.85608		0.88535		0.82681
126		0.86288		0.89265		0.8331
127		0.86949		0.89946		0.83953
128		0.87702		0.90771		0.84634
129		0.88492		0.9157		0.85414
130		0.89233		0.92325		0.86141
131		0.89923		0.93021		0.86825
132		0.90605		0.93685		0.87526
133		0.91286		0.94373		0.882
134		0.92026		0.95116		0.88936
135		0.92725		0.95817		0.89632
136		0.93428		0.96551		0.90306
137		0.94109		0.97256		0.90962
138		0.94836		0.98033		0.91639
139		0.95574		0.9883		0.92319
140		0.9626		0.99502		0.93019
141		0.96946		1.00214		0.93678
142		0.97646		1.00908		0.94384
143		0.98363		1.01635		0.95091
144		0.99081		1.02387		0.95775
145		0.99794		1.03102		0.96486
146		1.00542		1.03897		0.97187
147		1.0129		1.04694		0.97885
148		1.02012		1.0546		0.98564
149		1.02766		1.06322		0.9921
150		1.0348		1.07061		0.999
151		1.04277		1.07995		1.0056
152		1.05039		1.08919		1.01158
153		1.05765		1.09732		1.01798
154		1.06499		1.10563		1.02436
155		1.07247		1.11396		1.03098
156		1.07931		1.12109		1.03753
157		1.08609		1.12823		1.04395
158		1.0932		1.1356		1.0508
159		1.10033		1.14335		1.05731
160		1.10774		1.15102		1.06446
161		1.11467		1.15847		1.07087
162		1.12207		1.16606		1.07808
163		1.12918		1.1725		1.08587
164		1.13643		1.17994		1.09291
165		1.14356		1.18691		1.10021
166		1.15045		1.19355		1.10734
167		1.15779		1.20101		1.11457
168		1.1651		1.20812		1.12209
169		1.17291		1.21604		1.12977
170		1.17937		1.22239		1.13635
171		1.18628		1.22943		1.14313
172		1.19269		1.23586		1.14952
173		1.19904		1.24204		1.15603
174		1.20595		1.24843		1.16346
175		1.21255		1.25516		1.16994
176		1.21946		1.26252		1.17641
177		1.22632		1.26952		1.18313
178		1.23341		1.2773		1.18951
179		1.24034		1.284		1.19667
180		1.24734		1.29165		1.20303
181		1.25472		1.29897		1.21048
182		1.26148		1.30608		1.21689
183		1.26772		1.31227		1.22318
184		1.27458		1.31843		1.23072
185		1.28091		1.3246		1.23722
186		1.28756		1.33119		1.24393
187		1.29436		1.33811		1.25061
188		1.30141		1.34466		1.25816
189		1.30812		1.35127		1.26496
190		1.3144		1.35753		1.27127
191		1.32064		1.3636		1.27767
192		1.32678		1.36986		1.2837
193		1.33307		1.37613		1.29001
194		1.3398		1.38248		1.29713
195		1.34598		1.38859		1.30336
196		1.35247		1.39496		1.30998
197		1.35929		1.40187		1.31672
198		1.36667		1.40958		1.32375
199		1.37343		1.41607		1.33079
200		1.3798		1.42245		1.33714
201		1.38635		1.429		1.34369
202		1.39273		1.43545		1.35001
203		1.39971		1.44237		1.35706
204		1.40661		1.44886		1.36436
205		1.41324		1.4554		1.37107
206		1.42018		1.462		1.37836
207		1.4272		1.46918		1.38522
208		1.43469		1.47678		1.39259
209		1.44194		1.48405		1.39982
210		1.44852		1.49062		1.40643
211		1.45535		1.49757		1.41314
212		1.46205		1.50423		1.41987
213		1.46987		1.51177		1.42798
214		1.47678		1.51844		1.43511
215		1.48351		1.52506		1.44195
216		1.49102		1.53238		1.44965
217		1.4978		1.53907		1.45653
218		1.50606		1.54774		1.46439
219		1.5133		1.55497		1.47163
220		1.52185		1.56405		1.47964
221		1.52923		1.57197		1.48649
222		1.53664		1.57961		1.49367
223		1.54426		1.58726		1.50125
224		1.55114		1.59435		1.50792
225		1.55839		1.60182		1.51495
226		1.56521		1.60868		1.52174
227		1.57227		1.61606		1.52848
228		1.57941		1.62304		1.53579
229		1.58648		1.6302		1.54275
230		1.5931		1.63688		1.54932
231		1.59974		1.64356		1.55592
232		1.60662		1.6505		1.56274
233		1.61338		1.6572		1.56957
234		1.62044		1.66431		1.57656
235		1.627		1.67079		1.58322
236		1.63355		1.6775		1.58961
237		1.64009		1.68395		1.59623
238		1.64762		1.69165		1.60359
239		1.65418		1.69816		1.6102
240		1.66103		1.70492		1.61714
241		1.66818		1.71238		1.62399
242		1.67483		1.71915		1.63052
243		1.6819		1.72629		1.63752
244		1.68909		1.73393		1.64425
245		1.69624		1.74089		1.65158
246		1.70275		1.74705		1.65845
247		1.70938		1.75363		1.66513
248		1.7168		1.7603		1.67331
249		1.72328		1.76675		1.67981
250		1.73014		1.7737		1.68657
251		1.73697		1.7802		1.69374
252		1.74329		1.7865		1.70009
253		1.75006		1.79291		1.70722
254		1.75703		1.80028		1.71379
255		1.7639		1.80695		1.72084
256		1.77047		1.81332		1.72761
257		1.77792		1.81971		1.73612
258		1.78489		1.82658		1.7432
259		1.7922		1.83342		1.75098
260		1.79858		1.8397		1.75745
261		1.80575		1.84723		1.76428
262		1.81261		1.85394		1.77128
263		1.81928		1.86043		1.77813
264		1.82612		1.86739		1.78486
265		1.83283		1.87409		1.79158
266		1.83971		1.88024		1.79918
267		1.84676		1.88772		1.80579
268		1.85343		1.89452		1.81235
269		1.85982		1.90113		1.81851
270		1.86649		1.90814		1.82484
271		1.87299		1.91486		1.83111
272		1.88005		1.92178		1.83832
273		1.88718		1.92912		1.84524
274		1.89385		1.93592		1.85178
275		1.90081		1.9426		1.85902
276		1.90753		1.94946		1.8656
277		1.91434		1.95655		1.87213
278		1.92136		1.96394		1.87879
279		1.9278		1.97067		1.88493
280		1.93433		1.97735		1.89131
281		1.94057		1.98387		1.89727
282		1.94732		1.99062		1.90401
283		1.9545		1.99809		1.91091
284		1.96129		2.00507		1.91752
285		1.968		2.01164		1.92436
286		1.97565		2.01943		1.93188
287		1.98236		2.02625		1.93847
288		1.98926		2.03267		1.94585
289		1.9958		2.03958		1.95203
290		2.00249		2.04589		1.95909
291		2.00912		2.0526		1.96563
292		2.01589		2.05965		1.97213
293		2.02288		2.06677		1.97899
294		2.02964		2.07349		1.9858
295		2.0369		2.07982		1.99399
296		2.04384		2.08717		2.00051
297		2.05065		2.09397		2.00733
298		2.05731		2.10051		2.01412
299		2.06386		2.10712		2.02061
300		2.07016		2.11338		2.02694
301		2.07686		2.11999		2.03373
302		2.08417		2.1274		2.04094
303		2.09096		2.13431		2.04762
304		2.09841		2.14102		2.05581
305		2.10515		2.14753		2.06277
306		2.11218		2.15509		2.06926
307		2.11897		2.16199		2.07595
308		2.12544		2.16847		2.08242
309		2.13208		2.17523		2.08893
310		2.13844		2.18161		2.09526
311		2.14491		2.1883		2.10152
312		2.152		2.19571		2.10828
313		2.15859		2.20223		2.11496
314		2.16595		2.20898		2.12292
315		2.17261		2.21578		2.12944
316		2.1797		2.22343		2.13596
317		2.18652		2.23039		2.14265
318		2.1932		2.23716		2.14924
319		2.19997		2.24445		2.15549
320		2.20663		2.25132		2.16194
321		2.21319		2.25802		2.16835
322		2.22028		2.26507		2.17549
323		2.22755		2.27212		2.18299
324		2.23436		2.27883		2.1899
325		2.24145		2.28561		2.1973
326		2.24879		2.29342		2.20416
327		2.25569		2.30094		2.21043
328		2.26286		2.30829		2.21743
329		2.26972		2.31476		2.22467
330		2.27688		2.32162		2.23214
331		2.28396		2.32884		2.23908
332		2.29063		2.33553		2.24572
333		2.29781		2.34268		2.25293
334		2.30453		2.34921		2.25984
335		2.31192		2.35648		2.26737
336		2.31916		2.36386		2.27446
337		2.32617		2.37099		2.28136
338		2.33299		2.37807		2.2879
339		2.33969		2.38496		2.29442
340		2.34656		2.39226		2.30087
341		2.35363		2.39922		2.30804
342		2.36072		2.40621		2.31523
343		2.36763		2.41308		2.32219
344		2.3746		2.4196		2.3296
345		2.38148		2.42687		2.33608
346		2.38855		2.4339		2.3432
347		2.39523		2.44071		2.34975
348		2.40221		2.448		2.35641
349		2.409		2.45472		2.36328
350		2.41637		2.46282		2.36992
351		2.42339		2.46956		2.37721
352		2.43044		2.4763		2.38457
353		2.43709		2.48282		2.39136
354		2.44419		2.48967		2.39871
355		2.45144		2.49751		2.40537
356		2.45826		2.50457		2.41195
357		2.46521		2.51168		2.41874
358		2.47205		2.51864		2.42546
359		2.47908		2.52554		2.43263
360		2.486		2.53269		2.43931
361		2.49335		2.54008		2.44662
362		2.50073		2.54671		2.45476
363		2.50779		2.55373		2.46186
364		2.51641		2.56278		2.47004
365		2.52344		2.56998		2.47691
366		2.53016		2.57662		2.4837
367		2.53699		2.58332		2.49065
368		2.54359		2.58992		2.49726
369		2.5505		2.59671		2.5043
370		2.55726		2.60346		2.51106
371		2.56418		2.61009		2.51827
372		2.571		2.61681		2.52519
373		2.57751		2.62337		2.53166
374		2.58486		2.63087		2.53884
375		2.59144		2.63749		2.54539
376		2.598		2.64414		2.55186
377		2.60463		2.65069		2.55856
378		2.61104		2.65719		2.56489
379		2.61787		2.66405		2.57169
380		2.62481		2.67104		2.57858
381		2.63152		2.6774		2.58565
382		2.6382		2.6841		2.59229
383		2.64481		2.69082		2.5988
384		2.65225		2.69854		2.60596
385		2.65882		2.70509		2.61255
386		2.66542		2.71156		2.61928
387		2.6724		2.71839		2.6264
388		2.67891		2.72485		2.63297
389		2.68604		2.73209		2.63999
390		2.69244		2.7384		2.64648
391		2.69906		2.7448		2.65331
392		2.70601		2.75161		2.66041
393		2.71245		2.75799		2.6669
394		2.71973		2.76522		2.67424
395		2.72644		2.772		2.68089
396		2.73351		2.77923		2.68778
397		2.74057		2.78606		2.69508
398		2.74732		2.79281		2.70183
399		2.75442		2.80007		2.70877
400		2.7613		2.8067		2.71591
401		2.76777		2.81322		2.72231
402		2.77456		2.82007		2.72904
403		2.78134		2.82709		2.7356
404		2.78862		2.83413		2.74311
405		2.79607		2.84147		2.75067
406		2.80262		2.8479		2.75734
407		2.80997		2.85496		2.76497
408		2.81702		2.86195		2.77208
409		2.82452		2.86964		2.77939
410		2.83123		2.87606		2.7864
411		2.83844		2.8828		2.79407
412		2.84575		2.88921		2.80229
413		2.85314		2.89605		2.81023
414		2.86029		2.9026		2.81797
415		2.86732		2.90976		2.82489
416		2.87446		2.91704		2.83187
417		2.88118		2.92363		2.83873
418		2.88828		2.93062		2.84594
419		2.89515		2.93752		2.85278
420		2.90213		2.94369		2.86056
421		2.90935		2.95021		2.86849
422		2.91669		2.9565		2.87688
423		2.9236		2.96282		2.88439
424		2.93046		2.96906		2.89186
425		2.93819		2.97644		2.89994
426		2.94546		2.98297		2.90795
427		2.95222		2.98959		2.91485
428		2.95943		2.99635		2.92252
429		2.96686		3.00281		2.93091
430		2.97452		3.00938		2.93966
431		2.98183		3.01548		2.94817
432		2.98888		3.02186		2.9559
433		2.99617		3.0282		2.96414
434		3.0033		3.03448		2.97212
435		3.01021		3.04125		2.97917
436		3.01752		3.04881		2.98623
437		3.02505		3.05552		2.99457
438		3.03211		3.06211		3.00211
439		3.0397		3.06881		3.01059
440		3.04724		3.07549		3.019
441		3.05523		3.082		3.02846
442		3.06287		3.08882		3.03692
443		3.07005		3.09564		3.04445
444		3.07788		3.10245		3.05331
445		3.08559		3.10982		3.06136
446		3.094		3.11762		3.07038
447		3.10219		3.12482		3.07957
448		3.10983		3.13204		3.08762
449		3.11754		3.13975		3.09534
450		3.12603		3.14708		3.10497
451		3.13403		3.15539		3.11267
452		3.14091		3.16207		3.11975
453		3.14768		3.16898		3.12637
454		3.15422		3.17582		3.13262
455		3.16106		3.183		3.13912
456		3.16818		3.1902		3.14616
457		3.17529		3.19759		3.15299
458		3.18199		3.20432		3.15966
459		3.18933		3.21218		3.16648
460		3.1962		3.21924		3.17316
461		3.2033		3.2267		3.17989
462		3.21019		3.23358		3.18679
463		3.21711		3.2403		3.19392
464		3.22377		3.24658		3.20097
465		3.23078		3.2538		3.20775
466		3.23861		3.26167		3.21555
467		3.24583		3.26944		3.22222
468		3.25322		3.27688		3.22957
469		3.26094		3.28476		3.23712
470		3.26769		3.29161		3.24377
471		3.27454		3.29874		3.25033
472		3.28113		3.30559		3.25667
473		3.28788		3.31241		3.26335
474		3.29494		3.31971		3.27017
475		3.3023		3.32723		3.27736
476		3.3099		3.33478		3.28502
477		3.31711		3.3422		3.29201
478		3.32396		3.34916		3.29877
479		3.3311		3.3563		3.3059
480		3.33776		3.36305		3.31247
481		3.34468		3.37014		3.31922
482		3.35141		3.37716		3.32566
483		3.35794		3.38376		3.33212
484		3.36519		3.3911		3.33928
485		3.37309		3.39954		3.34665
486		3.38073		3.40675		3.35472
487		3.3879		3.41409		3.36171
488		3.39502		3.42132		3.36872
489		3.40207		3.42762		3.37653
490		3.4091		3.43475		3.38345
491		3.41609		3.4411		3.39109
492		3.42283		3.44787		3.39779
493		3.42984		3.45469		3.405
494		3.43673		3.4611		3.41235
495		3.44475		3.46909		3.4204
496		3.45191		3.47594		3.42788
497		3.45888		3.48273		3.43503
498		3.46579		3.48896		3.44263
499		3.47236		3.49545		3.44928
500		3.47933		3.50229		3.45637
