step	mediator-random_inst_loss_mean	mediator-random_inst_loss_std_up	mediator-random_inst_loss_std_down
1		-2414.97234		9984.98763		-14814.93232
2		-365.92235		10857.42467		-11589.26938
3		1421.31436		14197.75161		-11355.12289
4		645.8993		13917.99058		-12626.19199
5		591.03939		14874.22343		-13692.14464
6		741.43669		16091.62421		-14608.75082
7		-432.77367		15432.43085		-16297.97819
8		83.26033		17314.27913		-17147.75848
9		-1147.61558		16728.52192		-19023.75308
10		150.73788		18588.64252		-18287.16675
11		-60.01769		18361.86256		-18481.89795
12		947.7445		15686.66582		-13791.17683
13		4769.66963		17564.48683		-8025.14758
14		5072.66613		13647.19175		-3501.85948
15		7177.53967		13225.28456		1129.79479
16		5431.34029		12049.34373		-1186.66315
17		4248.28174		11944.18389		-3447.6204
18		5165.74135		13107.71003		-2776.22732
19		4897.01217		11249.3507		-1455.32637
20		4179.81452		12230.24855		-3870.61952
21		3881.00101		12354.05537		-4592.05334
22		3896.19278		14740.35015		-6947.96458
23		3439.52077		13160.60547		-6281.56392
24		4480.2258		13925.19386		-4964.74226
25		3591.46607		15110.63945		-7927.70732
26		2138.36075		13427.4008		-9150.6793
27		2167.47977		14718.26839		-10383.30886
28		1416.00914		12614.55841		-9782.54013
29		317.3368		13505.62205		-12870.94845
30		280.10215		14787.99245		-14227.78816
31		-1.96286		13476.80712		-13480.73284
32		2555.37036		13578.36802		-8467.6273
33		3785.99731		10822.40624		-3250.41163
34		3108.56232		11984.06551		-5766.94086
35		2307.78702		11281.55244		-6665.97841
36		3612.81708		12582.98966		-5357.3555
37		5956.41975		12312.72253		-399.88304
38		5309.46903		12950.59996		-2331.66189
39		3797.56083		12404.03316		-4808.91149
40		2917.49316		11749.47767		-5914.49135
41		4006.28913		12648.96251		-4636.38424
42		5559.78695		14333.17831		-3213.60442
43		5530.80502		9719.29039		1342.31965
44		5203.29842		11689.56819		-1282.97135
45		4208.86378		10249.36116		-1831.6336
46		3972.60492		8628.19776		-682.98792
47		2615.9883		8865.11081		-3633.13421
48		1690.83461		8181.53129		-4799.86207
49		2765.2702		8648.89585		-3118.35544
50		4425.00184		6688.29144		2161.71225
51		3940.19527		8255.84493		-375.45439
52		4212.85746		7670.55804		755.15688
53		3815.98519		9545.54166		-1913.57127
54		2748.53407		7940.04081		-2442.97268
55		1785.72491		7460.14344		-3888.69362
56		1520.95593		7374.8702		-4332.95835
57		1485.26845		9412.06548		-6441.52859
58		647.43021		8306.81858		-7011.95815
59		3060.79829		11641.4074		-5519.81081
60		2372.06945		10760.59429		-6016.45538
61		1890.48318		10760.63089		-6979.66453
62		2682.93194		11426.16066		-6060.29678
63		3604.89066		8252.63846		-1042.85713
64		3153.99546		9760.81276		-3452.82184
65		2679.36893		8038.10055		-2679.36269
66		2053.13271		9062.92836		-4956.66294
67		1527.23074		8952.43228		-5897.9708
68		1100.27907		10289.24453		-8088.6864
69		-132.12864		9222.31094		-9486.56821
70		30.80538		10079.03698		-10017.42622
71		-1391.18447		8974.87867		-11757.24761
72		-898.08441		9194.9194		-10991.08821
73		1141.44615		13433.4731		-11150.58079
74		2604.43533		14871.64		-9662.76935
75		739.77909		14490.71347		-13011.15529
76		794.44409		15782.47316		-14193.58499
77		168.10109		14185.62589		-13849.42371
78		1614.05583		12329.17514		-9101.06347
79		2089.99047		8649.40704		-4469.42609
80		3692.15639		7814.60768		-430.29489
81		3146.75433		8888.64823		-2595.13957
82		2705.94094		8770.37801		-3358.49612
83		2241.92685		8649.60927		-4165.75557
84		3052.87265		9494.6709		-3388.92559
85		1762.40942		8601.75391		-5076.93507
86		2520.58791		9267.63783		-4226.46201
87		1301.20949		8776.55827		-6174.13928
88		178.47687		9835.65082		-9478.69708
89		70.30559		8474.86412		-8334.25294
90		2810.49489		11256.03597		-5635.0462
91		2504.6913		6424.65856		-1415.27596
92		1346.20003		6875.00218		-4182.60213
93		1460.31147		7744.71244		-4824.0895
94		246.85284		6527.3907		-6033.68503
95		-765.05591		5895.46561		-7425.57743
96		-321.56955		7134.58355		-7777.72266
97		-1628.8114		5955.18432		-9212.80711
98		-2194.341		7218.4528		-11607.1348
99		-3049.55872		5533.04013		-11632.15757
100		-2517.11216		7129.61622		-12163.84054
101		-4623.79397		5072.64055		-14320.22849
102		-3651.14041		5767.33995		-13069.62078
103		-858.19097		7282.47611		-8998.85804
104		527.0837		5376.46202		-4322.29462
105		-1419.37728		4775.0445		-7613.79906
106		-927.76105		4647.21864		-6502.74074
107		1110.20758		5920.02437		-3699.60921
108		2571.55262		7308.779		-2165.67377
109		2413.99673		6151.12534		-1323.13188
110		1927.95245		6322.00084		-2466.09593
111		766.63606		4822.23738		-3288.96527
112		1923.89666		5370.62182		-1522.82849
113		3588.89105		10294.79823		-3117.01614
114		2453.26867		8660.78468		-3754.24735
115		1292.07094		7726.9465		-5142.80463
116		1926.39497		7848.01276		-3995.22282
117		4114.58234		12558.96527		-4329.8006
118		2329.40752		9977.17628		-5318.36124
119		2467.73717		9457.85121		-4522.37686
120		1279.77139		9837.91823		-7278.37545
121		2139.17723		9915.29111		-5636.93665
122		2348.63218		7336.67126		-2639.40689
123		1831.61811		7369.61141		-3706.37519
124		3392.65593		9168.06744		-2382.75558
125		2930.59048		9256.86261		-3395.68164
126		2444.2058		7392.60941		-2504.19781
127		4687.17592		6912.37696		2461.97488
128		3609.358		6465.77488		752.94112
129		4845.49212		10620.11513		-929.13089
130		4250.69454		9138.50287		-637.1138
131		4391.04476		9677.77861		-895.68909
132		3988.19079		9579.55864		-1603.17706
133		4213.82482		10505.21825		-2077.5686
134		3117.75839		9379.93614		-3144.41935
135		2774.51871		10240.28011		-4691.2427
136		2279.91972		9110.77499		-4550.93556
137		3864.55236		12257.63225		-4528.52752
138		2904.26207		9520.10825		-3711.5841
139		4549.2844		8199.75776		898.81103
140		4572.05582		9618.84706		-474.73542
141		4828.41959		10966.21304		-1309.37386
142		5064.08194		9358.01246		770.15142
143		8315.7273		11380.97306		5250.48155
144		9534.14893		13527.02684		5541.27103
145		8745.62912		11350.46206		6140.79617
146		8726.12271		10380.95632		7071.2891
147		8572.29559		10989.95179		6154.6394
148		8283.74296		10415.42179		6152.06413
149		8762.98824		10482.94286		7043.03363
150		7933.88103		10207.46097		5660.30108
151		7745.02169		10109.82622		5380.21715
152		7149.79025		11345.25336		2954.32715
153		7336.95996		11020.95314		3652.96677
154		7639.7452		11162.75527		4116.73513
155		8833.88653		14554.91551		3112.85754
156		6640.74062		11265.3845		2016.09674
157		7914.42488		14638.61279		1190.23697
158		6113.37986		11131.06248		1095.69724
159		6059.92664		12412.07262		-292.21935
160		5760.26858		12873.05968		-1352.52252
161		5213.61709		10934.16575		-506.93157
162		4881.58601		9282.61785		480.55417
163		5181.77045		10338.12779		25.41311
164		4813.869		9678.39676		-50.65877
165		4949.66574		11330.06076		-1430.72928
166		4542.01872		11959.3467		-2875.30926
167		4762.60744		10249.14917		-723.9343
168		3661.23019		11089.45117		-3766.99079
169		2013.01868		9925.417		-5899.37965
170		2162.22603		9634.28923		-5309.83717
171		1866.62376		12192.6707		-8459.42317
172		3417.33478		14365.49238		-7530.82281
173		2063.48566		13305.39989		-9178.42857
174		2865.04017		14492.12713		-8762.0468
175		3796.58407		11712.50972		-4119.34157
176		6760.42332		13786.38088		-265.53425
177		7213.10258		11335.73314		3090.47202
178		10356.75879		15021.12687		5692.39071
179		8243.76531		12746.26198		3741.26864
180		8720.90759		13971.86387		3469.9513
181		8412.64741		13724.86338		3100.43145
182		10170.53031		15679.01627		4662.04435
183		8020.20685		13831.06894		2209.34476
184		10407.12602		16855.78906		3958.46299
185		7585.37108		13965.23206		1205.51011
186		6827.58404		13148.49967		506.66841
187		6580.50258		13484.64975		-323.6446
188		6320.41759		13579.93058		-939.09539
189		6696.33512		15000.46668		-1607.79644
190		5758.46405		13542.54011		-2025.61201
191		5581.75263		12115.3758		-951.87055
192		7472.31091		11009.30925		3935.31258
193		6723.95119		12455.14499		992.7574
194		6684.94963		10620.04062		2749.85864
195		8017.53147		11060.39897		4974.66398
196		7000.58726		9948.90697		4052.26755
197		6009.8446		8203.26941		3816.41978
198		6149.26251		8180.1049		4118.42012
199		5554.7232		8160.34617		2949.10023
200		5369.33999		6758.11284		3980.56714
201		5174.21803		6663.16744		3685.26863
202		4968.84822		6577.69532		3360.00112
203		4751.64266		6499.3131		3003.97221
204		5173.772		7133.44189		3214.10211
205		4284.59437		6364.25384		2204.9349
206		3509.56952		6351.60573		667.53331
207		4290.21993		6217.44969		2362.99017
208		4336.31265		6045.07842		2627.54688
209		4042.59728		5304.84032		2780.35423
210		5838.78321		9933.28588		1744.28053
211		4974.69113		8016.31668		1933.06558
212		5398.78241		9702.95457		1094.61025
213		4947.49347		7420.15796		2474.82897
214		4048.52105		7544.96005		552.08204
215		3999.79045		7728.59612		270.98479
216		3523.99238		8572.32189		-1524.33714
217		3883.08039		9975.53784		-2209.37706
218		2606.11732		8024.22214		-2811.9875
219		1763.36375		6998.44944		-3471.72194
220		2269.26704		7028.38449		-2489.85042
221		1499.15685		6408.34788		-3410.03417
222		2606.06556		7236.4548		-2024.32369
223		3904.98543		4958.32639		2851.64447
224		2541.87505		4495.13774		588.61235
225		2325.4172		4226.08435		424.75005
226		2309.79664		4729.31183		-109.71854
227		2483.29377		5513.72287		-547.13533
228		2769.48805		6791.77832		-1252.80221
229		1740.30561		5192.84352		-1712.23229
230		825.80057		4235.95932		-2584.35817
231		411.63508		5376.82914		-4553.55898
232		376.82915		5982.33872		-5228.68041
233		-471.25422		6204.04995		-7146.55839
234		-940.48695		6059.9415		-7940.91539
235		-1428.42508		5919.01355		-8775.86371
236		-1935.06364		4739.3603		-8609.48759
237		-2058.90064		5269.64491		-9387.44618
238		-2506.39216		4055.55405		-9068.33837
239		-2727.36389		4611.8988		-10066.62659
240		-3327.43775		4530.48219		-11185.3577
241		-2828.26965		4806.19982		-10462.73911
242		-736.18459		4716.59495		-6188.96413
243		153.95481		3022.03023		-2714.12061
244		-970.43757		2280.40873		-4221.28388
245		-203.20518		2000.21971		-2406.63006
246		729.17492		4465.47455		-3007.12471
247		-360.34023		2784.1452		-3504.82565
248		-853.385		2514.93713		-4221.70713
249		-787.0		3389.87036		-4963.87036
250		-1400.0		1400.0		-4200.0
