step	mediator-random_cov_err_sq_T_mean	mediator-random_cov_err_sq_T_std_up	mediator-random_cov_err_sq_T_std_down
1		5.47254		5.47254		5.47254
2		5.47254		5.47254		5.47254
3		5.47254		5.47254		5.47254
4		5.47254		5.47254		5.47254
5		5.47254		5.47254		5.47254
6		5.47254		5.47254		5.47254
7		5.47254		5.47254		5.47254
8		5.47254		5.47254		5.47254
9		5.47254		5.47254		5.47254
10		5.47254		5.47254		5.47254
11		5.47254		5.47254		5.47254
12		5.47254		5.47254		5.47254
13		5.47254		5.47254		5.47254
14		5.47254		5.47254		5.47254
15		5.47254		5.47254		5.47254
16		5.47254		5.47254		5.47254
17		5.47254		5.47254		5.47254
18		5.47254		5.47254		5.47254
19		5.47254		5.47254		5.47254
20		5.47254		5.47254		5.47254
21		5.47254		5.47254		5.47254
22		5.47254		5.47254		5.47254
23		5.47254		5.47254		5.47254
24		5.47254		5.47254		5.47254
25		5.47254		5.47254		5.47254
26		5.47254		5.47254		5.47254
27		5.47254		5.47254		5.47254
28		5.47254		5.47254		5.47254
29		5.47254		5.47254		5.47254
30		5.47254		5.47254		5.47254
31		5.47254		5.47254		5.47254
32		5.47254		5.47254		5.47254
33		5.47254		5.47254		5.47254
34		5.47254		5.47254		5.47254
35		5.47254		5.47254		5.47254
36		5.47254		5.47254		5.47254
37		5.47254		5.47254		5.47254
38		5.47254		5.47254		5.47254
39		5.47254		5.47254		5.47254
40		5.47254		5.47254		5.47254
41		5.47254		5.47254		5.47254
42		5.47254		5.47254		5.47254
43		5.47254		5.47254		5.47254
44		5.47254		5.47254		5.47254
45		5.47254		5.47254		5.47254
46		5.47254		5.47254		5.47254
47		5.47254		5.47254		5.47254
48		5.47254		5.47254		5.47254
49		5.47254		5.47254		5.47254
50		5.47254		5.47254		5.47254
51		5.47254		5.47254		5.47254
52		5.47254		5.47254		5.47254
53		5.47254		5.47254		5.47254
54		5.47254		5.47254		5.47254
55		5.47254		5.47254		5.47254
56		5.47254		5.47254		5.47254
57		5.47254		5.47254		5.47254
58		5.47254		5.47254		5.47254
59		5.47254		5.47254		5.47254
60		5.47254		5.47254		5.47254
61		5.47254		5.47254		5.47254
62		5.47254		5.47254		5.47254
63		5.47254		5.47254		5.47254
64		5.47254		5.47254		5.47254
65		5.47254		5.47254		5.47254
66		5.47254		5.47254		5.47254
67		5.47254		5.47254		5.47254
68		5.47254		5.47254		5.47254
69		5.47254		5.47254		5.47254
70		5.47254		5.47254		5.47254
71		5.47254		5.47254		5.47254
72		5.47254		5.47254		5.47254
73		5.47254		5.47254		5.47254
74		5.47254		5.47254		5.47254
75		5.47254		5.47254		5.47254
76		5.47254		5.47254		5.47254
77		5.47254		5.47254		5.47254
78		5.47254		5.47254		5.47254
79		5.47254		5.47254		5.47254
80		5.47254		5.47254		5.47254
81		5.47254		5.47254		5.47254
82		5.47254		5.47254		5.47254
83		5.47254		5.47254		5.47254
84		5.47254		5.47254		5.47254
85		5.47254		5.47254		5.47254
86		5.47254		5.47254		5.47254
87		5.47254		5.47254		5.47254
88		5.47254		5.47254		5.47254
89		5.47254		5.47254		5.47254
90		5.47254		5.47254		5.47254
91		5.47254		5.47254		5.47254
92		5.47254		5.47254		5.47254
93		5.47254		5.47254		5.47254
94		5.47254		5.47254		5.47254
95		5.47254		5.47254		5.47254
96		5.47254		5.47254		5.47254
97		5.47254		5.47254		5.47254
98		5.47254		5.47254		5.47254
99		5.47254		5.47254		5.47254
100		5.47254		5.47254		5.47254
101		5.47254		5.47254		5.47254
102		5.47254		5.47254		5.47254
103		5.47254		5.47254		5.47254
104		5.47254		5.47254		5.47254
105		5.47254		5.47254		5.47254
106		5.47254		5.47254		5.47254
107		5.47254		5.47254		5.47254
108		5.47254		5.47254		5.47254
109		5.47254		5.47254		5.47254
110		5.47254		5.47254		5.47254
111		5.47254		5.47254		5.47254
112		5.47254		5.47254		5.47254
113		5.47254		5.47254		5.47254
114		5.47254		5.47254		5.47254
115		5.47254		5.47254		5.47254
116		5.47254		5.47254		5.47254
117		5.47254		5.47254		5.47254
118		5.47254		5.47254		5.47254
119		5.47254		5.47254		5.47254
120		5.47254		5.47254		5.47254
121		5.47254		5.47254		5.47254
122		5.47254		5.47254		5.47254
123		5.47254		5.47254		5.47254
124		5.47254		5.47254		5.47254
125		5.47254		5.47254		5.47254
126		5.47254		5.47254		5.47254
127		5.47254		5.47254		5.47254
128		5.47254		5.47254		5.47254
129		5.47254		5.47254		5.47254
130		5.47254		5.47254		5.47254
131		5.47254		5.47254		5.47254
132		5.47254		5.47254		5.47254
133		5.47254		5.47254		5.47254
134		5.47254		5.47254		5.47254
135		5.47254		5.47254		5.47254
136		5.47254		5.47254		5.47254
137		5.47254		5.47254		5.47254
138		5.47254		5.47254		5.47254
139		5.47254		5.47254		5.47254
140		5.47254		5.47254		5.47254
141		5.47254		5.47254		5.47254
142		5.47254		5.47254		5.47254
143		5.47254		5.47254		5.47254
144		5.47254		5.47254		5.47254
145		5.47254		5.47254		5.47254
146		5.47254		5.47254		5.47254
147		5.47254		5.47254		5.47254
148		5.47254		5.47254		5.47254
149		5.47254		5.47254		5.47254
150		5.47254		5.47254		5.47254
151		5.47254		5.47254		5.47254
152		5.47254		5.47254		5.47254
153		5.47254		5.47254		5.47254
154		5.47254		5.47254		5.47254
155		5.47254		5.47254		5.47254
156		5.47254		5.47254		5.47254
157		5.47254		5.47254		5.47254
158		5.47254		5.47254		5.47254
159		5.47254		5.47254		5.47254
160		5.47254		5.47254		5.47254
161		5.47254		5.47254		5.47254
162		5.47254		5.47254		5.47254
163		5.47254		5.47254		5.47254
164		5.47254		5.47254		5.47254
165		5.47254		5.47254		5.47254
166		5.47254		5.47254		5.47254
167		5.47254		5.47254		5.47254
168		5.47254		5.47254		5.47254
169		5.47254		5.47254		5.47254
170		5.47254		5.47254		5.47254
171		5.47254		5.47254		5.47254
172		5.47254		5.47254		5.47254
173		5.47254		5.47254		5.47254
174		5.47254		5.47254		5.47254
175		5.47254		5.47254		5.47254
176		5.47254		5.47254		5.47254
177		5.47254		5.47254		5.47254
178		5.47254		5.47254		5.47254
179		5.47254		5.47254		5.47254
180		5.47254		5.47254		5.47254
181		5.47254		5.47254		5.47254
182		5.47254		5.47254		5.47254
183		5.47254		5.47254		5.47254
184		5.47254		5.47254		5.47254
185		5.47254		5.47254		5.47254
186		5.47254		5.47254		5.47254
187		5.47254		5.47254		5.47254
188		5.47254		5.47254		5.47254
189		5.47254		5.47254		5.47254
190		5.47254		5.47254		5.47254
191		5.47254		5.47254		5.47254
192		5.47254		5.47254		5.47254
193		5.47254		5.47254		5.47254
194		5.47254		5.47254		5.47254
195		5.47254		5.47254		5.47254
196		5.47254		5.47254		5.47254
197		5.47254		5.47254		5.47254
198		5.47254		5.47254		5.47254
199		5.47254		5.47254		5.47254
200		5.47254		5.47254		5.47254
201		5.47254		5.47254		5.47254
202		5.47254		5.47254		5.47254
203		5.47254		5.47254		5.47254
204		5.47254		5.47254		5.47254
205		5.47254		5.47254		5.47254
206		5.47254		5.47254		5.47254
207		5.47254		5.47254		5.47254
208		5.47254		5.47254		5.47254
209		5.47254		5.47254		5.47254
210		5.47254		5.47254		5.47254
211		5.47254		5.47254		5.47254
212		5.47254		5.47254		5.47254
213		5.47254		5.47254		5.47254
214		5.47254		5.47254		5.47254
215		5.47254		5.47254		5.47254
216		5.47254		5.47254		5.47254
217		5.47254		5.47254		5.47254
218		5.47254		5.47254		5.47254
219		5.47254		5.47254		5.47254
220		5.47254		5.47254		5.47254
221		5.47254		5.47254		5.47254
222		5.47254		5.47254		5.47254
223		5.47254		5.47254		5.47254
224		5.47254		5.47254		5.47254
225		5.47254		5.47254		5.47254
226		5.47254		5.47254		5.47254
227		5.47254		5.47254		5.47254
228		5.47254		5.47254		5.47254
229		5.47254		5.47254		5.47254
230		5.47254		5.47254		5.47254
231		5.47254		5.47254		5.47254
232		5.47254		5.47254		5.47254
233		5.47254		5.47254		5.47254
234		5.47254		5.47254		5.47254
235		5.47254		5.47254		5.47254
236		5.47254		5.47254		5.47254
237		5.47254		5.47254		5.47254
238		5.47254		5.47254		5.47254
239		5.47254		5.47254		5.47254
240		5.47254		5.47254		5.47254
241		5.47254		5.47254		5.47254
242		5.47254		5.47254		5.47254
243		5.47254		5.47254		5.47254
244		5.47254		5.47254		5.47254
245		5.47254		5.47254		5.47254
246		5.47254		5.47254		5.47254
247		5.47254		5.47254		5.47254
248		5.47254		5.47254		5.47254
249		5.47254		5.47254		5.47254
250		5.47254		5.47254		5.47254
