episode	mediator-random_inst_loss_mean	mediator-random_inst_loss_std_up	mediator-random_inst_loss_std_down
1		-968.07872		3461.54765		-5397.70509
2		4641.74913		10885.24832		-1601.75006
3		3665.34469		11018.28969		-3687.60031
4		3061.51223		9592.57594		-3469.55147
5		2685.82252		9738.84811		-4367.20306
6		2157.06562		8447.0502		-4132.91897
7		625.85036		7978.46878		-6726.76806
8		-698.45737		6828.09385		-8225.00859
9		-1622.86888		5796.69795		-9042.43571
10		-2272.04364		5486.97436		-10031.06164
11		-1259.57168		7257.36139		-9776.50474
12		-2501.94039		7554.55819		-12558.43897
13		-4431.85822		5447.70591		-14311.42235
14		-4254.24549		6528.81088		-15037.30185
15		-5742.90087		4570.68058		-16056.48232
16		-6207.55247		4042.85979		-16457.96473
17		-5964.40073		5678.97905		-17607.78052
18		-6964.9645		4919.55075		-18849.47974
19		-6045.92033		6801.5064		-18893.34707
20		-5905.81028		5479.06559		-17290.68615
21		-7062.94197		4030.15035		-18156.03429
22		-6198.60875		6751.13982		-19148.35731
23		-6534.55812		6414.96329		-19484.07953
24		-6975.99116		5872.2112		-19824.19352
25		-8774.23346		4940.65213		-22489.11904
26		-9333.54415		4936.46215		-23603.55045
27		-8374.28483		2100.80951		-18849.37917
28		-8274.15243		677.39546		-17225.70032
29		-5402.49822		2696.50933		-13501.50578
30		-3625.47814		3475.07823		-10726.03451
31		-3015.48514		1382.55694		-7413.52722
32		-1299.73471		1150.45937		-3749.92879
33		-3971.979		-1090.89585		-6853.06215
34		-4216.81565		9.83501		-8443.46631
35		-5285.05288		-1637.94026		-8932.1655
36		-4976.83739		-666.81434		-9286.86045
37		-5370.47939		-1188.46138		-9552.4974
38		-2258.19817		6440.8638		-10957.26013
39		-154.865		11532.53361		-11842.26361
40		-1566.5711		10176.15475		-13309.29696
41		-2891.75393		7693.11808		-13476.62593
42		-4385.78301		7429.6386		-16201.20462
43		-5797.6216		6277.79566		-17873.03885
44		-5560.4241		6955.13338		-18075.98159
45		-6148.78653		7357.19378		-19654.76684
46		-5886.03071		9401.40759		-21173.46901
47		-6327.52498		7668.96289		-20324.01286
48		-6670.25942		6489.73723		-19830.25606
49		-8941.27781		5105.07021		-22987.62583
50		-7625.21333		6567.57534		-21818.00199
51		-4631.60231		5288.89774		-14552.10236
52		-1480.43282		5050.85862		-8011.72426
53		-4323.01114		3155.40124		-11801.42352
54		-3964.16188		3334.64075		-11262.9645
55		-2848.93284		854.88703		-6552.75271
56		-2324.69839		4899.68143		-9549.07821
57		-2544.55986		4082.68869		-9171.80842
58		-704.92409		5999.30735		-7409.15554
59		-751.73217		1815.19245		-3318.65679
60		1866.14805		5664.6137		-1932.3176
61		2081.28891		6902.9077		-2740.32987
62		787.27512		5543.55953		-3969.0093
63		2863.99443		10419.97676		-4691.9879
64		1611.17566		8853.57264		-5631.22131
65		849.67481		7680.95041		-5981.60078
66		957.70921		8476.34104		-6560.92261
67		-395.44035		8734.55819		-9525.4389
68		-1262.55257		6705.11104		-9230.21619
69		-1915.37888		5701.43051		-9532.18826
70		-2735.85851		4530.68532		-10002.40234
71		-2540.38111		4338.52364		-9419.28585
72		-2292.57351		4034.06304		-8619.21005
73		-3132.90549		4346.21955		-10612.03053
74		-4017.46547		3818.64454		-11853.57549
75		-2193.62724		8068.0552		-12455.30969
76		-1607.37347		11146.25787		-14361.0048
77		-2411.64229		10207.9857		-15031.27028
78		-1549.41003		10859.83721		-13958.65727
79		-351.12949		10241.22944		-10943.48843
80		-2652.97196		8593.10942		-13899.05333
81		-3924.05573		7342.81324		-15190.9247
82		-5025.32404		7841.93017		-17892.57825
83		-4367.52882		8119.41734		-16854.47499
84		-4425.08409		9400.74943		-18250.91761
85		-4044.07753		10197.8551		-18286.01016
86		-3555.21588		9313.33082		-16423.76257
87		-1707.04872		11560.21405		-14974.31149
88		-3200.44871		9359.32317		-15760.22058
89		-4088.56359		10686.19957		-18863.32676
90		-6091.58118		8906.29138		-21089.45373
91		-5126.56947		10443.66397		-20696.80291
92		-8436.43369		8046.81889		-24919.68626
93		-8227.4241		8251.15581		-24706.00401
94		-3865.2762		11670.19496		-19400.74737
95		-4370.70925		12118.70394		-20860.12244
96		-2774.66		15651.83084		-21201.15084
97		-3640.36495		14079.39227		-21360.12217
98		-4678.26268		15580.34346		-24936.86882
99		-3688.42002		17011.64345		-24388.48349
100		-4415.31569		12300.08644		-21130.71782
101		-3262.10779		10215.36889		-16739.58447
102		-4803.15873		10755.59597		-20361.91343
103		-3142.66916		13058.60308		-19343.9414
104		-3974.13515		7800.58505		-15748.85535
105		-1498.32553		7571.08065		-10567.73172
106		1845.28281		10246.92717		-6556.36155
107		1960.22571		6948.12635		-3027.67493
108		4098.67926		9471.53725		-1274.17873
109		3560.53475		9603.15885		-2482.08935
110		4449.63916		10539.77806		-1640.49975
111		2791.40814		7871.84996		-2289.03368
112		920.37853		6057.58375		-4216.8267
113		1323.98246		6499.2531		-3851.28819
114		-508.72464		4835.66599		-5853.11526
115		-256.76541		6162.62371		-6676.15453
116		183.98338		5943.32994		-5575.36319
117		-1649.20161		4735.034		-8033.43721
118		-2344.39387		4385.49193		-9074.27967
119		-3368.01481		3108.55995		-9844.58957
120		-3648.34804		2746.02502		-10042.72111
121		-4007.61853		2964.27848		-10979.51554
122		-5510.8231		2552.83312		-13574.47931
123		-4388.69213		3219.98877		-11997.37303
124		-2904.21235		3166.64241		-8975.06711
125		-5936.2868		1276.92697		-13149.50056
126		-6433.21784		-522.14832		-12344.28735
127		-6890.42568		59.21697		-13840.06833
128		-7057.23128		538.31988		-14652.78243
129		-6687.82997		-1034.08098		-12341.57895
130		-3990.78151		3090.68073		-11072.24374
131		-3511.28437		1554.01803		-8576.58676
132		-4659.15048		2581.75097		-11900.05192
133		-6147.10064		2343.25551		-14637.45678
134		-4407.81892		6203.0194		-15018.65723
135		-5492.77366		3968.74851		-14954.29582
136		-6501.53723		2258.97065		-15262.0451
137		-6504.25344		-805.98511		-12202.52177
138		-7406.60116		-1050.07049		-13763.13182
139		-8466.53826		-1652.45407		-15280.62244
140		-9290.4219		-998.48614		-17582.35767
141		-10987.92893		-2927.33382		-19048.52405
142		-9228.99189		-957.98074		-17500.00303
143		-6969.48111		3365.95899		-17304.92121
144		-7467.99909		2754.27976		-17690.27794
145		-2360.85048		9313.69975		-14035.40071
146		-1845.12173		5993.14255		-9683.38602
147		-1141.42576		7972.29847		-10255.15
148		-1432.30379		6389.31738		-9253.92496
149		-57.18972		7793.33039		-7907.70982
150		-2566.10908		3902.54274		-9034.7609
151		-3398.81299		4044.91126		-10842.53723
152		-3950.59078		5298.93317		-13200.11472
153		-4548.31619		2783.72879		-11880.36117
154		-5519.54104		4680.54391		-15719.62599
155		-4018.15087		6836.23365		-14872.53539
156		-3401.29531		5305.09996		-12107.69057
157		-5606.02745		4831.29506		-16043.34997
158		-4863.21412		7281.89895		-17008.32718
159		-5216.68168		7721.59733		-18154.9607
160		-4690.43624		9172.31168		-18553.18415
161		-4758.65495		10685.84719		-20203.15709
162		-5178.18965		9299.58953		-19655.96884
163		-2765.75133		8899.57275		-14431.07541
164		-3311.96341		4475.40594		-11099.33276
165		-1010.49984		3728.33048		-5749.33017
166		-2593.86871		3814.79222		-9002.52964
167		-2144.01195		5180.84799		-9468.8719
168		-1582.6764		7375.96145		-10541.31425
169		-2936.23642		4243.48841		-10115.96124
170		-532.4299		4011.11625		-5075.97606
171		2345.61827		5803.97948		-1112.74294
172		3170.7797		9516.61977		-3175.06036
173		1968.30178		7491.78602		-3555.18246
174		1513.05		8441.35766		-5415.25766
175		250.8527		6336.37004		-5834.66463
176		382.42926		6233.37318		-5468.51467
177		1682.38555		10158.95881		-6794.18771
178		429.10065		8287.17002		-7428.96872
179		316.79997		8413.38646		-7779.78652
180		-352.00231		8193.14303		-8897.14765
181		-406.31387		8381.37341		-9194.00115
182		-1273.99838		8725.52949		-11273.52625
183		-2054.05644		8471.76237		-12579.87526
184		-3398.23169		7024.1095		-13820.57287
185		-2440.11878		9792.4074		-14672.64495
186		-4649.32179		7627.47519		-16926.11877
187		-5480.3991		7197.51484		-18158.31305
188		-4801.71719		7547.04965		-17150.48402
189		-1928.97088		10602.01863		-14459.96038
190		-4767.62691		7861.21588		-17396.46971
191		-5577.40126		7145.83059		-18300.6331
192		-8154.31066		4150.33376		-20458.95507
193		-7892.4954		4861.2519		-20646.2427
194		-10284.05226		3431.3148		-23999.41932
195		-11202.48847		3061.68109		-25466.65803
196		-10632.32992		5416.33711		-26680.99695
197		-8842.30868		8626.2847		-26310.90206
198		-7850.51173		7657.57739		-23358.60084
199		-4916.61779		7434.55724		-17267.79282
200		-4031.62311		5785.90704		-13849.15327
201		-5094.68992		6759.12296		-16948.5028
202		-5970.31616		6569.99067		-18510.623
203		-6242.33715		5931.8039		-18416.47821
204		-7212.56014		6546.35641		-20971.47668
205		-8233.84748		5401.86535		-21869.56032
206		-8145.1541		2110.50633		-18400.81452
207		-9815.66194		2010.51566		-21641.83955
208		-9717.45383		3113.73318		-22548.64084
209		-10430.08404		4724.94992		-25585.11801
210		-11620.71476		2555.41473		-25796.84424
211		-10768.74709		1758.27793		-23295.7721
212		-11761.83615		1481.85035		-25005.52265
213		-10603.69278		2014.28685		-23221.67241
214		-12156.83606		616.96449		-24930.63661
215		-13449.68351		1816.60267		-28715.96969
216		-13835.94652		-27.15234		-27644.74069
217		-10826.71628		814.30774		-22467.74029
218		-11307.14179		5267.75641		-27882.03998
219		-12131.87685		4269.39529		-28533.14899
220		-10393.71906		7024.0807		-27811.51882
221		-11010.73628		6638.34656		-28659.81912
222		-10365.47938		4599.19869		-25330.15746
223		-8253.58586		4602.02895		-21109.20067
224		-5816.10857		3724.42143		-15356.63858
225		-2699.75196		8127.5915		-13527.09543
226		-2300.95994		8547.59024		-13149.51011
227		235.38198		12656.84501		-12186.08105
228		-2390.26095		8722.81395		-13503.33585
229		-480.78038		9818.12944		-10779.6902
230		-327.43826		9262.61844		-9917.49496
231		-513.75103		10714.83346		-11742.33552
232		-1910.15162		8861.27639		-12681.57962
233		-747.08935		11864.27021		-13358.44892
234		-2873.85026		8825.56743		-14573.26794
235		-1408.29072		12862.03406		-15678.61549
236		-863.27128		14196.26374		-15922.80631
237		-1727.47663		12482.24689		-15937.20016
238		-1331.12009		12447.82328		-15110.06345
239		606.57519		12506.24463		-11293.09425
240		2088.99868		9765.19575		-5587.19839
241		2739.83022		12577.12847		-7097.46803
242		2786.52288		12874.06662		-7301.02087
243		329.34478		11054.10824		-10395.41868
244		960.58443		10899.55886		-8978.39
245		-810.88277		11957.82089		-13579.58644
246		-1782.42823		10719.81984		-14284.6763
247		-1262.33452		10533.13757		-13057.80662
248		-3382.01934		10467.85466		-17231.89334
249		-4118.86697		10812.30495		-19050.0389
250		-4504.72862		9428.47213		-18437.92937
251		-2183.47433		11269.62616		-15636.57482
252		-2430.09722		11659.27106		-16519.46549
253		187.25012		13491.78814		-13117.28789
254		871.28368		14143.58473		-12401.01736
255		296.5703		15299.63039		-14706.48979
256		-1741.0669		12825.4596		-16307.5934
257		-1868.48712		12271.25643		-16008.23067
258		-3209.56026		12497.76465		-18916.88517
259		-1315.67115		16481.98332		-19113.32562
260		-1714.81978		15422.69748		-18852.33704
261		852.37162		15237.1525		-13532.40927
262		-2390.48902		13258.18523		-18039.16326
263		-729.64618		15437.58286		-16896.87521
264		-777.75541		11799.89044		-13355.40126
265		16.31199		9251.80161		-9219.17763
266		-829.12906		10376.14979		-12034.4079
267		-286.39126		11625.48486		-12198.26738
268		1149.034		12757.14743		-10459.07944
269		-1946.09075		10531.85234		-14424.03383
270		-1643.80805		10596.04739		-13883.6635
271		-763.20029		7790.33619		-9316.73678
272		-1501.01427		9263.81245		-12265.84098
273		-2277.66055		8747.76274		-13303.08385
274		-2445.49212		9869.0123		-14759.99654
275		-3630.98022		7113.31325		-14375.2737
276		-3819.67742		9766.24447		-17405.59931
277		-4789.02135		9164.63909		-18742.68178
278		-4376.70763		9346.72528		-18100.14055
279		-4162.58656		5803.51535		-14128.68846
280		-2279.73003		4528.06406		-9087.52413
281		-1631.35174		1819.57689		-5082.28037
282		291.19691		3752.84081		-3170.447
283		-1779.73671		2397.20285		-5956.67627
284		-1832.1084		2880.89149		-6545.10829
285		-2048.0601		2538.48741		-6634.6076
286		-3349.03021		1903.9569		-8602.01732
287		-4167.88139		900.13807		-9235.90085
288		-2506.09788		4420.72673		-9432.92249
289		-3429.23824		3771.22579		-10629.70226
290		-2571.85705		3715.43577		-8859.14987
291		-3977.47921		3913.12027		-11868.07868
292		-2151.53644		6818.56961		-11121.64249
293		-1040.00586		5378.9013		-7458.91303
294		389.94972		7092.51668		-6312.61724
295		-1119.71127		6139.6039		-8379.02645
296		-2288.08111		4457.62656		-9033.78877
297		177.3684		8767.2674		-8412.53061
298		2061.16375		11793.59958		-7671.27208
299		738.56119		11792.6537		-10315.53133
300		679.9239		10734.86421		-9375.01641
301		584.00618		13645.12672		-12477.11436
302		-2672.97895		10737.12486		-16083.08276
303		-2849.44717		11936.65492		-17635.54927
304		-4368.77914		9176.40784		-17913.96612
305		-5680.62299		6646.84514		-18008.09113
306		-3889.26026		5423.83577		-13202.3563
307		-3337.19123		8851.74214		-15526.12459
308		-5245.60379		6687.4498		-17178.65737
309		-5480.38953		5793.78708		-16754.56615
310		-4724.62333		3647.32439		-13096.57104
311		-5720.47881		4610.7316		-16051.68923
312		-6740.04622		4952.21673		-18432.30918
313		-6761.64722		5899.61078		-19422.90522
314		-7125.77896		5576.94021		-19828.49813
315		-8611.42959		4319.53679		-21542.39597
316		-10153.24767		3469.34794		-23775.84328
317		-8905.70463		6316.67631		-24128.08558
318		-7609.40812		4416.47575		-19635.29198
319		-9573.10156		4815.88761		-23962.09073
320		-10063.1799		4872.58061		-24998.9404
321		-8739.20481		6820.54383		-24298.95345
322		-9368.24213		5661.74094		-24398.2252
323		-7952.65308		5055.56675		-20960.87291
324		-5713.7687		4467.66561		-15895.20301
325		135.39867		7142.18259		-6871.38525
326		-551.06699		7760.70377		-8862.83775
327		1427.68371		12852.93213		-9997.5647
328		-451.3214		9588.23008		-10490.87288
329		-21.99304		12400.91291		-12444.899
330		777.65707		15375.57938		-13820.26524
331		2169.98507		16898.47245		-12558.5023
332		880.6395		15284.92439		-13523.64539
333		857.00957		14333.89987		-12619.88073
334		1080.76168		10762.87614		-8601.35278
335		2550.76637		10222.66105		-5121.12831
336		1866.24721		11464.55677		-7732.06235
337		1405.62413		10013.5785		-7202.33023
338		660.83433		10460.91561		-9139.24694
339		1309.52081		12434.5493		-9815.50768
340		-674.8032		10237.05875		-11586.66516
341		-746.10428		10578.62481		-12070.83338
342		726.84936		12127.55956		-10673.86084
343		1494.34198		16313.36177		-13324.6778
344		-710.3704		13607.01045		-15027.75126
345		884.76164		15516.9887		-13747.46542
346		-444.69772		15299.88121		-16189.27665
347		-637.18204		15400.56977		-16674.93384
348		1491.1952		16548.5945		-13566.20411
349		2661.15443		14201.91143		-8879.60257
350		1404.32458		14460.91535		-11652.26619
351		1414.92172		15689.26042		-12859.41697
352		219.13003		14819.62656		-14381.36651
353		160.68381		13354.35062		-13032.983
354		4925.18438		14932.0277		-5081.65895
355		5041.40375		15164.31002		-5081.50253
356		5858.9227		17987.69339		-6269.848
357		4052.31708		14167.24554		-6062.61137
358		6273.35116		13876.78582		-1330.0835
359		5172.44267		14278.58528		-3933.69994
360		3651.35374		13605.58217		-6302.8747
361		3674.45107		12606.84505		-5257.9429
362		4311.90572		11767.56826		-3143.75682
363		3742.10279		12303.89909		-4819.69351
364		3925.29513		13661.57763		-5810.98737
365		2911.18258		13292.31386		-7469.94869
366		2917.34822		13124.36921		-7289.67276
367		2373.24733		13370.69858		-8624.20392
368		1800.50955		11908.16724		-8307.14815
369		2915.47832		15061.69871		-9230.74208
370		854.85478		11306.98471		-9597.27515
371		1486.2233		12173.91282		-9201.46621
372		133.36072		12197.17226		-11930.45083
373		692.56161		11735.53269		-10350.40947
374		196.24393		10504.44399		-10111.95614
375		2241.85633		11918.74221		-7435.02954
376		5816.51061		13986.75764		-2353.73642
377		6824.35059		11846.04355		1802.65763
378		5291.10439		11630.0209		-1047.81213
379		5038.2665		10506.73668		-430.20367
380		5035.25945		11799.31576		-1728.79685
381		5391.11733		12770.17025		-1987.93558
382		4172.20524		11619.31232		-3274.90185
383		3706.31902		10647.9745		-3235.33645
384		3215.91248		11421.21118		-4989.38622
385		2930.91695		12754.80404		-6892.97015
386		1737.83935		11145.61623		-7669.93753
387		2234.0131		11670.32023		-7202.29402
388		2804.67485		12352.66516		-6743.31545
389		4276.15845		12573.58552		-4021.26862
390		4652.33622		13421.94356		-4117.27112
391		4050.89645		12163.83045		-4062.03755
392		3677.72536		11329.35737		-3973.90665
393		3024.99028		12014.39083		-5964.41027
394		3120.88562		13360.03915		-7118.26791
395		2537.94299		11930.58878		-6854.7028
396		4029.58232		13178.08384		-5118.9192
397		3494.46583		13897.16172		-6908.23007
398		2281.49447		12461.60682		-7898.61789
399		2987.94929		14538.79281		-8562.89424
400		2363.81575		12397.13977		-7669.50828
401		2639.34391		9403.28861		-4124.6008
402		3357.9682		12019.72676		-5303.79035
403		797.57212		9437.46793		-7842.32369
404		803.76447		9999.77382		-8392.24488
405		2881.35164		13510.76695		-7748.06367
406		4907.46188		16141.37061		-6326.44684
407		3084.97364		14408.17979		-8238.23252
408		2660.96452		14967.17126		-9645.24223
409		2081.34505		14825.04202		-10662.35191
410		948.15784		12218.98774		-10322.67205
411		3583.93567		12520.29892		-5352.42759
412		5123.96253		11521.63228		-1273.70722
413		2817.33717		9349.53863		-3714.86428
414		2434.30107		8740.70278		-3872.10065
415		1771.18164		9048.04772		-5505.68444
416		1856.14614		8967.23423		-5254.94196
417		3366.96052		11682.06991		-4948.14888
418		2202.33746		10483.75677		-6079.08186
419		2309.99435		11506.6922		-6886.70349
420		1612.8028		10985.88537		-7760.27977
421		489.14987		10232.80084		-9254.5011
422		1156.32979		10614.85359		-8302.19401
423		3642.23982		10050.56263		-2766.08299
424		5807.49645		9293.70134		2321.29156
425		7402.82887		14465.69607		339.96168
426		5677.48141		10984.74792		370.2149
427		6937.92841		12335.64928		1540.20754
428		4335.83812		10087.63974		-1415.96351
429		3537.18143		10557.97985		-3483.617
430		2195.45515		8909.37465		-4518.46435
431		1774.19338		8758.43068		-5210.04392
432		1330.76016		8007.47476		-5345.95444
433		1282.45323		7755.18019		-5190.27372
434		1512.30356		7393.83611		-4369.229
435		1644.79634		8709.38944		-5419.79675
436		1100.37802		7791.72366		-5590.96763
437		1270.6906		8798.7115		-6257.3303
438		2258.66015		8576.2906		-4058.9703
439		973.98105		8105.98689		-6158.02479
440		305.57166		7538.30151		-6927.15819
441		1288.79416		7285.22533		-4707.63702
442		334.07653		7204.66648		-6536.51342
443		-653.67115		6193.9908		-7501.33309
444		-701.83581		6316.70769		-7720.3793
445		-1959.46695		5247.7641		-9166.69801
446		-732.06416		9003.46894		-10467.59727
447		133.92102		9380.70548		-9112.86344
448		2798.40137		9768.97381		-4172.17107
449		3585.66263		11463.7665		-4292.44124
450		2343.28887		11245.30632		-6558.72858
451		673.36159		10150.39325		-8803.67007
452		2771.60448		14987.05091		-9443.84195
453		1414.77369		11948.15972		-9118.61234
454		803.74537		11884.19277		-10276.70203
455		287.2533		10372.64238		-9798.13578
456		2888.1333		10778.37469		-5002.1081
457		4391.51242		11010.09237		-2227.06753
458		3219.07249		9158.80189		-2720.65692
459		3191.69783		10004.2711		-3620.87545
460		916.99489		7250.02663		-5416.03684
461		830.13119		8201.33022		-6541.06784
462		2010.4134		10803.0277		-6782.2009
463		1334.72005		9235.70775		-6566.26764
464		-26.20618		10215.37618		-10267.78854
465		-125.29448		10032.00893		-10282.59789
466		-913.46875		8471.63791		-10298.57541
467		362.10215		11197.27603		-10473.07172
468		1704.76659		12741.80082		-9332.26764
469		363.19288		12762.85054		-12036.46478
470		-237.69567		11570.54432		-12045.93566
471		1100.89333		10169.22852		-7967.44185
472		5136.72781		10703.45163		-429.99602
473		6730.32553		10458.97764		3001.67342
474		5652.96003		10098.86137		1207.05869
475		6501.25057		11495.8477		1506.65344
476		7482.64659		11295.21705		3670.07614
477		5795.23557		10167.70945		1422.7617
478		5385.85643		9988.46051		783.25235
479		5603.78889		11142.43032		65.14745
480		5798.4894		11199.26065		397.71815
481		4021.9727		9390.22356		-1346.27816
482		4300.74472		12077.37187		-3475.88243
483		3122.29096		10292.80443		-4048.2225
484		3212.54525		11112.75959		-4687.66909
485		1328.29393		8869.72048		-6213.13262
486		709.14085		8591.43008		-7173.14839
487		1205.81054		8732.84239		-6321.22132
488		1806.75774		8958.26071		-5344.74524
489		-1847.50284		5804.62026		-9499.62595
490		-2604.71475		5474.2618		-10683.6913
491		-2280.89658		6728.50582		-11290.29898
492		-4240.5689		4766.44587		-13247.58368
493		-5122.92184		4388.91898		-14634.76266
494		-4370.4337		5119.76363		-13860.63102
495		-1331.41299		5467.52656		-8130.35255
496		-653.03961		2750.90895		-4056.98817
497		1356.71889		5687.72654		-2974.28876
498		-187.5025		1999.0266		-2374.0316
499		-1387.0		2262.08838		-5036.08838
500		-1400.0		1400.0		-4200.0
