step	mediator-random_runtime_mean	mediator-random_runtime_std_up	mediator-random_runtime_std_down
1		0.00015		0.00017		0.00013
2		0.21496		0.32031		0.10961
3		0.22391		0.3215		0.12633
4		0.28394		0.42304		0.14485
5		0.28899		0.42816		0.14982
6		0.29401		0.43326		0.15477
7		0.30056		0.43971		0.16141
8		0.3056		0.44477		0.16644
9		0.3106		0.44982		0.17138
10		0.33824		0.48316		0.19331
11		0.37161		0.54139		0.20184
12		0.37667		0.54655		0.20679
13		0.38176		0.55179		0.21174
14		0.38686		0.55702		0.21669
15		0.39204		0.56225		0.22183
16		0.39743		0.56767		0.22718
17		0.40252		0.57283		0.23221
18		0.40765		0.57804		0.23726
19		0.41268		0.58316		0.24221
20		0.41777		0.58831		0.24724
21		0.42283		0.59346		0.2522
22		0.42799		0.59859		0.2574
23		0.43332		0.60347		0.26317
24		0.43871		0.60842		0.269
25		0.44401		0.61338		0.27465
26		0.44924		0.61846		0.28001
27		0.4544		0.62351		0.28529
28		0.45955		0.62854		0.29056
29		0.46473		0.63365		0.29581
30		0.46993		0.6387		0.30116
31		0.49635		0.64269		0.35002
32		0.53387		0.67786		0.38988
33		0.56019		0.71197		0.40841
34		0.58466		0.7275		0.44181
35		0.6099		0.74476		0.47504
36		0.63588		0.78714		0.48462
37		0.68562		0.8457		0.52553
38		0.71959		0.8634		0.57578
39		0.73612		0.86423		0.60801
40		0.76216		0.88579		0.63853
41		0.79659		0.90952		0.68366
42		0.82414		0.93856		0.70973
43		0.86887		0.99473		0.74301
44		0.90056		0.99678		0.80433
45		0.91552		1.02902		0.80202
46		0.94845		1.04556		0.85135
47		0.96481		1.07873		0.85089
48		1.00551		1.12375		0.88726
49		1.02933		1.13543		0.92322
50		1.04375		1.14395		0.94354
51		1.04889		1.14915		0.94862
52		1.07207		1.16491		0.97923
53		1.09519		1.18301		1.00737
54		1.11875		1.22085		1.01664
55		1.16139		1.27498		1.0478
56		1.19406		1.32277		1.06535
57		1.23526		1.3678		1.10273
58		1.26768		1.38285		1.15251
59		1.29091		1.42235		1.15947
60		1.30523		1.43662		1.17385
61		1.33671		1.46588		1.20755
62		1.35938		1.48906		1.22971
63		1.39124		1.53325		1.24922
64		1.43142		1.56081		1.30203
65		1.45444		1.56862		1.34025
66		1.4858		1.59992		1.37168
67		1.49945		1.61503		1.38387
68		1.52985		1.64943		1.41028
69		1.55259		1.68299		1.42219
70		1.56591		1.69903		1.4328
71		1.5796		1.71386		1.44534
72		1.60966		1.75167		1.46765
73		1.63136		1.78135		1.48138
74		1.64443		1.79993		1.48893
75		1.66582		1.82926		1.50238
76		1.68063		1.84497		1.5163
77		1.71141		1.86821		1.55462
78		1.75123		1.92152		1.58094
79		1.79586		1.92925		1.66247
80		1.80964		1.95103		1.66824
81		1.8295		1.94324		1.71576
82		1.87553		1.97338		1.77768
83		1.897		1.99934		1.79466
84		1.93482		2.02792		1.84171
85		1.95642		2.0419		1.87094
86		1.97105		2.06433		1.87777
87		1.9928		2.07282		1.91279
88		2.0164		2.09428		1.93853
89		2.03726		2.11915		1.95536
90		2.06803		2.14229		1.99378
91		2.09082		2.17232		2.00933
92		2.1002		2.18		2.0204
93		2.11496		2.19662		2.03331
94		2.12946		2.2117		2.04722
95		2.15998		2.23771		2.08225
96		2.17429		2.25431		2.09428
97		2.19146		2.26927		2.11366
98		2.22211		2.29925		2.14498
99		2.26664		2.35103		2.18226
100		2.28386		2.37727		2.19044
101		2.30222		2.40572		2.19873
102		2.34354		2.45387		2.23321
103		2.42106		2.55133		2.29079
104		2.49105		2.67363		2.30847
105		2.50529		2.68121		2.32936
106		2.51374		2.68694		2.34054
107		2.54525		2.70717		2.38334
108		2.55704		2.71619		2.3979
109		2.59496		2.75956		2.43037
110		2.64056		2.80638		2.47474
111		2.66737		2.84864		2.48611
112		2.69235		2.87532		2.50938
113		2.71544		2.89928		2.53161
114		2.73974		2.93137		2.5481
115		2.76385		2.95884		2.56886
116		2.78937		2.98077		2.59798
117		2.80658		2.99272		2.62044
118		2.82964		3.01916		2.64013
119		2.85393		3.02981		2.67804
120		2.87514		3.04147		2.70881
121		2.88932		3.0513		2.72734
122		2.90635		3.07647		2.73623
123		2.91581		3.08529		2.74633
124		2.92603		3.09535		2.75671
125		2.93654		3.1056		2.76748
126		2.96442		3.13905		2.7898
127		2.99002		3.16224		2.8178
128		3.02653		3.19394		2.85911
129		3.0582		3.23772		2.87868
130		3.0951		3.27129		2.91891
131		3.12042		3.28568		2.95516
132		3.14562		3.31924		2.97201
133		3.18235		3.36615		2.99855
134		3.20751		3.3807		3.03432
135		3.23267		3.39578		3.06955
136		3.25144		3.41285		3.09003
137		3.2866		3.44734		3.12586
138		3.31012		3.48143		3.13882
139		3.34829		3.52067		3.17592
140		3.38626		3.56013		3.21238
141		3.42364		3.59936		3.24792
142		3.45429		3.63236		3.27622
143		3.47609		3.66531		3.28686
144		3.50083		3.68777		3.31388
145		3.52978		3.72042		3.33914
146		3.55872		3.75345		3.36398
147		3.58097		3.78729		3.37465
148		3.61884		3.83402		3.40366
149		3.65896		3.87863		3.43929
150		3.67935		3.88722		3.47147
151		3.69526		3.90241		3.48812
152		3.72973		3.95126		3.50819
153		3.7524		3.98002		3.52478
154		3.79866		4.03871		3.55861
155		3.83313		4.06965		3.59662
156		3.8564		4.10118		3.61162
157		3.89704		4.1525		3.64158
158		3.91085		4.17802		3.64368
159		3.92675		4.20435		3.64914
160		3.95025		4.23094		3.66957
161		3.97099		4.26505		3.67693
162		3.98704		4.27687		3.69721
163		4.00771		4.28405		3.73138
164		4.02306		4.29476		3.75136
165		4.04447		4.31086		3.77808
166		4.07321		4.32573		3.82068
167		4.10345		4.34959		3.85731
168		4.12324		4.36896		3.87752
169		4.14779		4.39606		3.89952
170		4.17012		4.41525		3.92499
171		4.19884		4.45128		3.94639
172		4.22288		4.47237		3.9734
173		4.24351		4.4932		3.99382
174		4.2623		4.51228		4.01233
175		4.27742		4.5253		4.02953
176		4.31207		4.55251		4.07163
177		4.34145		4.57925		4.10364
178		4.36964		4.6114		4.12788
179		4.40585		4.63257		4.17913
180		4.45927		4.67543		4.24312
181		4.47564		4.6872		4.26408
182		4.49134		4.70265		4.28003
183		4.51313		4.73134		4.29491
184		4.54256		4.76919		4.31593
185		4.56614		4.78677		4.34552
186		4.58707		4.80285		4.37129
187		4.61608		4.83093		4.40123
188		4.64691		4.85573		4.43808
189		4.66708		4.8834		4.45076
190		4.70376		4.92599		4.48153
191		4.72935		4.96703		4.49167
192		4.74921		4.99613		4.50229
193		4.77715		5.02182		4.53249
194		4.79459		5.04622		4.54295
195		4.82183		5.08618		4.55748
196		4.84229		5.1116		4.57297
197		4.87297		5.14723		4.59871
198		4.90465		5.19925		4.61005
199		4.93571		5.24561		4.62581
200		4.96121		5.26842		4.65401
201		4.98128		5.28232		4.68025
202		5.00307		5.29885		4.70728
203		5.03103		5.32974		4.73232
204		5.06938		5.3681		4.77066
205		5.09325		5.39211		4.7944
206		5.11476		5.42488		4.80464
207		5.13507		5.44731		4.82283
208		5.16127		5.48009		4.84245
209		5.1828		5.50293		4.86266
210		5.20339		5.52652		4.88025
211		5.23085		5.56185		4.89985
212		5.24666		5.57604		4.91728
213		5.25493		5.58582		4.92405
214		5.2704		5.59382		4.94698
215		5.29094		5.62774		4.95414
216		5.30934		5.66124		4.95743
217		5.32613		5.6842		4.96806
218		5.347		5.70937		4.98462
219		5.3802		5.74394		5.01646
220		5.39808		5.76932		5.02684
221		5.41439		5.79322		5.03557
222		5.43383		5.82692		5.04075
223		5.45466		5.8604		5.04893
224		5.4791		5.8921		5.0661
225		5.50618		5.91971		5.09265
226		5.52464		5.94432		5.10496
227		5.55101		5.97035		5.13167
228		5.56981		5.98356		5.15606
229		5.59103		6.0105		5.17156
230		5.60436		6.0294		5.17933
231		5.62134		6.05377		5.18891
232		5.63106		6.06616		5.19595
233		5.64531		6.09264		5.19798
234		5.65808		6.11077		5.2054
235		5.67972		6.13585		5.22358
236		5.71149		6.17149		5.25148
237		5.73883		6.19789		5.27978
238		5.75929		6.2326		5.28598
239		5.77218		6.24419		5.30017
240		5.8039		6.27902		5.32878
241		5.83682		6.30605		5.36758
242		5.86548		6.33176		5.39921
243		5.88837		6.34956		5.42718
244		5.9199		6.38488		5.45492
245		5.94131		6.41804		5.46458
246		5.97272		6.45132		5.49413
247		5.99931		6.48502		5.51359
248		6.01702		6.50162		5.53241
249		6.04756		6.53754		5.55758
250		6.06412		6.56342		5.56482
