step	mediator-random_reward_mean	mediator-random_reward_std_up	mediator-random_reward_std_down
1		1.0		3.0		-1.0
2		4.0		7.74166		0.25834
3		6.0		9.74166		2.25834
4		9.0		14.83095		3.16905
5		14.0		19.83095		8.16905
6		18.0		23.09902		12.90098
7		22.0		27.09902		16.90098
8		26.0		31.83095		20.16905
9		30.0		37.07107		22.92893
10		34.0		42.60233		25.39767
11		38.0		48.29563		27.70437
12		42.0		54.08305		29.91695
13		47.0		59.08305		34.91695
14		52.0		64.08305		39.91695
15		57.0		69.08305		44.91695
16		62.0		74.08305		49.91695
17		67.0		79.08305		54.91695
18		72.0		84.08305		59.91695
19		77.0		89.08305		64.91695
20		82.0		94.08305		69.91695
21		87.0		99.08305		74.91695
22		92.0		104.08305		79.91695
23		97.0		109.08305		84.91695
24		102.0		114.08305		89.91695
25		107.0		119.08305		94.91695
26		112.0		124.08305		99.91695
27		117.0		129.08305		104.91695
28		122.0		134.08305		109.91695
29		127.0		139.08305		114.91695
30		132.0		144.08305		119.91695
31		136.0		147.13553		124.86447
32		138.0		147.27362		128.72638
33		141.0		149.60233		132.39767
34		144.0		152.0		136.0
35		147.0		153.78233		140.21767
36		150.0		157.07107		142.92893
37		153.0		161.12404		144.87596
38		154.0		163.69536		144.30464
39		156.0		166.19804		145.80196
40		159.0		169.67708		148.32292
41		161.0		173.0		149.0
42		165.0		177.64911		152.35089
43		165.0		177.64911		152.35089
44		166.0		178.40967		153.59033
45		169.0		182.19091		155.80909
46		170.0		183.0384		156.9616
47		171.0		184.19091		157.80909
48		173.0		184.6619		161.3381
49		174.0		185.13553		162.86447
50		174.0		185.13553		162.86447
51		176.0		188.40967		163.59033
52		178.0		191.63818		164.36182
53		180.0		193.0384		166.9616
54		184.0		197.92839		170.07161
55		187.0		202.36229		171.63771
56		191.0		206.93738		175.06262
57		194.0		207.92839		180.07161
58		196.0		209.92839		182.07161
59		197.0		212.68439		181.31561
60		200.0		216.7332		183.2668
61		202.0		220.05547		183.94453
62		205.0		222.60682		187.39318
63		209.0		226.72005		191.27995
64		211.0		227.24808		194.75192
65		214.0		230.55295		197.44705
66		215.0		231.43168		198.56832
67		218.0		236.05547		199.94453
68		220.0		237.60682		202.39318
69		221.0		240.33908		201.66092
70		222.0		241.39072		202.60928
71		225.0		246.2132		203.7868
72		227.0		250.15167		203.84833
73		228.0		252.81935		203.18065
74		230.0		256.45751		203.54249
75		231.0		257.72078		204.27922
76		234.0		259.17936		208.82064
77		238.0		264.57066		211.42934
78		240.0		266.07681		213.92319
79		241.0		266.7682		215.2318
80		241.0		266.7682		215.2318
81		244.0		269.96151		218.03849
82		246.0		272.533		219.467
83		250.0		276.83282		223.16718
84		252.0		277.80698		226.19302
85		253.0		279.57066		226.42934
86		255.0		280.0998		229.9002
87		257.0		283.57066		230.42934
88		259.0		287.17801		230.82199
89		262.0		290.39014		233.60986
90		264.0		292.17801		235.82199
91		264.0		292.17801		235.82199
92		265.0		292.5681		237.4319
93		266.0		294.87906		237.12094
94		269.0		297.17801		240.82199
95		270.0		298.63564		241.36436
96		271.0		300.89983		241.10017
97		274.0		303.39388		244.60612
98		277.0		306.76575		247.23425
99		278.0		308.26549		247.73451
100		279.0		309.88689		248.11311
101		279.0		309.88689		248.11311
102		282.0		313.7175		250.2825
103		282.0		313.7175		250.2825
104		283.0		315.95451		250.04549
105		283.0		315.95451		250.04549
106		286.0		318.0		254.0
107		286.0		318.0		254.0
108		290.0		321.62278		258.37722
109		295.0		326.62278		263.37722
110		297.0		327.75711		266.24289
111		299.0		328.73214		269.26786
112		301.0		330.89983		271.10017
113		303.0		333.75711		272.24289
114		305.0		335.98387		274.01613
115		307.0		335.74022		278.25978
116		308.0		338.26549		277.73451
117		310.0		339.49576		280.50424
118		312.0		340.74022		283.25978
119		314.0		344.72458		283.27542
120		315.0		347.24903		282.75097
121		316.0		347.20897		284.79103
122		316.0		347.20897		284.79103
123		316.0		347.20897		284.79103
124		316.0		347.20897		284.79103
125		319.0		351.31099		286.68901
126		321.0		351.23243		290.76757
127		325.0		355.3315		294.6685
128		328.0		359.08054		296.91946
129		332.0		363.241		300.759
130		334.0		365.84337		302.15663
131		336.0		367.52777		304.47223
132		340.0		372.71085		307.28915
133		342.0		375.25658		308.74342
134		344.0		377.97058		310.02942
135		345.0		379.35113		310.64887
136		349.0		383.8425		314.1575
137		351.0		386.97221		315.02779
138		355.0		389.20526		320.79474
139		359.0		391.46537		326.53463
140		363.0		395.03123		330.96877
141		366.0		396.88689		335.11311
142		368.0		398.91925		337.08075
143		370.0		401.93744		338.06256
144		373.0		405.18695		340.81305
145		376.0		407.20897		344.79103
146		378.0		409.40064		346.59936
147		379.0		410.20897		347.79103
148		380.0		410.3315		349.6685
149		382.0		410.39014		353.60986
150		383.0		410.67671		355.32329
151		385.0		411.83282		358.16718
152		387.0		414.12932		359.87068
153		390.0		417.01851		362.98149
154		394.0		419.57342		368.42658
155		396.0		421.17936		370.82064
156		398.0		421.79075		374.20925
157		399.0		423.16609		374.83391
158		400.0		424.69818		375.30182
159		402.0		425.79075		378.20925
160		404.0		429.7682		378.2318
161		405.0		431.07681		378.92319
162		407.0		432.01999		381.98001
163		408.0		432.20744		383.79256
164		410.0		434.08319		385.91681
165		413.0		435.49444		390.50556
166		416.0		437.30728		394.69272
167		417.0		437.88061		396.11939
168		419.0		440.77154		397.22846
169		421.0		442.30728		399.69272
170		424.0		447.32381		400.67619
171		426.0		449.5372		402.4628
172		428.0		453.41653		402.58347
173		430.0		457.38613		402.61387
174		431.0		459.17801		402.82199
175		435.0		463.28427		406.71573
176		438.0		465.49545		410.50455
177		441.0		468.09243		413.90757
178		442.0		467.6125		416.3875
179		445.0		469.8998		420.1002
180		446.0		470.37212		421.62788
181		447.0		472.21904		421.78096
182		449.0		473.57641		424.42359
183		452.0		477.41653		426.58347
184		454.0		479.17936		428.82064
185		456.0		481.17936		430.82064
186		459.0		483.16609		434.83391
187		461.0		483.22611		438.77389
188		461.0		483.22611		438.77389
189		464.0		485.30728		442.69272
190		465.0		486.2132		443.7868
191		465.0		486.2132		443.7868
192		468.0		490.04541		445.95459
193		469.0		491.0		447.0
194		470.0		492.80351		447.19649
195		472.0		495.79075		448.20925
196		474.0		497.5372		450.4628
197		475.0		499.69818		450.30182
198		476.0		499.5372		452.4628
199		479.0		502.74868		455.25132
200		481.0		505.16609		456.83391
201		483.0		507.81935		458.18065
202		486.0		512.34388		459.65612
203		491.0		517.34388		464.65612
204		493.0		518.6125		467.3875
205		495.0		521.26785		468.73215
206		497.0		522.6125		471.3875
207		500.0		525.88436		474.11564
208		502.0		527.41653		476.58347
209		504.0		529.17936		478.82064
210		507.0		533.0		481.0
211		508.0		533.80698		482.19302
212		508.0		533.80698		482.19302
213		509.0		532.9583		485.0417
214		511.0		536.17936		485.82064
215		513.0		539.57066		486.42934
216		514.0		541.09243		486.90757
217		516.0		543.82086		488.17914
218		520.0		547.38613		492.61387
219		521.0		549.53069		492.46931
220		522.0		551.08608		492.91392
221		524.0		554.88689		493.11311
222		526.0		558.77194		493.22806
223		529.0		562.07567		495.92433
224		532.0		565.55592		498.44408
225		533.0		567.43835		498.56165
226		536.0		569.97058		502.02942
227		537.0		569.34192		504.65808
228		538.0		570.49615		505.50385
229		539.0		572.37664		505.62336
230		540.0		574.35113		505.64887
231		540.0		574.35113		505.64887
232		540.0		574.35113		505.64887
233		541.0		576.41186		505.58814
234		541.0		576.41186		505.58814
235		544.0		578.4093		509.5907
236		546.0		578.31099		513.68901
237		547.0		580.55592		513.44408
238		548.0		581.55592		514.44408
239		551.0		586.69314		515.30686
240		555.0		589.9285		520.0715
241		558.0		591.55592		524.44408
242		560.0		593.16625		526.83375
243		564.0		597.67492		530.32508
244		566.0		601.69314		530.30686
245		569.0		606.20215		531.79785
246		572.0		610.80722		533.19278
247		573.0		611.80722		534.19278
248		576.0		614.52272		537.47728
249		576.0		614.52272		537.47728
250		578.0		617.94997		538.05003
