episode	mediator-random_cum_inst_loss_mean	mediator-random_cum_inst_loss_std_up	mediator-random_cum_inst_loss_std_down
1		-968.07872		3461.54765		-5397.70509
2		3673.67041		14169.12477		-6821.78396
3		7339.0151		25096.22306		-10418.19286
4		10400.52733		34645.21611		-13844.16145
5		13086.34985		44229.18188		-18056.48217
6		15243.41547		52478.33791		-21991.50697
7		15869.26583		60437.51025		-28698.97858
8		15170.80846		67176.72165		-36835.10473
9		13547.93958		72906.08794		-45810.20877
10		11275.89594		78340.98278		-55789.1909
11		10016.32426		85418.62627		-65385.97775
12		7514.38387		92650.35533		-77621.58759
13		3082.52565		97957.0867		-91792.0354
14		-1171.71984		104129.92151		-106473.36118
15		-6914.6207		108549.75841		-122378.99982
16		-13122.17318		112358.49979		-138602.84614
17		-19086.57391		117746.35075		-155919.49857
18		-26051.53841		122650.40739		-174753.48421
19		-32097.45874		129417.80093		-193612.71842
20		-38003.26902		134149.40126		-210155.9393
21		-45066.21099		137918.41088		-228050.83286
22		-51264.81973		144175.4674		-246705.10687
23		-57799.37785		148339.85552		-263938.61123
24		-64775.36901		152931.08994		-282481.82796
25		-73549.60247		156672.60306		-303771.808
26		-82883.14662		160464.20457		-326230.4978
27		-91257.43145		161084.12177		-343598.98467
28		-99531.58388		159794.65101		-358857.81877
29		-104934.08211		159031.64944		-368899.81366
30		-108559.56025		159631.95826		-376751.07876
31		-111575.04538		159062.08531		-382212.17607
32		-112874.78009		158405.83391		-384155.39409
33		-116846.75909		155025.8537		-388719.37188
34		-121063.57474		151402.76645		-393529.91592
35		-126348.62762		147587.04275		-400284.298
36		-131325.46502		145531.26226		-408182.1923
37		-136695.94441		140551.71835		-413943.60717
38		-138954.14257		139992.29655		-417900.5817
39		-139109.00757		143651.26272		-421869.27786
40		-140675.57868		145851.1134		-427202.27075
41		-143567.3326		146324.70772		-433459.37292
42		-147953.11561		147045.7313		-442951.96252
43		-153750.73721		146348.35356		-453849.82798
44		-159311.16132		145435.82095		-464058.14358
45		-165459.94785		146739.63575		-477659.53144
46		-171345.97855		149983.35868		-492675.31579
47		-177673.50354		151945.55027		-507292.55734
48		-184343.76296		150430.21512		-519117.74103
49		-193285.04077		147912.83239		-534482.91392
50		-200910.25409		147165.90014		-548986.40832
51		-205541.8564		147089.43636		-558173.14917
52		-207022.28922		146086.74044		-560131.31887
53		-211345.30036		143422.56381		-566113.16453
54		-215309.46224		141514.03237		-572132.95684
55		-218158.39508		141038.80717		-577355.59733
56		-220483.09347		144072.45604		-585038.64297
57		-223027.65333		145510.77548		-591566.08214
58		-223732.57742		145898.08415		-593363.239
59		-224484.30959		146009.84436		-594978.46355
60		-222618.16154		149329.41833		-594565.74142
61		-220536.87263		151937.18105		-593010.92631
62		-219749.59752		155066.01176		-594565.20679
63		-216885.60309		162160.42259		-595931.62876
64		-215274.42742		168357.39493		-598906.24978
65		-214424.75261		174358.20132		-603207.70654
66		-213467.0434		182016.51943		-608950.60622
67		-213862.48375		189202.93534		-616927.90283
68		-215125.03632		194117.12698		-624367.19962
69		-217040.4152		197853.57756		-631934.40796
70		-219776.27371		201340.64658		-640893.19399
71		-222316.65481		205280.54165		-649913.85127
72		-224609.22832		208918.35921		-658136.81584
73		-227742.13381		213177.77678		-668662.0444
74		-231759.59928		216812.82264		-680332.0212
75		-233953.22653		223250.78405		-691157.2371
76		-235560.59999		230016.88992		-701138.08991
77		-237972.24228		237042.27725		-712986.76182
78		-239521.65232		244788.06736		-723831.37199
79		-239872.78181		250608.35845		-730353.92207
80		-242525.75377		254919.75564		-739971.26317
81		-246449.80949		258613.08915		-751512.70814
82		-251475.13353		261689.03226		-764639.29932
83		-255842.66235		265172.25373		-776857.57844
84		-260267.74644		271102.28981		-791637.7827
85		-264311.82397		278292.1855		-806915.83345
86		-267867.03985		285759.71476		-821493.79446
87		-269574.08857		295469.95517		-834618.13231
88		-272774.53728		303188.1864		-848737.26096
89		-276863.10087		312169.21246		-865895.41421
90		-282954.68205		319053.78275		-884963.14684
91		-288081.25152		327077.36396		-903239.867
92		-296517.6852		332939.2873		-925974.65771
93		-304745.1093		339170.88896		-948661.10757
94		-308610.38551		348151.60734		-965372.37835
95		-312981.09476		357987.97321		-983950.16273
96		-315755.75476		370315.29617		-1001826.80568
97		-319396.11971		381793.00799		-1020585.24741
98		-324074.38239		395036.11443		-1043184.87921
99		-327762.80241		409827.39817		-1065353.00299
100		-332178.1181		420313.7248		-1084669.96101
101		-335440.22589		429098.11309		-1099978.56487
102		-340243.38462		438277.63122		-1118764.40046
103		-343386.05378		449600.30572		-1136372.41327
104		-347360.18893		456259.93533		-1150980.31318
105		-348858.51446		462877.8398		-1160594.86872
106		-347013.23165		472173.57382		-1166200.03711
107		-345053.00594		477232.59011		-1167338.60199
108		-340954.32668		481064.70244		-1162973.3558
109		-337393.79193		486092.36429		-1160879.94815
110		-332944.15278		491051.57966		-1156939.88521
111		-330152.74464		493902.35969		-1154207.84897
112		-329232.36611		494343.59434		-1152808.32656
113		-327908.38365		495393.10401		-1151209.87131
114		-328417.10829		494191.41887		-1151025.63545
115		-328673.8737		493682.60813		-1151030.35554
116		-328489.89033		494083.72914		-1151063.50979
117		-330139.09194		493528.1276		-1153806.31147
118		-332483.48581		492408.38553		-1157375.35714
119		-335851.50062		491375.27984		-1163078.28108
120		-339499.84866		489013.68885		-1168013.38617
121		-343507.46719		486933.51132		-1173948.4457
122		-349018.29029		483308.97897		-1181345.55954
123		-353406.98242		479961.04068		-1186775.00551
124		-356311.19477		478202.12703		-1190824.51656
125		-362247.48156		474068.22793		-1198563.19105
126		-368680.6994		469710.38515		-1207071.78395
127		-375571.12508		463779.29119		-1214921.54135
128		-382628.35636		459516.18353		-1224772.89624
129		-389316.18633		456249.65194		-1234882.02459
130		-393306.96783		455619.00756		-1242232.94322
131		-396818.2522		452089.6129		-1245726.1173
132		-401477.40268		449131.57606		-1252086.38142
133		-407624.50332		443580.68581		-1258829.69244
134		-412032.32223		436397.46728		-1260462.11174
135		-417525.09589		429348.15957		-1264398.35135
136		-424026.63312		421435.98702		-1269489.25325
137		-430530.88656		414704.2258		-1275765.99891
138		-437937.48771		407837.24088		-1283712.2163
139		-446404.02597		400036.25667		-1292844.30861
140		-455694.44787		391350.11318		-1302739.00893
141		-466682.37681		380294.93154		-1313659.68516
142		-475911.36869		371105.11363		-1322927.85102
143		-482880.8498		364621.81798		-1330383.51759
144		-490348.84889		357524.76827		-1338222.46606
145		-492709.69937		355279.67706		-1340699.07581
146		-494554.82111		353865.45013		-1342975.09235
147		-495696.24687		351425.00715		-1342817.5009
148		-497128.55066		350751.16596		-1345008.26728
149		-497185.74038		353271.35647		-1347642.83723
150		-499751.84945		353168.49731		-1352672.19621
151		-503150.66244		352229.8456		-1358531.17048
152		-507101.25321		352415.87057		-1366618.377
153		-511649.5694		350623.43301		-1373922.57181
154		-517169.11044		348999.62212		-1383337.843
155		-521187.26131		347403.77089		-1389778.29352
156		-524588.55662		345680.94638		-1394858.05962
157		-530194.58407		341967.69366		-1402356.86181
158		-535057.79819		339277.4978		-1409393.09418
159		-540274.47987		337474.63733		-1418023.59708
160		-544964.91611		334318.64795		-1424248.48017
161		-549723.57107		327402.78077		-1426849.9229
162		-554901.76072		321274.11873		-1431077.64017
163		-557667.51205		317475.6029		-1432810.627
164		-560979.47545		312146.63297		-1434105.58388
165		-561989.9753		309481.61893		-1433461.56952
166		-564583.84401		306163.80023		-1435331.48824
167		-566727.85596		304367.3474		-1437823.05931
168		-568310.53236		302049.74825		-1438670.81296
169		-571246.76877		299038.31934		-1441531.85688
170		-571779.19868		297167.71697		-1440726.11432
171		-569433.58041		296835.39087		-1435702.55168
172		-566262.8007		297576.55813		-1430102.15954
173		-564294.49892		297012.90642		-1425601.90427
174		-562781.44892		296780.38453		-1422343.28237
175		-562530.59622		295173.50227		-1420234.6947
176		-562148.16696		293410.50631		-1417706.84024
177		-560465.78142		293997.73069		-1414929.29353
178		-560036.68077		293287.39257		-1413360.75411
179		-559719.8808		291649.8094		-1411089.571
180		-560071.88311		289323.39217		-1409467.15839
181		-560478.19698		285975.09544		-1406931.4894
182		-561752.19536		282800.9407		-1406305.33142
183		-563806.2518		278870.29025		-1406482.79386
184		-567204.48349		273559.38925		-1407968.35623
185		-569644.60227		268464.19878		-1407753.40332
186		-574293.92406		262107.02849		-1410694.8766
187		-579774.32316		256208.64361		-1415757.28993
188		-584576.04034		254437.41219		-1423589.49288
189		-586505.01122		257896.56019		-1430906.58263
190		-591272.63813		258833.03076		-1441378.30702
191		-596850.03939		260222.77708		-1453922.85587
192		-605004.35005		258256.05789		-1468264.75798
193		-612896.84544		256961.51642		-1482755.20731
194		-623180.89771		253849.55457		-1500211.34999
195		-634383.38618		251164.20916		-1519930.98152
196		-645015.7161		252524.80629		-1542556.23848
197		-653858.02478		258007.78361		-1565723.83316
198		-661708.5365		260869.9448		-1584287.01781
199		-666625.15429		262898.42354		-1596148.73212
200		-670656.77741		266128.63232		-1607442.18713
201		-675751.46733		269386.38862		-1620889.32328
202		-681721.78349		271773.39204		-1635216.95902
203		-687964.12064		274037.56926		-1649965.81054
204		-695176.68078		275465.82161		-1665819.18317
205		-703410.52826		277035.62953		-1683856.68606
206		-711555.68236		277004.02834		-1700115.39306
207		-721371.3443		276390.5492		-1719133.23781
208		-731088.79813		275833.33752		-1738010.93379
209		-741518.88218		277109.59806		-1760147.36242
210		-753139.59694		277126.15419		-1783405.34806
211		-763908.34402		277100.63965		-1804917.32769
212		-775670.18017		276430.60183		-1827770.96218
213		-786273.87295		274777.99745		-1847325.74336
214		-798430.70901		272517.91253		-1869379.33055
215		-811880.39252		270524.58613		-1894285.37116
216		-825716.33903		267158.98335		-1918591.66142
217		-836543.05531		262651.77958		-1935737.8902
218		-847850.1971		260910.11597		-1956610.51017
219		-859982.07395		258388.02188		-1978352.16978
220		-870375.79301		256349.6678		-1997101.25382
221		-881386.52929		255597.972		-2018371.03058
222		-891752.00867		253483.0381		-2036987.05545
223		-900005.59453		251416.01961		-2051427.20868
224		-905821.70311		252106.00123		-2063749.40744
225		-908521.45507		259285.34327		-2076328.25341
226		-910822.41501		264016.05331		-2085660.88332
227		-910587.03303		269577.95926		-2090752.02531
228		-912977.29398		271864.60229		-2097819.19025
229		-913458.07436		274932.66968		-2101848.81839
230		-913785.51262		275919.05847		-2103490.0837
231		-914299.26364		278770.05052		-2107368.57781
232		-916209.41526		279984.31165		-2112403.14217
233		-916956.50461		283200.39533		-2117113.40456
234		-919830.35487		283388.05811		-2123048.76784
235		-921238.64558		283860.85303		-2126338.1442
236		-922101.91687		281946.20649		-2126150.04022
237		-923829.3935		279973.47594		-2127632.26294
238		-925160.51359		279296.28846		-2129617.31563
239		-924553.9384		280069.67672		-2129177.55351
240		-922464.93971		282555.37023		-2127485.24966
241		-919725.1095		282721.63371		-2122171.8527
242		-916938.58662		284265.87301		-2118143.04625
243		-916609.24184		283499.19903		-2116717.68272
244		-915648.65741		284177.81742		-2115475.13224
245		-916459.54019		283416.84594		-2116335.92631
246		-918241.96842		280600.1989		-2117084.13574
247		-919504.30294		279117.47265		-2118126.07854
248		-922886.32228		274804.31314		-2120576.9577
249		-927005.18925		270895.93959		-2124906.3181
250		-931509.91787		265278.84642		-2128298.68217
251		-933693.3922		261865.4529		-2129252.23731
252		-936123.48942		257249.4145		-2129496.39333
253		-935936.23929		255816.8338		-2127689.31239
254		-935064.95561		258657.8087		-2128787.71992
255		-934768.38531		261166.44935		-2130703.21997
256		-936509.45221		261701.77888		-2134720.68329
257		-938377.93933		262162.91366		-2138918.79232
258		-941587.49958		262048.49334		-2145223.49251
259		-942903.17073		266360.93412		-2152167.27559
260		-944617.99051		270073.4252		-2159309.40622
261		-943765.6189		275989.79085		-2163521.02864
262		-946156.10791		278802.34306		-2171114.55889
263		-946885.75409		282807.55455		-2176579.06273
264		-947663.5095		287468.56662		-2182795.58562
265		-947647.19751		292603.74099		-2187898.13602
266		-948476.32657		297215.28464		-2194167.93778
267		-948762.71783		302768.0776		-2200293.51326
268		-947613.68384		305446.26535		-2200673.63303
269		-949559.77459		306413.56597		-2205533.11514
270		-951203.58264		308112.51208		-2210519.67736
271		-951966.78293		309287.8608		-2213221.42667
272		-953467.7972		309600.84953		-2216536.44393
273		-955745.45775		310992.55607		-2222483.47158
274		-958190.94988		310570.37965		-2226952.2794
275		-961821.9301		310435.23989		-2234079.10009
276		-965641.60752		313844.4001		-2245127.61514
277		-970430.62887		315390.02838		-2256251.28611
278		-974807.3365		316704.73725		-2266319.41025
279		-978969.92306		317597.43236		-2275537.27848
280		-981249.65309		318917.52011		-2281416.82629
281		-982881.00483		320056.32227		-2285818.33192
282		-982589.80792		321347.26287		-2286526.87871
283		-984369.54463		322732.87926		-2291471.96852
284		-986201.65303		323824.90406		-2296228.21012
285		-988249.71313		325705.14827		-2302204.57452
286		-991598.74334		325791.44163		-2308988.92831
287		-995766.62473		325443.68783		-2316976.93729
288		-998272.72261		326376.05113		-2322921.49635
289		-1001701.96085		327414.06581		-2330817.9875
290		-1004273.81789		329098.03697		-2337645.67275
291		-1008251.2971		331556.33139		-2348058.92559
292		-1010402.83354		337924.6806		-2358730.34768
293		-1011442.8394		342283.04008		-2365168.71888
294		-1011052.88968		345052.48654		-2367158.2659
295		-1012172.60096		348263.55399		-2372608.7559
296		-1014460.68206		350165.13021		-2379086.49433
297		-1014283.31366		353879.64839		-2382446.27572
298		-1012222.14991		362719.26586		-2387163.56568
299		-1011483.58873		371122.80193		-2394089.97939
300		-1010803.66483		377870.06437		-2399477.39402
301		-1010219.65865		387421.45011		-2407860.76741
302		-1012892.6376		393384.15856		-2419169.43375
303		-1015742.08477		400472.82914		-2431956.99869
304		-1020110.86391		404732.82713		-2444954.55496
305		-1025791.4869		407304.24495		-2458887.21875
306		-1029680.74716		409731.4446		-2469092.93893
307		-1033017.93839		411562.42198		-2477598.29876
308		-1038263.54218		412091.73136		-2488618.81572
309		-1043743.93171		413414.46212		-2500902.32555
310		-1048468.55504		414246.16234		-2511183.27242
311		-1054189.03385		414510.04352		-2522888.11123
312		-1060929.08008		414440.70148		-2536298.86163
313		-1067690.7273		415059.55014		-2550441.00473
314		-1074816.50626		414047.234		-2563680.24651
315		-1083427.93584		411895.63669		-2578751.50838
316		-1093581.18352		407898.52529		-2595060.89232
317		-1102486.88815		402689.17825		-2607662.95455
318		-1110096.29627		397934.54248		-2618127.13501
319		-1119669.39783		393135.11429		-2632473.90994
320		-1129732.57772		388004.79739		-2647469.95284
321		-1138471.78253		384161.04633		-2661104.6114
322		-1147840.02467		380391.84979		-2676071.89913
323		-1155792.67775		376987.78452		-2688573.14001
324		-1161506.44644		374360.17893		-2697373.07182
325		-1161371.04778		377713.73132		-2700455.82687
326		-1161922.11477		383006.50738		-2706850.73691
327		-1160494.43105		393725.94563		-2714714.80774
328		-1160945.75245		400991.21029		-2722882.71519
329		-1160967.74549		409781.43627		-2731716.92726
330		-1160190.08843		417708.06873		-2738088.24558
331		-1158020.10335		427866.87961		-2743907.08632
332		-1157139.46386		437221.41538		-2751500.3431
333		-1156282.45429		446397.5772		-2758962.48579
334		-1155201.69261		452460.71118		-2762864.0964
335		-1152650.92624		458762.39885		-2764064.25133
336		-1150784.67903		464964.91448		-2766534.27253
337		-1149379.05489		470609.41853		-2769367.52832
338		-1148718.22056		476278.77435		-2773715.21547
339		-1147408.69975		484438.46743		-2779255.86693
340		-1148083.50295		489372.89279		-2785539.89869
341		-1148829.60724		494254.13587		-2791913.35034
342		-1148102.75788		498528.37088		-2794733.88663
343		-1146608.41589		503694.98927		-2796911.82105
344		-1147318.7863		507001.69552		-2801639.26812
345		-1146434.02465		511524.51743		-2804392.56674
346		-1146878.72237		516988.03926		-2810745.484
347		-1147515.90441		521689.18014		-2816720.98897
348		-1146024.70922		526162.80721		-2818212.22565
349		-1143363.55478		529223.62366		-2815950.73323
350		-1141959.2302		532013.51235		-2815931.97275
351		-1140544.30848		535762.2428		-2816850.85976
352		-1140325.17845		537541.90914		-2818192.26605
353		-1140164.49465		539787.87137		-2820116.86066
354		-1135239.31027		546980.50403		-2817459.12457
355		-1130197.90652		557118.73463		-2817514.54768
356		-1124338.98383		567759.14464		-2816437.1123
357		-1120286.66674		575891.64229		-2816464.97578
358		-1114013.31558		584488.24818		-2812514.87935
359		-1108840.87292		591857.54568		-2809539.29151
360		-1105189.51918		596849.85487		-2807228.89322
361		-1101515.0681		602025.11227		-2805055.24848
362		-1097203.16238		604992.83478		-2799399.15955
363		-1093461.05959		608028.28336		-2794950.40255
364		-1089535.76446		611102.64057		-2790174.16949
365		-1086624.58188		613795.21056		-2787044.37432
366		-1083707.23366		617017.48913		-2784431.95645
367		-1081333.98633		618799.55426		-2781467.52692
368		-1079533.47678		619386.04582		-2778452.99938
369		-1076617.99846		622791.62508		-2776027.62201
370		-1075763.14368		624546.60473		-2776072.8921
371		-1074276.92038		628514.51207		-2777068.35282
372		-1074143.55966		629432.40739		-2777719.52671
373		-1073450.99805		631931.98237		-2778833.97847
374		-1073254.75412		629851.72738		-2776361.23563
375		-1071012.89779		627374.62872		-2769400.4243
376		-1065196.38718		627270.21676		-2757662.99112
377		-1058372.03658		630883.45205		-2747627.52521
378		-1053080.9322		631462.68723		-2737624.55162
379		-1048042.66569		632965.15679		-2729050.48817
380		-1043007.40624		632548.21974		-2718563.03222
381		-1037616.28891		631048.36263		-2706280.94044
382		-1033444.08367		629268.40525		-2696156.57259
383		-1029737.76465		628175.26043		-2687650.78973
384		-1026521.85217		624896.24692		-2677939.95126
385		-1023590.93522		620387.03695		-2667568.9074
386		-1021853.09587		614510.94292		-2658217.13466
387		-1019619.08277		608962.06322		-2648200.22876
388		-1016814.40791		604365.46913		-2637994.28495
389		-1012538.24946		603733.12337		-2628809.62229
390		-1007885.91324		604687.3237		-2620459.15018
391		-1003835.01679		604916.80728		-2612586.84086
392		-1000157.29143		604912.13966		-2605226.72252
393		-997132.30115		603772.58917		-2598037.19146
394		-994011.41553		602460.64		-2590483.47105
395		-991473.47254		600068.70027		-2583015.64535
396		-987443.89022		597628.65332		-2572516.43375
397		-983949.42439		594699.21962		-2562598.06841
398		-981667.92993		590343.54875		-2553679.4086
399		-978679.98064		586964.3609		-2544324.32218
400		-976316.16489		582428.23782		-2535060.56761
401		-973676.82099		580823.1407		-2528176.78267
402		-970318.85279		578195.36197		-2518833.06754
403		-969521.28067		573470.53827		-2512513.09961
404		-968717.5162		569151.62155		-2506586.65395
405		-965836.16456		568363.69718		-2500036.02629
406		-960928.70268		566377.7277		-2488235.13305
407		-957843.72904		563720.48383		-2479407.94191
408		-955182.76453		559815.77997		-2470181.30902
409		-953101.41947		554183.27104		-2460386.10998
410		-952153.26163		548865.54788		-2453172.07113
411		-948569.32596		547292.60123		-2444431.25315
412		-943445.36343		550334.24304		-2437224.9699
413		-940628.02626		551037.27741		-2432293.32992
414		-938193.72519		552349.59703		-2428737.04741
415		-936422.54355		551814.71681		-2424659.80391
416		-934566.39741		550048.92062		-2419181.71545
417		-931199.43689		548186.76656		-2410585.64035
418		-928997.09944		545429.27988		-2403423.47875
419		-926687.10509		542121.97766		-2395496.18783
420		-925074.30228		538951.05079		-2389099.65536
421		-924585.15241		533871.82923		-2383042.13406
422		-923428.82262		529466.99098		-2376324.63623
423		-919786.58281		529593.29516		-2369166.46077
424		-913979.08636		535143.96619		-2363102.1389
425		-906576.25748		543442.85457		-2356595.36953
426		-900898.77607		550978.88216		-2352776.43431
427		-893960.84766		562205.91184		-2350127.60716
428		-889625.00954		571319.20379		-2350569.22288
429		-886087.82812		580187.42722		-2352363.08345
430		-883892.37296		586914.8259		-2354699.57182
431		-882118.17958		593449.69592		-2357686.05509
432		-880787.41942		599724.44591		-2361299.28476
433		-879504.96619		605579.27591		-2364589.20829
434		-877992.66264		611299.434		-2367284.75927
435		-876347.86629		617475.56517		-2370171.29775
436		-875247.48828		623991.29738		-2374486.27394
437		-873976.79768		630462.18662		-2378415.78199
438		-871718.13753		637956.8074		-2381393.08246
439		-870744.15648		644355.97874		-2385844.29171
440		-870438.58482		649952.23087		-2390829.40051
441		-869149.79066		653306.37767		-2391605.959
442		-868815.71413		656603.0456		-2394234.47386
443		-869469.38528		659467.74907		-2398406.51962
444		-870171.22108		663170.40586		-2403512.84803
445		-872130.68803		664255.36803		-2408516.7441
446		-872862.7522		663770.79369		-2409496.29809
447		-872728.83118		665960.11948		-2411417.78183
448		-869930.4298		669027.64123		-2408888.50084
449		-866344.76717		671773.34937		-2404462.88372
450		-864001.4783		674490.73044		-2402493.68705
451		-863328.11672		674582.44414		-2401238.67757
452		-860556.51224		675990.04891		-2397103.07339
453		-859141.73855		676197.13586		-2394480.61295
454		-858337.99318		675766.24032		-2392442.22668
455		-858050.73988		675742.94251		-2391844.42226
456		-855162.60658		679760.52881		-2390085.74197
457		-850771.09416		687419.63296		-2388961.82128
458		-847552.02168		691692.53155		-2386796.5749
459		-844360.32385		696704.59037		-2385425.23807
460		-843443.32895		699207.66675		-2386094.32466
461		-842613.19777		701375.27476		-2386601.67029
462		-840602.78437		704103.76402		-2385309.33276
463		-839268.06432		708337.31833		-2386873.44696
464		-839294.27049		711612.92642		-2390201.4674
465		-839419.56497		714225.33204		-2393064.46199
466		-840333.03372		715258.84836		-2395924.91581
467		-839970.93157		715416.96751		-2395358.83065
468		-838266.16498		713042.9328		-2389575.26276
469		-837902.9721		709734.69185		-2385540.63606
470		-838140.66777		705010.63578		-2381291.97132
471		-837039.77444		704124.47493		-2378204.02381
472		-831903.04663		709601.22245		-2373407.31571
473		-825172.7211		715833.27467		-2366178.71687
474		-819519.76107		720427.65453		-2359467.17667
475		-813018.5105		727788.05588		-2353825.07688
476		-805535.86391		737277.55669		-2348349.28451
477		-799740.62834		744664.32103		-2344145.57771
478		-794354.77191		751737.06012		-2340446.60393
479		-788750.98302		760007.59005		-2337509.55609
480		-782952.49362		766332.23873		-2332237.22598
481		-778930.52092		772369.19308		-2330230.23492
482		-774629.7762		780195.24996		-2329454.80237
483		-771507.48524		785197.8315		-2328212.80198
484		-768294.93999		790399.10341		-2326988.98339
485		-766966.64606		794329.38548		-2328262.67761
486		-766257.50522		797810.40794		-2330325.41837
487		-765051.69468		801534.24716		-2331637.63652
488		-763244.93694		805964.39811		-2332454.27199
489		-765092.43979		807050.00285		-2337234.88243
490		-767697.15454		807591.55821		-2342985.86728
491		-769978.05112		808406.37682		-2348362.47906
492		-774218.62002		808058.12299		-2356495.36303
493		-779341.54186		807084.44268		-2365767.52639
494		-783711.97555		806828.11726		-2374252.06836
495		-785043.38854		805491.75041		-2375578.5275
496		-785696.42816		805607.77443		-2377000.63075
497		-784339.70927		808455.50875		-2377134.92729
498		-784527.21177		809138.02636		-2378192.44991
499		-785914.21177		809047.57464		-2380875.99819
500		-787314.21177		808529.55329		-2383157.97683
