episode	mediator-random_cum_inst_loss_mean	mediator-random_cum_inst_loss_std_up	mediator-random_cum_inst_loss_std_down
1		-1085.46339		6180.59772		-8351.52449
2		3432.72295		18321.83616		-11456.39027
3		5795.2492		28834.09671		-17243.59832
4		8092.19572		39131.55276		-22947.16133
5		10633.90067		49765.55363		-28497.75229
6		12870.48546		58211.38379		-32470.41286
7		16416.54097		66451.78043		-33618.6985
8		18829.42414		74907.31071		-37248.46242
9		20733.37944		83343.81327		-41877.05439
10		23819.47183		92111.53768		-44472.59402
11		25565.33502		101949.88106		-50819.21103
12		28016.99146		112661.25508		-56627.27215
13		28544.4363		122264.50965		-65175.63706
14		29713.54711		133925.18944		-74498.09522
15		28890.94391		144415.98676		-86634.09894
16		27466.19919		155099.73851		-100167.34013
17		26320.45022		166271.63147		-113630.73103
18		24367.1989		177263.40359		-128529.00578
19		21690.57447		187875.29397		-144494.14504
20		20747.53523		197683.70516		-156188.6347
21		18323.77748		207380.49888		-170732.94392
22		15025.25377		215600.99067		-185550.48314
23		14210.56861		224161.20829		-195740.07106
24		14642.68017		233248.6407		-203963.28037
25		15737.51847		240163.38761		-208688.35068
26		17564.15813		250515.79352		-215387.47726
27		18739.73695		260828.12238		-223348.64849
28		19229.98856		271201.3739		-232741.39677
29		17952.72014		279131.58766		-243226.14739
30		19067.47254		287035.76307		-248900.818
31		22248.65034		295282.30758		-250785.00689
32		28220.50937		303436.04271		-246995.02397
33		33813.08487		313899.23313		-246273.06339
34		38952.80667		323021.32122		-245115.70787
35		43092.77889		332170.03189		-245984.47412
36		46312.50519		339129.96447		-246504.95409
37		49549.14356		346940.05686		-247841.76974
38		52103.16703		354443.91915		-250237.58508
39		56826.89658		362311.88807		-248658.09491
40		59745.99731		368931.90534		-249439.91072
41		63663.86252		376717.27777		-249389.55272
42		64549.7631		382078.14029		-252978.61408
43		64972.99765		384914.39024		-254968.39494
44		63278.23073		387103.23366		-260546.7722
45		61976.62792		390863.33861		-266910.08276
46		61160.45232		393979.66918		-271658.76455
47		60595.40562		398585.26623		-277394.455
48		61049.10478		402084.52499		-279986.31543
49		60811.94507		405032.20054		-283408.3104
50		58332.81778		406307.96305		-289642.32749
51		56602.94359		407319.9842		-294114.09702
52		53417.59477		409397.75956		-302562.57002
53		53763.32637		416387.60312		-308860.95038
54		53483.2167		419620.24393		-312653.81053
55		51841.02804		422785.92067		-319103.8646
56		49994.05542		426382.92314		-326394.8123
57		50635.74855		434089.03442		-332817.53733
58		49781.03033		441585.96723		-342023.90658
59		49594.33245		449064.03887		-349875.37396
60		47310.36796		456545.95078		-361925.21485
61		44186.5246		462018.3817		-373645.3325
62		43583.24305		467158.44032		-379991.95423
63		43615.72342		470842.70429		-383611.25745
64		41827.88901		473415.18443		-389759.40642
65		38075.56018		474450.245		-398299.12465
66		34139.50947		475989.81814		-407710.7992
67		28676.49137		476101.87472		-418748.89198
68		23358.18408		478259.05109		-431542.68294
69		18240.57754		480557.93045		-444076.77538
70		16310.28513		485824.26524		-453203.69498
71		16152.85856		494588.96688		-462283.24976
72		14556.06151		500398.74352		-471286.6205
73		12128.02274		507387.55106		-483131.50558
74		10124.37437		514966.25335		-494717.50461
75		5900.30085		520504.53587		-508703.93416
76		706.70791		526551.91815		-525138.50233
77		-4208.05012		533876.71719		-542292.81742
78		-12146.14043		538255.27366		-562547.55451
79		-20438.71029		542557.90735		-583435.32793
80		-28466.02336		543783.32168		-600715.3684
81		-37112.43531		546735.2888		-620960.15943
82		-46961.12135		548518.51531		-642440.75802
83		-59248.1114		548360.90212		-666857.12491
84		-71567.87941		548847.92733		-691983.68614
85		-83834.34842		551244.60116		-718913.298
86		-94188.07579		556661.36809		-745037.51967
87		-104412.55789		564800.81767		-773625.93345
88		-115922.3704		572057.66363		-803902.40443
89		-124730.8266		583311.875		-832773.5282
90		-129186.56967		599902.51494		-858275.65428
91		-135991.79549		614045.84144		-886029.43242
92		-143902.39087		629656.06178		-917460.84351
93		-152326.8423		644472.75551		-949126.4401
94		-157765.55362		659201.45899		-974732.56622
95		-162166.64377		673274.11091		-997607.39845
96		-165475.50112		685806.33387		-1016757.3361
97		-168157.70121		696526.41148		-1032841.8139
98		-170152.73254		704731.56755		-1045037.03263
99		-170350.77578		712035.78942		-1052737.34099
100		-170790.04534		720140.44106		-1061720.53175
101		-170578.25606		730425.04577		-1071581.5579
102		-172275.27209		739291.52233		-1083842.0665
103		-174097.38986		748926.47737		-1097121.25709
104		-177803.2386		757115.69798		-1112722.17518
105		-181916.2013		764226.11533		-1128058.51793
106		-186734.53509		772902.92092		-1146371.99111
107		-191854.4201		780888.20113		-1164597.04133
108		-193765.08622		790179.17597		-1177709.3484
109		-192820.68868		800105.48248		-1185746.85983
110		-191075.32393		807462.72982		-1189613.37767
111		-187279.88921		813942.16988		-1188501.9483
112		-184505.4018		820527.11713		-1189537.92072
113		-182904.69556		825926.65372		-1191736.04483
114		-182378.72484		830314.62065		-1195072.07034
115		-181491.93319		835811.33096		-1198795.19733
116		-180693.3532		841299.3138		-1202686.0202
117		-179365.46633		848315.37786		-1207046.31051
118		-178065.19959		855758.29023		-1211888.68942
119		-179173.70562		859220.02721		-1217567.43846
120		-177104.98841		863564.63326		-1217774.61008
121		-174259.87776		873373.08008		-1221892.83559
122		-172668.57975		880919.59475		-1226256.75426
123		-172654.7299		888938.84731		-1234248.3071
124		-173112.14379		895292.60952		-1241516.89711
125		-172691.97397		900973.86213		-1246357.81006
126		-171320.50225		907292.8351		-1249933.83959
127		-169013.66132		913743.70386		-1251771.0265
128		-164654.7078		919915.52784		-1249224.94343
129		-157634.59893		926937.2727		-1242206.47056
130		-151977.78157		932719.93218		-1236675.49532
131		-145458.87683		939203.21182		-1230120.96547
132		-136280.81194		945828.3833		-1218390.00718
133		-128866.77438		952397.89325		-1210131.44202
134		-121175.38456		959898.70065		-1202249.46976
135		-112966.31583		969454.87396		-1195387.50563
136		-106328.88279		976977.94992		-1189635.7155
137		-98678.6512		984866.94871		-1182224.25111
138		-89874.51377		995923.95835		-1175672.9859
139		-82868.33797		1004066.82097		-1169803.49692
140		-74907.03124		1012890.17902		-1162704.2415
141		-67406.02154		1022598.65546		-1157410.69855
142		-60146.14359		1032163.28351		-1152455.5707
143		-51967.3362		1042081.74319		-1146016.41559
144		-44705.40164		1052184.11142		-1141594.9147
145		-36006.86063		1064700.46143		-1136714.18269
146		-27081.30466		1075296.33154		-1129458.94086
147		-16362.11346		1084672.11894		-1117396.34585
148		-7032.90065		1092898.40775		-1106964.20905
149		1941.02379		1101044.16318		-1097162.11561
150		12623.32704		1111038.54539		-1085791.8913
151		21752.88682		1119564.34402		-1076058.57038
152		29442.99764		1125670.5875		-1066784.59221
153		38674.81835		1133818.65639		-1056469.01969
154		45788.68716		1139633.73661		-1048056.3623
155		54540.56667		1147215.16454		-1038134.03121
156		61539.00166		1153057.94231		-1029979.93899
157		68842.46065		1159451.69328		-1021766.77197
158		75783.11246		1165901.90655		-1014335.68164
159		81818.80046		1169269.03999		-1005631.43906
160		86279.7337		1171384.48445		-998825.01704
161		90967.19733		1172729.86727		-990795.4726
162		94559.53807		1174930.92831		-985811.85218
163		96741.4725		1174832.27762		-981349.33263
164		98429.85341		1174168.26411		-977308.55729
165		100540.23474		1173673.07819		-972592.6087
166		102753.43321		1172762.65829		-967255.79186
167		105563.72748		1172424.71718		-961297.26222
168		106468.68581		1170721.2879		-957783.91628
169		105689.67458		1167373.41834		-955994.06918
170		104470.46778		1162281.70407		-953340.76851
171		102417.87641		1156634.27819		-951798.52536
172		100271.02304		1149763.80232		-949221.75625
173		100514.48435		1142714.69138		-941685.72267
174		98326.57386		1133418.46013		-936765.31242
175		94991.1563		1124262.33765		-934280.02505
176		91156.97319		1113201.36446		-930887.41808
177		87244.85747		1101674.3601		-927184.64515
178		86384.43128		1093421.04589		-920652.18333
179		85518.56693		1087747.63963		-916710.50578
180		84327.95419		1080268.11541		-911612.20703
181		82355.0074		1073695.61919		-908985.60439
182		82313.50509		1071899.70684		-907272.69665
183		80739.63379		1067464.1164		-905984.84882
184		79019.61247		1063645.43535		-905606.2104
185		79343.4473		1065057.78622		-906370.89162
186		79702.14881		1066612.11447		-907207.81685
187		81591.95163		1070938.45417		-907754.5509
188		84310.45516		1076071.16717		-907450.25685
189		85411.73735		1080213.03291		-909389.55822
190		84888.93704		1081607.50144		-911829.62736
191		84280.81979		1082141.35711		-913579.71753
192		83450.77316		1082326.64718		-915425.10086
193		82469.6845		1083148.72434		-918209.35535
194		82078.39486		1085295.90147		-921139.11176
195		80290.48526		1085218.67433		-924637.7038
196		77589.70515		1083999.90406		-928820.49377
197		74187.93209		1081705.32166		-933329.45747
198		69788.34833		1078844.17637		-939267.4797
199		65121.42241		1074775.79241		-944532.94758
200		63543.53428		1070770.68803		-943683.61948
201		63971.49104		1068720.3671		-940777.38501
202		65123.67969		1068038.13424		-937790.77486
203		63921.02581		1064695.15865		-936853.10704
204		62547.71898		1061767.55239		-936672.11443
205		61616.93876		1059862.93492		-936629.05739
206		59267.80906		1056424.32198		-937888.70387
207		55691.09601		1051954.07706		-940571.88503
208		53211.75616		1048701.03377		-942277.52145
209		53396.72616		1046112.21038		-939318.75805
210		56033.0146		1049728.08147		-937662.05226
211		59348.9393		1055313.01764		-936615.13904
212		62092.18658		1059967.26893		-935782.89577
213		65531.9972		1065324.48883		-934260.49443
214		69143.14368		1066112.40197		-927826.1146
215		71674.08925		1067255.05119		-923906.8727
216		75200.77391		1071091.0804		-920689.53257
217		80326.19606		1078096.86677		-917444.47466
218		85425.66873		1084631.35575		-913780.01828
219		90856.84938		1091647.47347		-909933.7747
220		95170.32633		1096017.67734		-905677.02468
221		99222.38004		1101516.71419		-903071.9541
222		103174.32891		1105891.78157		-899543.12376
223		107094.45247		1105555.73428		-891366.82934
224		109576.1533		1104590.44551		-885438.13892
225		112219.34108		1103468.30635		-879029.62419
226		113082.34694		1101392.34836		-875227.65448
227		112974.87593		1098286.51987		-872336.768
228		112099.86465		1094705.46637		-870505.73706
229		111671.59006		1092159.63307		-868816.45296
230		110193.91355		1088573.47944		-868185.65233
231		108145.62787		1083903.04409		-867611.78836
232		106246.2472		1079297.27068		-866804.77629
233		104387.29758		1073987.40428		-865212.80911
234		103209.30014		1070051.24494		-863632.64465
235		102141.61751		1065849.55682		-861566.3218
236		100855.32659		1061672.6371		-859961.98393
237		99438.02146		1057922.05301		-859046.01009
238		100080.50491		1058405.38841		-858244.37859
239		99192.42435		1055419.1042		-857034.25549
240		97510.40294		1053460.89568		-858440.08979
241		94992.65432		1050387.56045		-860402.25181
242		95649.52852		1050757.82199		-859458.76494
243		95647.38315		1050168.58559		-858873.81929
244		95547.61593		1050387.98758		-859292.75572
245		97416.15778		1053317.49095		-858485.17539
246		97268.07397		1054038.49008		-859502.34213
247		95715.30567		1052956.3938		-861525.78247
248		93494.43655		1052876.57563		-865887.70254
249		93841.6542		1057857.07927		-870173.77087
250		94748.0307		1064723.25579		-875227.19438
251		95604.6023		1070306.84712		-879097.64252
252		98479.81659		1074476.90617		-877517.27299
253		100450.52816		1076989.9095		-876088.85319
254		105110.83621		1082469.36297		-872247.69055
255		107963.17748		1085762.46498		-869836.11003
256		110280.166		1088660.49358		-868100.16158
257		112033.62533		1091152.45623		-867085.20558
258		113193.89602		1093227.77798		-866839.98594
259		113856.38698		1095110.55574		-867397.78179
260		113443.13625		1094154.86934		-867268.59684
261		112756.48846		1094572.93732		-869059.9604
262		111991.25149		1094559.56556		-870577.06257
263		112564.66713		1098020.57944		-872891.24518
264		112955.96948		1103108.60896		-877196.67001
265		115353.6049		1111629.04615		-880921.83636
266		119312.57883		1121811.81046		-883186.6528
267		123877.96363		1131881.26363		-884125.33636
268		129517.46177		1139632.37506		-880597.45152
269		137511.08406		1146519.00494		-871496.83682
270		144312.6708		1153644.44057		-865019.09897
271		152086.14151		1160849.6739		-856677.39088
272		158215.4961		1167820.40066		-851389.40846
273		163585.54019		1174647.11023		-847476.02985
274		168446.97771		1181441.14918		-844547.19375
275		174855.40649		1190710.97137		-841000.15839
276		178891.51928		1196866.38922		-839083.35066
277		183131.80349		1203559.76108		-837296.15409
278		186253.42905		1209017.36762		-836510.50952
279		190180.78596		1216417.72995		-836056.15802
280		195567.14475		1224371.51233		-833237.22282
281		201167.01674		1232143.55315		-829809.51967
282		205658.06351		1239106.10913		-827789.98212
283		208493.05861		1245684.73578		-828698.61857
284		212223.29178		1255327.79133		-830881.20778
285		218591.43618		1267019.79318		-829836.92082
286		222788.8367		1277983.5493		-832405.87591
287		227159.19834		1288542.28689		-834223.89022
288		233133.00238		1300389.51648		-834123.51172
289		237516.62503		1311394.28525		-836361.03519
290		241042.37972		1321162.11473		-839077.35529
291		244001.01661		1328701.3709		-840699.33767
292		248776.17126		1337048.47056		-839496.12805
293		252499.94501		1344806.76243		-839806.87241
294		257623.33031		1355123.57855		-839876.91792
295		261002.24801		1363369.19259		-841364.69658
296		264346.97903		1371657.38371		-842963.42566
297		267413.90607		1379089.45746		-844261.64532
298		269636.95415		1387240.95902		-847967.05072
299		271963.24432		1395703.77235		-851777.2837
300		273714.32529		1402982.69903		-855554.04846
301		274105.6395		1409902.05178		-861690.77279
302		275158.98446		1416628.84958		-866310.88066
303		277520.06752		1421627.64918		-866587.51414
304		277171.46511		1424787.80447		-870444.87426
305		277368.87535		1429209.51214		-874471.76144
306		277556.25046		1432566.36987		-877453.86895
307		279027.81099		1433518.12813		-875462.50616
308		279229.48569		1434479.29904		-876020.32766
309		279846.48337		1436820.00626		-877127.03951
310		279776.2844		1438419.34782		-878866.77902
311		282260.73602		1443704.1028		-879182.63077
312		282795.17253		1447157.3948		-881567.04974
313		283294.42261		1449586.21233		-882997.36711
314		283072.74924		1452965.01507		-886819.51659
315		283674.41074		1457741.78237		-890392.96089
316		283588.06842		1461919.39274		-894743.2559
317		282777.51155		1465480.02361		-899925.00051
318		281435.84545		1467496.82597		-904625.13508
319		281396.9887		1467112.2747		-904318.29729
320		282498.28836		1470098.22235		-905101.64563
321		282414.81944		1471648.41203		-906818.77315
322		282157.87825		1472634.32516		-908318.56867
323		281690.8051		1475017.00299		-911635.39278
324		279928.8879		1476500.84145		-916643.06565
325		276704.87715		1476403.52714		-922993.77284
326		273148.76715		1476302.90459		-930005.37029
327		269342.1788		1474972.63748		-936288.27989
328		267342.99791		1472496.30262		-937810.30679
329		266562.46611		1474982.76273		-941857.8305
330		264309.76882		1475282.78051		-946663.24286
331		261191.30875		1475150.90374		-952768.28625
332		257811.21027		1475376.23424		-959753.81371
333		252822.12699		1473708.39728		-968064.14329
334		250227.90546		1475774.34855		-975318.53763
335		250242.39315		1481663.52366		-981178.73736
336		249476.24932		1487661.73813		-988709.23949
337		251575.85292		1500669.47048		-997517.76463
338		251209.65434		1510816.15603		-1008396.84736
339		250815.92657		1522167.33669		-1020535.48356
340		249059.64477		1532044.83444		-1033925.5449
341		246029.91919		1541126.19485		-1049066.35646
342		243906.13134		1551210.75711		-1063398.49443
343		241600.58579		1562325.31008		-1079124.13849
344		243153.41908		1580794.76756		-1094487.9294
345		243356.89557		1596734.80884		-1110021.0177
346		244406.08324		1610182.34011		-1121370.17362
347		246896.08426		1621802.54911		-1128010.3806
348		252202.11258		1633100.79459		-1128696.56944
349		255573.33578		1644052.82531		-1132906.15374
350		259834.99731		1655332.56809		-1135662.57348
351		265511.53188		1664787.61671		-1133764.55294
352		270705.43741		1675133.29107		-1133722.41625
353		273568.86919		1682822.41635		-1135684.67798
354		277070.28427		1690295.92672		-1136155.35818
355		281590.98625		1694846.87209		-1131664.89959
356		288907.96518		1699011.04296		-1121195.11259
357		294006.21107		1701315.40338		-1113302.98124
358		298687.30972		1703094.12547		-1105719.50602
359		303452.36752		1705030.87645		-1098126.14141
360		307232.15082		1706892.91862		-1092428.61698
361		311824.7758		1709871.85547		-1086222.30386
362		314605.87173		1710534.87606		-1081323.13259
363		318147.24685		1712700.5606		-1076406.0669
364		319948.39333		1712264.96936		-1072368.18271
365		323907.15032		1714881.10083		-1067066.80019
366		326571.60782		1715769.60061		-1062626.38496
367		328690.82397		1716025.53459		-1058643.88664
368		330236.10185		1715622.17322		-1055149.96953
369		331826.92502		1714493.57075		-1050839.72071
370		335118.29054		1716815.6917		-1046579.11062
371		343360.95403		1725503.49088		-1038781.58282
372		351393.40425		1736712.69903		-1033925.89054
373		357978.21713		1747108.30325		-1031151.86899
374		364273.67738		1757394.17802		-1028846.82325
375		371332.71572		1769382.73966		-1026717.30821
376		377234.20381		1780708.68738		-1026240.27976
377		382043.92185		1789655.89867		-1025568.05496
378		386173.45258		1796801.51438		-1024454.60922
379		391101.78919		1804174.24012		-1021970.66174
380		395311.74532		1812490.65296		-1021867.16233
381		398909.04751		1818585.91398		-1020767.81896
382		403756.99117		1821727.57091		-1014213.58857
383		408581.56822		1826506.37489		-1009343.23846
384		415144.77178		1833650.21492		-1003360.67136
385		421724.68497		1841307.97203		-997858.60209
386		429083.14745		1851692.41595		-993526.12104
387		435613.69528		1861602.26853		-990374.87798
388		440755.18523		1869506.69682		-987996.32636
389		446858.26942		1879262.25956		-985545.72072
390		452770.99814		1887566.24713		-982024.25085
391		458436.07649		1897395.17711		-980523.02412
392		464230.23769		1907243.71952		-978783.24414
393		472887.70001		1920180.28104		-974404.88103
394		480569.73337		1931850.42594		-970710.95921
395		487908.8845		1941839.99554		-966022.22655
396		495013.73632		1953687.15693		-963659.68428
397		500565.91091		1964516.10927		-963384.28744
398		505195.10306		1974943.80532		-964553.59919
399		509799.75792		1984148.82793		-964549.31208
400		512915.1641		1992635.55666		-966805.22846
401		516736.87449		2002828.97997		-969355.23099
402		517953.30412		2009690.38258		-973783.77435
403		518851.01705		2015393.46517		-977691.43107
404		519854.37872		2020269.16544		-980560.40801
405		519635.37364		2025517.70991		-986246.96263
406		519986.30414		2032032.73931		-992060.13102
407		519702.69071		2038184.05581		-998778.67439
408		518101.44546		2043281.58411		-1007078.6932
409		517096.48611		2049755.49227		-1015562.52005
410		514052.04428		2054263.16985		-1026159.08128
411		511203.17786		2059786.4196		-1037380.06388
412		507826.09457		2065705.98694		-1050053.7978
413		504235.48492		2072050.85286		-1063579.88301
414		501841.48874		2080529.33957		-1076846.36209
415		499774.57477		2089393.31426		-1089844.16472
416		498922.74495		2095625.3073		-1097779.8174
417		499999.64191		2100752.6266		-1100753.34278
418		503878.46481		2104669.86811		-1096912.93849
419		509285.30537		2106289.89047		-1087719.27974
420		516950.27636		2112917.92983		-1079017.37711
421		525008.96005		2119701.56862		-1069683.64853
422		533394.27593		2127440.92078		-1060652.36893
423		543544.79325		2135613.48516		-1048523.89867
424		555680.047		2147405.79523		-1036045.70123
425		565193.80604		2157002.8386		-1026615.22652
426		575849.72434		2168147.77841		-1016448.32974
427		585145.35736		2178840.50419		-1008549.78947
428		594266.78299		2189341.11854		-1000807.55255
429		603006.52799		2200561.89489		-994548.83891
430		611553.24627		2211009.34688		-987902.85434
431		620744.77198		2221709.1308		-980219.58683
432		630372.10743		2232993.62045		-972249.40558
433		637951.86399		2241294.11795		-965390.38997
434		645944.32436		2248866.01333		-956977.36461
435		654210.38403		2255805.37838		-947384.61032
436		662863.54461		2261817.95858		-936090.86935
437		670590.60462		2268053.11802		-926871.90877
438		679094.85569		2275786.5023		-917596.79091
439		685993.45269		2281472.28305		-909485.37766
440		693345.98122		2288999.02496		-902307.06252
441		698641.31742		2294818.77434		-897536.1395
442		703579.43532		2300256.50253		-893097.63188
443		708791.224		2306593.19392		-889010.74591
444		714130.25327		2313205.65663		-884945.15009
445		719179.28094		2318952.11193		-880593.55006
446		722490.36132		2322669.79945		-877689.07681
447		725235.16891		2324886.76072		-874416.4229
448		727598.65116		2326371.89644		-871174.59412
449		730100.29835		2328069.2185		-867868.6218
450		731936.84248		2328010.39579		-864136.71083
451		734401.3197		2330247.46158		-861444.82219
452		736142.49503		2332378.5981		-860093.60805
453		736082.93723		2332393.87683		-860228.00238
454		735362.29176		2331772.78187		-861048.19836
455		734595.44533		2331886.67147		-862695.78081
456		732969.376		2330489.42986		-864550.67786
457		732103.06709		2331111.60161		-866905.46742
458		733985.9835		2334752.6594		-866780.69241
459		740096.36776		2343424.14377		-863231.40824
460		747217.91645		2354633.02073		-860197.18783
461		753982.45382		2364677.33255		-856712.4249
462		762244.60634		2375592.07288		-851102.86019
463		769049.46059		2385022.58185		-846923.66067
464		776309.28157		2395920.19751		-843301.63437
465		782280.83083		2406182.98862		-841621.32697
466		788893.00269		2416695.03162		-838909.02623
467		795050.04404		2425473.98948		-835373.90141
468		800711.63251		2432872.95032		-831449.68531
469		808583.90165		2441866.00137		-824698.19807
470		813449.67659		2448777.71036		-821878.35719
471		818535.3526		2456154.44945		-819083.74425
472		821997.57776		2461977.46364		-817982.30812
473		827325.50266		2469633.40398		-814982.39867
474		831502.25149		2477284.67987		-814280.17688
475		834109.62294		2485028.14193		-816808.89605
476		836032.50021		2491801.7758		-819736.77537
477		836960.68669		2498588.78639		-824667.413
478		837923.79877		2506456.11559		-830608.51805
479		837591.13613		2512549.16515		-837366.89289
480		838279.62425		2520331.16999		-843771.92148
481		838248.78411		2526740.52609		-850242.95787
482		839051.15017		2534690.03282		-856587.73247
483		841137.82615		2542469.53067		-860193.87838
484		841963.65136		2549335.15325		-865407.85054
485		842792.46739		2557324.82735		-871739.89257
486		842293.71788		2564746.36884		-880158.93307
487		842228.06489		2572035.4732		-887579.34342
488		844801.70312		2581191.32955		-891587.92331
489		844745.31381		2589218.71919		-899728.09156
490		845896.4453		2599292.18864		-907499.29804
491		848380.39549		2610183.38256		-913422.59159
492		850977.30308		2617102.43121		-915147.82505
493		852939.50106		2625170.10377		-919291.10165
494		853793.48032		2630441.81597		-922854.85534
495		853953.6084		2636663.43216		-928756.21536
496		853379.77374		2642728.03262		-935968.48514
497		852029.4262		2646971.41772		-942912.56532
498		852579.4712		2650049.01995		-944890.07754
499		854634.4712		2651126.65527		-941857.71286
500		855234.4712		2652029.98352		-941561.04112
