step	mediator-random_reward_mean	mediator-random_reward_std_up	mediator-random_reward_std_down
1		4000.0		8898.97949		-898.97949
2		6000.0		10898.97949		1101.02051
3		8000.0		15483.31477		516.68523
4		10001.0		18944.15403		1057.84597
5		12001.0		23661.87492		340.12508
6		12001.0		23661.87492		340.12508
7		14001.0		25999.83344		2002.16656
8		14001.0		25999.83344		2002.16656
9		16001.0		29564.48053		2437.51947
10		16001.0		29564.48053		2437.51947
11		16001.0		29564.48053		2437.51947
12		16001.0		29564.48053		2437.51947
13		16001.0		29564.48053		2437.51947
14		16001.0		29564.48053		2437.51947
15		18001.0		29661.36037		6340.63963
16		20001.0		30953.62544		9048.37456
17		22001.0		33661.01732		10340.98268
18		22001.0		33661.01732		10340.98268
19		22001.0		33661.01732		10340.98268
20		22001.0		33661.01732		10340.98268
21		22001.0		33661.01732		10340.98268
22		22001.0		33661.01732		10340.98268
23		22001.0		33661.01732		10340.98268
24		22001.0		33661.01732		10340.98268
25		24001.0		35999.0		12003.0
26		24001.0		35999.0		12003.0
27		24001.0		35999.0		12003.0
28		24001.0		35999.0		12003.0
29		24001.0		35999.0		12003.0
30		24001.0		35999.0		12003.0
31		24001.0		35999.0		12003.0
32		24001.0		35999.0		12003.0
33		24001.0		35999.0		12003.0
34		24001.0		35999.0		12003.0
35		24001.0		35999.0		12003.0
36		24001.0		35999.0		12003.0
37		24001.0		35999.0		12003.0
38		24001.0		35999.0		12003.0
39		24001.0		35999.0		12003.0
40		24001.0		35999.0		12003.0
41		24001.0		35999.0		12003.0
42		24001.0		35999.0		12003.0
43		24001.0		35999.0		12003.0
44		26001.0		39563.74323		12438.25677
45		26001.0		39563.74323		12438.25677
46		26001.0		39563.74323		12438.25677
47		26001.0		39563.74323		12438.25677
48		26001.0		39563.74323		12438.25677
49		30001.0		46732.40771		13269.59229
50		32001.0		50329.55706		13672.44294
51		32001.0		50329.55706		13672.44294
52		32001.0		50329.55706		13672.44294
53		34001.0		52546.40385		15455.59615
54		36001.0		55595.08084		16406.91916
55		38001.0		59353.37701		16648.62299
56		40001.0		63663.62885		16338.37115
57		40001.0		63663.62885		16338.37115
58		40001.0		63663.62885		16338.37115
59		42001.0		65150.8597		18851.1403
60		42001.0		65150.8597		18851.1403
61		42001.0		65150.8597		18851.1403
62		42001.0		65150.8597		18851.1403
63		46001.0		70165.18846		21836.81154
64		46001.0		70165.18846		21836.81154
65		46001.0		70165.18846		21836.81154
66		48001.0		68395.21496		27606.78504
67		50001.0		66732.40771		33269.59229
68		50001.0		66732.40771		33269.59229
69		50001.0		66732.40771		33269.59229
70		50001.0		66732.40771		33269.59229
71		50001.0		66732.40771		33269.59229
72		52001.0		69203.79059		34798.20941
73		52001.0		69203.79059		34798.20941
74		52001.0		69203.79059		34798.20941
75		52001.0		69203.79059		34798.20941
76		52001.0		69203.79059		34798.20941
77		52001.0		69203.79059		34798.20941
78		52001.0		69203.79059		34798.20941
79		54001.0		67563.89069		40438.10931
80		56001.0		66197.47017		45804.52983
81		56001.0		66197.47017		45804.52983
82		56001.0		66197.47017		45804.52983
83		56001.0		66197.47017		45804.52983
84		56001.0		66197.47017		45804.52983
85		56001.0		66197.47017		45804.52983
86		56001.0		66197.47017		45804.52983
87		56001.0		66197.47017		45804.52983
88		56001.0		66197.47017		45804.52983
89		56001.0		66197.47017		45804.52983
90		56001.0		66197.47017		45804.52983
91		58001.0		67797.12189		48204.87811
92		58001.0		67797.12189		48204.87811
93		58001.0		67797.12189		48204.87811
94		58001.0		67797.12189		48204.87811
95		58001.0		67797.12189		48204.87811
96		62001.0		73661.01732		50340.98268
97		66001.0		80965.89238		51036.10762
98		68001.0		85204.02311		50797.97689
99		70001.0		84141.72148		55860.27852
100		70001.0		84141.72148		55860.27852
101		72001.0		85265.8409		58736.1591
102		72001.0		85265.8409		58736.1591
103		72001.0		85265.8409		58736.1591
104		72001.0		85265.8409		58736.1591
105		76001.0		86197.47017		65804.52983
106		76001.0		86197.47017		65804.52983
107		76001.0		86197.47017		65804.52983
108		76001.0		86197.47017		65804.52983
109		76001.0		86197.47017		65804.52983
110		76001.0		86197.47017		65804.52983
111		76001.0		86197.47017		65804.52983
112		78001.0		89661.36037		66340.63963
113		80001.0		94141.72148		65860.27852
114		82001.0		93661.87492		70340.12508
115		82001.0		93661.87492		70340.12508
116		82001.0		93661.87492		70340.12508
117		82001.0		93661.87492		70340.12508
118		82001.0		93661.87492		70340.12508
119		84001.0		98966.69424		69035.30576
120		84001.0		98966.69424		69035.30576
121		84001.0		98966.69424		69035.30576
122		84001.0		98966.69424		69035.30576
123		84001.0		98966.69424		69035.30576
124		84001.0		98966.69424		69035.30576
125		84001.0		98966.69424		69035.30576
126		84001.0		98966.69424		69035.30576
127		86001.0		104547.37442		67454.62558
128		86001.0		104547.37442		67454.62558
129		88001.0		105204.60439		70797.39561
130		88001.0		105204.60439		70797.39561
131		88001.0		105204.60439		70797.39561
132		88002.0		105205.7207		70798.2793
133		88002.0		105205.7207		70798.2793
134		92002.0		106697.98605		77306.01395
135		92002.0		106697.98605		77306.01395
136		92002.0		106697.98605		77306.01395
137		94002.0		107565.33314		80438.66686
138		96002.0		109565.03823		82438.96177
139		96002.0		109565.03823		82438.96177
140		96002.0		109565.03823		82438.96177
141		96002.0		109565.03823		82438.96177
142		96002.0		109565.03823		82438.96177
143		98002.0		112697.16948		83306.83052
144		98002.0		112697.16948		83306.83052
145		98002.0		112697.16948		83306.83052
146		98002.0		112697.16948		83306.83052
147		98002.0		112697.16948		83306.83052
148		98002.0		112697.16948		83306.83052
149		98002.0		112697.16948		83306.83052
150		98002.0		112697.16948		83306.83052
151		102002.0		116697.30558		87306.69442
152		104002.0		121435.98996		86568.01004
153		104002.0		121435.98996		86568.01004
154		104002.0		121435.98996		86568.01004
155		104002.0		121435.98996		86568.01004
156		104002.0		121435.98996		86568.01004
157		104002.0		121435.98996		86568.01004
158		104002.0		121435.98996		86568.01004
159		106002.0		122248.10741		89755.89259
160		106002.0		122248.10741		89755.89259
161		106002.0		122248.10741		89755.89259
162		106002.0		122248.10741		89755.89259
163		106002.0		122248.10741		89755.89259
164		106002.0		122248.10741		89755.89259
165		106002.0		122248.10741		89755.89259
166		106002.0		122248.10741		89755.89259
167		108002.0		123999.75003		92004.24997
168		108002.0		123999.75003		92004.24997
169		108002.0		123999.75003		92004.24997
170		108002.0		123999.75003		92004.24997
171		108002.0		123999.75003		92004.24997
172		108002.0		123999.75003		92004.24997
173		110002.0		126732.81008		93271.18992
174		110002.0		126732.81008		93271.18992
175		110002.0		126732.81008		93271.18992
176		110002.0		126732.81008		93271.18992
177		110002.0		126732.81008		93271.18992
178		110002.0		126732.81008		93271.18992
179		110002.0		126732.81008		93271.18992
180		110002.0		126732.81008		93271.18992
181		110002.0		126732.81008		93271.18992
182		110002.0		126732.81008		93271.18992
183		110002.0		126732.81008		93271.18992
184		112002.0		130329.90239		93674.09761
185		112002.0		130329.90239		93674.09761
186		112002.0		130329.90239		93674.09761
187		112002.0		130329.90239		93674.09761
188		112002.0		130329.90239		93674.09761
189		114002.0		133595.46845		94408.53155
190		114002.0		133595.46845		94408.53155
191		114002.0		133595.46845		94408.53155
192		114002.0		133595.46845		94408.53155
193		114002.0		133595.46845		94408.53155
194		116002.0		137540.24519		94463.75481
195		116002.0		137540.24519		94463.75481
196		116002.0		137540.24519		94463.75481
197		118002.0		141999.66668		94004.33332
198		120002.0		141908.62014		98095.37986
199		124002.0		141435.41636		106568.58364
200		124002.0		141435.41636		106568.58364
201		124002.0		141435.41636		106568.58364
202		124002.0		141435.41636		106568.58364
203		126002.0		146591.22063		105412.77937
204		128002.0		146330.33888		109673.66112
205		128002.0		146330.33888		109673.66112
206		128002.0		146330.33888		109673.66112
207		128002.0		146330.33888		109673.66112
208		128002.0		146330.33888		109673.66112
209		128002.0		146330.33888		109673.66112
210		128002.0		146330.33888		109673.66112
211		128002.0		146330.33888		109673.66112
212		130002.0		146733.40777		113270.59223
213		130002.0		146733.40777		113270.59223
214		130002.0		146733.40777		113270.59223
215		130002.0		146733.40777		113270.59223
216		130002.0		146733.40777		113270.59223
217		130002.0		146733.40777		113270.59223
218		134002.0		148966.7588		119037.2412
219		134002.0		148966.7588		119037.2412
220		134002.0		148966.7588		119037.2412
221		136002.0		149565.03823		122438.96177
222		138002.0		151267.29329		124736.70671
223		140002.0		154143.42871		125860.57129
224		142002.0		158001.75019		126002.24981
225		144002.0		162549.34499		125454.65501
226		144002.0		162549.34499		125454.65501
227		146002.0		162250.56935		129753.43065
228		146002.0		162250.56935		129753.43065
229		150002.0		166735.20071		133268.79929
230		152002.0		168001.75019		136002.24981
231		154002.0		172549.34499		135454.65501
232		156002.0		177543.03076		134460.96924
233		158002.0		178398.27432		137605.72568
234		162002.0		181392.5133		142611.4867
235		162002.0		181392.5133		142611.4867
236		162002.0		181392.5133		142611.4867
237		162002.0		181392.5133		142611.4867
238		162002.0		181392.5133		142611.4867
239		164002.0		184592.87191		143411.12809
240		164002.0		184592.87191		143411.12809
241		164002.0		184592.87191		143411.12809
242		164002.0		184592.87191		143411.12809
243		164002.0		184592.87191		143411.12809
244		164002.0		184592.87191		143411.12809
245		166002.0		186592.67765		145411.32235
246		166002.0		186592.67765		145411.32235
247		168002.0		191153.41477		144850.58523
248		168002.0		191153.41477		144850.58523
249		168002.0		191153.41477		144850.58523
250		168002.0		191153.41477		144850.58523
