episode	mediator-random_reward_mean	mediator-random_reward_std_up	mediator-random_reward_std_down
1		0.0		0.0		0.0
2		2000.0		6000.0		-2000.0
3		2000.0		6000.0		-2000.0
4		2000.0		6000.0		-2000.0
5		2000.0		6000.0		-2000.0
6		2000.0		6000.0		-2000.0
7		4000.0		8898.97949		-898.97949
8		4000.0		8898.97949		-898.97949
9		4000.0		8898.97949		-898.97949
10		6000.0		10898.97949		1101.02051
11		8000.0		15483.31477		516.68523
12		12000.0		19483.31477		4516.68523
13		14000.0		22000.0		6000.0
14		18000.0		27797.95897		8202.04103
15		18000.0		27797.95897		8202.04103
16		20000.0		26324.55532		13675.44468
17		22000.0		29483.31477		14516.68523
18		22000.0		29483.31477		14516.68523
19		22000.0		29483.31477		14516.68523
20		22000.0		29483.31477		14516.68523
21		22000.0		29483.31477		14516.68523
22		24000.0		34198.03903		13801.96097
23		26000.0		39564.65997		12435.34003
24		26000.0		39564.65997		12435.34003
25		26000.0		39564.65997		12435.34003
26		28000.0		42696.93846		13303.06154
27		32000.0		46696.93846		17303.06154
28		32000.0		46696.93846		17303.06154
29		32000.0		46696.93846		17303.06154
30		34000.0		51435.59577		16564.40423
31		36000.0		56591.26028		15408.73972
32		36000.0		56591.26028		15408.73972
33		38000.0		57390.71943		18609.28057
34		38000.0		57390.71943		18609.28057
35		38000.0		57390.71943		18609.28057
36		40000.0		58973.66596		21026.33404
37		40000.0		58973.66596		21026.33404
38		42000.0		64271.05745		19728.94255
39		44000.0		64591.26028		23408.73972
40		46000.0		65595.91794		26404.08206
41		46000.0		65595.91794		26404.08206
42		46000.0		65595.91794		26404.08206
43		46000.0		65595.91794		26404.08206
44		46000.0		65595.91794		26404.08206
45		46000.0		65595.91794		26404.08206
46		46000.0		65595.91794		26404.08206
47		46000.0		65595.91794		26404.08206
48		46000.0		65595.91794		26404.08206
49		46000.0		65595.91794		26404.08206
50		46000.0		65595.91794		26404.08206
51		46000.0		65595.91794		26404.08206
52		48000.0		67390.71943		28609.28057
53		50000.0		70000.0		30000.0
54		52000.0		73354.1565		30645.8435
55		54000.0		77323.80758		30676.19242
56		54000.0		77323.80758		30676.19242
57		54000.0		77323.80758		30676.19242
58		54000.0		77323.80758		30676.19242
59		56000.0		76591.26028		35408.73972
60		56000.0		76591.26028		35408.73972
61		56000.0		76591.26028		35408.73972
62		56000.0		76591.26028		35408.73972
63		56000.0		76591.26028		35408.73972
64		56000.0		76591.26028		35408.73972
65		58000.0		81151.67381		34848.32619
66		58000.0		81151.67381		34848.32619
67		58000.0		81151.67381		34848.32619
68		58000.0		81151.67381		34848.32619
69		58000.0		81151.67381		34848.32619
70		60000.0		82803.5085		37196.4915
71		60000.0		82803.5085		37196.4915
72		60000.0		82803.5085		37196.4915
73		60000.0		82803.5085		37196.4915
74		60000.0		82803.5085		37196.4915
75		60000.0		82803.5085		37196.4915
76		60000.0		82803.5085		37196.4915
77		60000.0		82803.5085		37196.4915
78		60000.0		82803.5085		37196.4915
79		60000.0		82803.5085		37196.4915
80		62000.0		83354.1565		40645.8435
81		62000.0		83354.1565		40645.8435
82		62000.0		83354.1565		40645.8435
83		62000.0		83354.1565		40645.8435
84		64000.0		87323.80758		40676.19242
85		64000.0		87323.80758		40676.19242
86		64000.0		87323.80758		40676.19242
87		64000.0		87323.80758		40676.19242
88		66000.0		86591.26028		45408.73972
89		66000.0		86591.26028		45408.73972
90		66000.0		86591.26028		45408.73972
91		68000.0		87390.71943		48609.28057
92		68000.0		87390.71943		48609.28057
93		70000.0		88973.66596		51026.33404
94		70000.0		88973.66596		51026.33404
95		70000.0		88973.66596		51026.33404
96		70000.0		88973.66596		51026.33404
97		70000.0		88973.66596		51026.33404
98		72000.0		91390.71943		52609.28057
99		74000.0		92547.23699		55452.76301
100		76000.0		96591.26028		55408.73972
101		78000.0		99354.1565		56645.8435
102		80000.0		102803.5085		57196.4915
103		80000.0		102803.5085		57196.4915
104		80000.0		102803.5085		57196.4915
105		82000.0		101390.71943		62609.28057
106		86000.0		104547.23699		67452.76301
107		88000.0		109354.1565		66645.8435
108		88000.0		109354.1565		66645.8435
109		88000.0		109354.1565		66645.8435
110		88000.0		109354.1565		66645.8435
111		88000.0		109354.1565		66645.8435
112		88000.0		109354.1565		66645.8435
113		88000.0		109354.1565		66645.8435
114		88000.0		109354.1565		66645.8435
115		88000.0		109354.1565		66645.8435
116		90000.0		108973.66596		71026.33404
117		92000.0		109204.65053		74795.34947
118		94000.0		111435.59577		76564.40423
119		94000.0		111435.59577		76564.40423
120		96000.0		112248.07681		79751.92319
121		96000.0		112248.07681		79751.92319
122		96000.0		112248.07681		79751.92319
123		96000.0		112248.07681		79751.92319
124		96000.0		112248.07681		79751.92319
125		98000.0		117390.71943		78609.28057
126		100000.0		120000.0		80000.0
127		100000.0		120000.0		80000.0
128		100000.0		120000.0		80000.0
129		100000.0		120000.0		80000.0
130		100000.0		120000.0		80000.0
131		100000.0		120000.0		80000.0
132		100000.0		120000.0		80000.0
133		102000.0		122396.07805		81603.92195
134		102000.0		122396.07805		81603.92195
135		102000.0		122396.07805		81603.92195
136		104000.0		125540.65923		82459.34077
137		106000.0		129323.80758		82676.19242
138		106000.0		129323.80758		82676.19242
139		106000.0		129323.80758		82676.19242
140		108000.0		130271.05745		85728.94255
141		108000.0		130271.05745		85728.94255
142		108000.0		130271.05745		85728.94255
143		110000.0		131908.9023		88091.0977
144		112000.0		134271.05745		89728.94255
145		112000.0		134271.05745		89728.94255
146		112000.0		134271.05745		89728.94255
147		112000.0		134271.05745		89728.94255
148		114000.0		132547.23699		95452.76301
149		114000.0		132547.23699		95452.76301
150		114000.0		132547.23699		95452.76301
151		114000.0		132547.23699		95452.76301
152		114000.0		132547.23699		95452.76301
153		114000.0		132547.23699		95452.76301
154		114000.0		132547.23699		95452.76301
155		116000.0		136591.26028		95408.73972
156		118000.0		141151.67381		94848.32619
157		118000.0		141151.67381		94848.32619
158		118000.0		141151.67381		94848.32619
159		118000.0		141151.67381		94848.32619
160		118000.0		141151.67381		94848.32619
161		118000.0		141151.67381		94848.32619
162		118000.0		141151.67381		94848.32619
163		120000.0		143664.31913		96335.68087
164		120000.0		143664.31913		96335.68087
165		122000.0		148381.81192		95618.18808
166		122000.0		148381.81192		95618.18808
167		122000.0		148381.81192		95618.18808
168		122000.0		148381.81192		95618.18808
169		122000.0		148381.81192		95618.18808
170		122000.0		148381.81192		95618.18808
171		122000.0		148381.81192		95618.18808
172		124000.0		147323.80758		100676.19242
173		124000.0		147323.80758		100676.19242
174		124000.0		147323.80758		100676.19242
175		124000.0		147323.80758		100676.19242
176		126000.0		146591.26028		105408.73972
177		126000.0		146591.26028		105408.73972
178		126000.0		146591.26028		105408.73972
179		126000.0		146591.26028		105408.73972
180		126000.0		146591.26028		105408.73972
181		130000.0		152803.5085		107196.4915
182		132000.0		158381.81192		105618.18808
183		132000.0		158381.81192		105618.18808
184		134000.0		160532.99832		107467.00168
185		134000.0		160532.99832		107467.00168
186		136000.0		160166.09195		111833.90805
187		136000.0		160166.09195		111833.90805
188		138000.0		161151.67381		114848.32619
189		138000.0		161151.67381		114848.32619
190		138000.0		161151.67381		114848.32619
191		140000.0		163664.31913		116335.68087
192		142000.0		166819.34729		117180.65271
193		146000.0		169323.80758		122676.19242
194		150000.0		170000.0		130000.0
195		150000.0		170000.0		130000.0
196		150000.0		170000.0		130000.0
197		152000.0		169204.65053		134795.34947
198		152000.0		169204.65053		134795.34947
199		152000.0		169204.65053		134795.34947
200		152000.0		169204.65053		134795.34947
201		156000.0		175595.91794		136404.08206
202		156000.0		175595.91794		136404.08206
203		156000.0		175595.91794		136404.08206
204		156000.0		175595.91794		136404.08206
205		158000.0		177390.71943		138609.28057
206		162000.0		185151.67381		138848.32619
207		166000.0		193276.36339		138723.63661
208		168000.0		196565.71371		139434.28629
209		168000.0		196565.71371		139434.28629
210		168000.0		196565.71371		139434.28629
211		168000.0		196565.71371		139434.28629
212		168000.0		196565.71371		139434.28629
213		170000.0		198284.27125		141715.72875
214		170000.0		198284.27125		141715.72875
215		174000.0		206619.01286		141380.98714
216		174000.0		206619.01286		141380.98714
217		174000.0		206619.01286		141380.98714
218		174000.0		206619.01286		141380.98714
219		176000.0		208619.01286		143380.98714
220		178000.0		211105.89071		144894.10929
221		180000.0		214058.77273		145941.22727
222		180000.0		214058.77273		145941.22727
223		180000.0		214058.77273		145941.22727
224		180000.0		214058.77273		145941.22727
225		182000.0		217440.09029		146559.90971
226		184000.0		221202.15048		146797.84952
227		184000.0		221202.15048		146797.84952
228		186000.0		220409.30107		151590.69893
229		188000.0		224551.33376		151448.66624
230		188000.0		224551.33376		151448.66624
231		188000.0		224551.33376		151448.66624
232		190000.0		228470.76812		151529.23188
233		190000.0		228470.76812		151529.23188
234		192000.0		231191.83588		152808.16412
235		192000.0		231191.83588		152808.16412
236		192000.0		231191.83588		152808.16412
237		192000.0		231191.83588		152808.16412
238		192000.0		231191.83588		152808.16412
239		192000.0		231191.83588		152808.16412
240		192000.0		231191.83588		152808.16412
241		192000.0		231191.83588		152808.16412
242		192000.0		231191.83588		152808.16412
243		194000.0		235279.53488		152720.46512
244		194000.0		235279.53488		152720.46512
245		194000.0		235279.53488		152720.46512
246		194000.0		235279.53488		152720.46512
247		194000.0		235279.53488		152720.46512
248		194000.0		235279.53488		152720.46512
249		194000.0		235279.53488		152720.46512
250		196000.0		239174.06629		152825.93371
251		198000.0		243343.1362		152656.8638
252		200000.0		247749.34555		152250.65445
253		200000.0		247749.34555		152250.65445
254		200000.0		247749.34555		152250.65445
255		202000.0		252358.71325		151641.28675
256		202000.0		252358.71325		151641.28675
257		202000.0		252358.71325		151641.28675
258		206000.0		254414.87375		157585.12625
259		206000.0		254414.87375		157585.12625
260		206000.0		254414.87375		157585.12625
261		206000.0		254414.87375		157585.12625
262		208000.0		259146.84741		156853.15259
263		210000.0		264037.02434		155962.97566
264		210000.0		264037.02434		155962.97566
265		212000.0		266552.72679		157447.27321
266		212000.0		266552.72679		157447.27321
267		214000.0		271480.43145		156519.56855
268		214000.0		271480.43145		156519.56855
269		214000.0		271480.43145		156519.56855
270		214000.0		271480.43145		156519.56855
271		214000.0		271480.43145		156519.56855
272		216000.0		271353.41001		160646.58999
273		218000.0		271065.99665		164934.00335
274		218000.0		271065.99665		164934.00335
275		218000.0		271065.99665		164934.00335
276		218000.0		271065.99665		164934.00335
277		220000.0		273665.63146		166334.36854
278		220000.0		273665.63146		166334.36854
279		220000.0		273665.63146		166334.36854
280		220000.0		273665.63146		166334.36854
281		220000.0		273665.63146		166334.36854
282		220000.0		273665.63146		166334.36854
283		220000.0		273665.63146		166334.36854
284		220000.0		273665.63146		166334.36854
285		220000.0		273665.63146		166334.36854
286		220000.0		273665.63146		166334.36854
287		222000.0		278709.78752		165290.21248
288		224000.0		283866.51819		164133.48181
289		226000.0		286530.9838		165469.0162
290		228000.0		289449.16598		166550.83402
291		230000.0		292609.90337		167390.09663
292		230000.0		292609.90337		167390.09663
293		232000.0		297543.87843		166456.12157
294		232000.0		297543.87843		166456.12157
295		232000.0		297543.87843		166456.12157
296		234000.0		297435.00611		170564.99389
297		234000.0		297435.00611		170564.99389
298		234000.0		297435.00611		170564.99389
299		234000.0		297435.00611		170564.99389
300		234000.0		297435.00611		170564.99389
301		236000.0		302513.15659		169486.84341
302		238000.0		307685.00556		168314.99444
303		238000.0		307685.00556		168314.99444
304		238000.0		307685.00556		168314.99444
305		240000.0		307823.29983		172176.70017
306		242000.0		310818.60214		173181.39786
307		242000.0		310818.60214		173181.39786
308		242000.0		310818.60214		173181.39786
309		244000.0		316000.0		172000.0
310		244000.0		316000.0		172000.0
311		244000.0		316000.0		172000.0
312		244000.0		316000.0		172000.0
313		246000.0		315742.3831		176257.6169
314		246000.0		315742.3831		176257.6169
315		246000.0		315742.3831		176257.6169
316		248000.0		315646.1381		180353.8619
317		250000.0		315726.7069		184273.2931
318		250000.0		315726.7069		184273.2931
319		250000.0		315726.7069		184273.2931
320		250000.0		315726.7069		184273.2931
321		252000.0		315686.73331		188313.26669
322		254000.0		321111.84694		186888.15306
323		254000.0		321111.84694		186888.15306
324		254000.0		321111.84694		186888.15306
325		256000.0		321299.31087		190700.68913
326		258000.0		326818.60214		189181.39786
327		258000.0		326818.60214		189181.39786
328		258000.0		326818.60214		189181.39786
329		258000.0		326818.60214		189181.39786
330		258000.0		326818.60214		189181.39786
331		258000.0		326818.60214		189181.39786
332		258000.0		326818.60214		189181.39786
333		258000.0		326818.60214		189181.39786
334		260000.0		326932.80212		193067.19788
335		260000.0		326932.80212		193067.19788
336		260000.0		326932.80212		193067.19788
337		260000.0		326932.80212		193067.19788
338		260000.0		326932.80212		193067.19788
339		260000.0		326932.80212		193067.19788
340		260000.0		326932.80212		193067.19788
341		262000.0		328452.9909		195547.0091
342		264000.0		330211.78143		197788.21857
343		264000.0		330211.78143		197788.21857
344		264000.0		330211.78143		197788.21857
345		264000.0		330211.78143		197788.21857
346		266000.0		330373.90776		201626.09224
347		266000.0		330373.90776		201626.09224
348		266000.0		330373.90776		201626.09224
349		266000.0		330373.90776		201626.09224
350		266000.0		330373.90776		201626.09224
351		266000.0		330373.90776		201626.09224
352		266000.0		330373.90776		201626.09224
353		266000.0		330373.90776		201626.09224
354		266000.0		330373.90776		201626.09224
355		268000.0		332930.73232		203069.26768
356		270000.0		333245.5532		206754.4468
357		270000.0		333245.5532		206754.4468
358		272000.0		336000.0		208000.0
359		274000.0		338992.30724		209007.69276
360		276000.0		338801.27387		213198.72613
361		280000.0		340332.41252		219667.58748
362		284000.0		342172.15829		225827.84171
363		284000.0		342172.15829		225827.84171
364		284000.0		342172.15829		225827.84171
365		286000.0		342426.94392		229573.05608
366		288000.0		342184.86874		233815.13126
367		290000.0		342153.61924		237846.38076
368		290000.0		342153.61924		237846.38076
369		290000.0		342153.61924		237846.38076
370		290000.0		342153.61924		237846.38076
371		290000.0		342153.61924		237846.38076
372		290000.0		342153.61924		237846.38076
373		290000.0		342153.61924		237846.38076
374		292000.0		342358.71325		241641.28675
375		292000.0		342358.71325		241641.28675
376		292000.0		342358.71325		241641.28675
377		292000.0		342358.71325		241641.28675
378		294000.0		342414.87375		245585.12625
379		296000.0		345234.1345		246765.8655
380		298000.0		348358.71325		247641.28675
381		300000.0		351768.71642		248231.28358
382		302000.0		355441.55686		248558.44314
383		302000.0		355441.55686		248558.44314
384		302000.0		355441.55686		248558.44314
385		304000.0		360426.94392		247573.05608
386		306000.0		365531.50426		246468.49574
387		308000.0		370737.54857		245262.45143
388		310000.0		376030.29608		243969.70392
389		310000.0		376030.29608		243969.70392
390		310000.0		376030.29608		243969.70392
391		310000.0		376030.29608		243969.70392
392		310000.0		376030.29608		243969.70392
393		310000.0		376030.29608		243969.70392
394		310000.0		376030.29608		243969.70392
395		310000.0		376030.29608		243969.70392
396		310000.0		376030.29608		243969.70392
397		312000.0		376311.74076		247688.25924
398		312000.0		376311.74076		247688.25924
399		312000.0		376311.74076		247688.25924
400		312000.0		376311.74076		247688.25924
401		312000.0		376311.74076		247688.25924
402		312000.0		376311.74076		247688.25924
403		312000.0		376311.74076		247688.25924
404		312000.0		376311.74076		247688.25924
405		312000.0		376311.74076		247688.25924
406		312000.0		376311.74076		247688.25924
407		314000.0		376801.27387		251198.72613
408		314000.0		376801.27387		251198.72613
409		316000.0		380062.46951		251937.53049
410		318000.0		383543.87843		252456.12157
411		318000.0		383543.87843		252456.12157
412		318000.0		383543.87843		252456.12157
413		318000.0		383543.87843		252456.12157
414		320000.0		384498.06199		255501.93801
415		320000.0		384498.06199		255501.93801
416		322000.0		385055.53108		258944.46892
417		324000.0		385838.49933		262161.50067
418		324000.0		385838.49933		262161.50067
419		324000.0		385838.49933		262161.50067
420		324000.0		385838.49933		262161.50067
421		328000.0		386446.55678		269553.44322
422		332000.0		387281.09984		276718.90016
423		332000.0		387281.09984		276718.90016
424		332000.0		387281.09984		276718.90016
425		332000.0		387281.09984		276718.90016
426		332000.0		387281.09984		276718.90016
427		332000.0		387281.09984		276718.90016
428		332000.0		387281.09984		276718.90016
429		332000.0		387281.09984		276718.90016
430		332000.0		387281.09984		276718.90016
431		334000.0		387888.77434		280111.22566
432		336000.0		388763.62383		283236.37617
433		338000.0		394000.0		282000.0
434		340000.0		399329.5879		280670.4121
435		342000.0		402464.86583		281535.13417
436		344000.0		405838.49933		282161.50067
437		344000.0		405838.49933		282161.50067
438		344000.0		405838.49933		282161.50067
439		344000.0		405838.49933		282161.50067
440		346000.0		406860.49622		285139.50378
441		348000.0		408133.18551		287866.81449
442		348000.0		408133.18551		287866.81449
443		348000.0		408133.18551		287866.81449
444		348000.0		408133.18551		287866.81449
445		348000.0		408133.18551		287866.81449
446		350000.0		409665.73556		290334.26444
447		350000.0		409665.73556		290334.26444
448		350000.0		409665.73556		290334.26444
449		350000.0		409665.73556		290334.26444
450		350000.0		409665.73556		290334.26444
451		350000.0		409665.73556		290334.26444
452		350000.0		409665.73556		290334.26444
453		350000.0		409665.73556		290334.26444
454		350000.0		409665.73556		290334.26444
455		352000.0		410446.55678		293553.44322
456		354000.0		415514.226		292485.774
457		354000.0		415514.226		292485.774
458		356000.0		416530.9838		295469.0162
459		356000.0		416530.9838		295469.0162
460		356000.0		416530.9838		295469.0162
461		356000.0		416530.9838		295469.0162
462		358000.0		421686.73331		294313.26669
463		360000.0		424807.40698		295192.59302
464		360000.0		424807.40698		295192.59302
465		360000.0		424807.40698		295192.59302
466		362000.0		426000.0		298000.0
467		362000.0		426000.0		298000.0
468		362000.0		426000.0		298000.0
469		364000.0		427435.00611		300564.99389
470		366000.0		429118.93535		302881.06465
471		368000.0		431055.53108		304944.46892
472		368000.0		431055.53108		304944.46892
473		368000.0		431055.53108		304944.46892
474		368000.0		431055.53108		304944.46892
475		370000.0		436030.29608		303969.70392
476		372000.0		441108.61017		302891.38983
477		374000.0		444028.5656		303971.4344
478		376000.0		443111.84694		308888.15306
479		376000.0		443111.84694		308888.15306
480		376000.0		443111.84694		308888.15306
481		376000.0		443111.84694		308888.15306
482		376000.0		443111.84694		308888.15306
483		376000.0		443111.84694		308888.15306
484		376000.0		443111.84694		308888.15306
485		376000.0		443111.84694		308888.15306
486		376000.0		443111.84694		308888.15306
487		376000.0		443111.84694		308888.15306
488		378000.0		446234.88844		309765.11156
489		378000.0		446234.88844		309765.11156
490		378000.0		446234.88844		309765.11156
491		378000.0		446234.88844		309765.11156
492		378000.0		446234.88844		309765.11156
493		378000.0		446234.88844		309765.11156
494		378000.0		446234.88844		309765.11156
495		380000.0		451274.11872		308725.88128
496		380000.0		451274.11872		308725.88128
497		380000.0		451274.11872		308725.88128
498		380000.0		451274.11872		308725.88128
499		380000.0		451274.11872		308725.88128
500		380000.0		451274.11872		308725.88128
