step	mediator-random_cum_inst_loss_mean	mediator-random_cum_inst_loss_std_up	mediator-random_cum_inst_loss_std_down
1		-2414.97234		9984.98763		-14814.93232
2		-2780.8947		20595.20315		-26156.99254
3		-1359.58034		33932.81034		-36651.97102
4		-713.68104		47692.86446		-49120.22654
5		-122.64165		62469.09647		-62714.37977
6		618.79504		78392.33477		-77154.74469
7		186.02137		93802.35853		-93430.31578
8		269.2817		111059.89847		-110521.33507
9		-878.33388		127782.61015		-129539.2779
10		-727.59599		146341.18137		-147796.37335
11		-787.61369		164532.91121		-166108.13859
12		160.13081		180153.81802		-179833.5564
13		4929.80044		197122.28309		-187262.68222
14		10002.46657		210369.9774		-190365.04426
15		17180.00624		222227.92801		-187867.91553
16		22611.34653		233664.03078		-188441.33772
17		26859.62827		245113.07656		-191393.82001
18		32025.36963		257222.76099		-193172.02174
19		36922.38179		267943.35144		-194098.58785
20		41102.19631		279847.97362		-197643.581
21		44983.19732		291906.85006		-201940.45541
22		48879.39011		306150.07507		-208391.29485
23		52318.91088		319098.61664		-214460.79488
24		56799.13668		332781.47035		-219183.19699
25		60390.60274		347595.04939		-226813.84391
26		62528.96349		360922.69354		-235864.76657
27		64696.44325		375359.81676		-245966.93025
28		66112.45239		387841.84825		-255616.94346
29		66429.78919		401258.4401		-268398.86173
30		66709.89134		415773.11201		-282353.32933
31		66707.92847		429136.4888		-295720.63185
32		69263.29884		442333.19414		-303806.59647
33		73049.29614		452952.84754		-306854.25525
34		76157.85846		464866.67231		-312550.95538
35		78465.64548		476037.93591		-319106.64495
36		82078.46256		488319.88541		-324162.96028
37		88034.88231		499903.75076		-323833.98614
38		93344.35134		512364.12676		-325675.42408
39		97141.91217		524625.9342		-330342.10986
40		100059.40534		536332.37175		-336213.56108
41		104065.69447		548915.51882		-340784.12988
42		109625.48141		562949.50426		-343698.54144
43		115156.28644		572450.13223		-342137.55936
44		120359.58485		583757.58945		-343038.41974
45		124568.44863		593911.31788		-344774.42061
46		128541.05356		602502.84885		-345420.74173
47		131157.04185		611251.0438		-348936.96009
48		132847.87646		619346.65746		-353650.90453
49		135613.14667		627965.41743		-356739.12409
50		140038.14851		634552.38213		-354476.08511
51		143978.34378		642615.80044		-354659.11288
52		148191.20124		649950.84098		-353568.43851
53		152007.18643		658990.25648		-354975.88362
54		154755.7205		666742.42128		-357230.98028
55		156541.44541		673726.48452		-360643.59371
56		158062.40133		680771.70173		-364646.89907
57		159547.66978		689858.49709		-370763.15754
58		160195.09999		697955.64361		-377565.44362
59		163255.89829		708499.16328		-381987.3667
60		165627.96774		718836.80254		-387580.86706
61		167518.45092		729172.34217		-394135.44032
62		170201.38287		739710.02607		-399307.26033
63		173806.27353		747377.27204		-399764.72498
64		176960.26899		756739.98791		-402819.44993
65		179639.63792		764173.64251		-404894.36667
66		181692.77063		772847.01272		-409461.47147
67		183220.00137		781388.25708		-414948.25435
68		184320.28043		791468.81808		-422828.25722
69		184188.15179		800234.62006		-431858.31647
70		184218.95717		810221.99793		-441784.08358
71		182827.7727		818674.34489		-453018.79949
72		181929.6883		827359.09462		-463499.71802
73		183071.13445		839967.69605		-473825.42714
74		185675.56978		854713.70544		-483362.56588
75		186415.34887		869105.34526		-496274.64753
76		187209.79295		884806.48108		-510386.89517
77		187377.89405		898897.45376		-524141.66567
78		188991.94988		911108.37362		-533124.47385
79		191081.94036		919671.37427		-537507.49356
80		194774.09675		926380.0792		-536831.8857
81		197920.85108		934348.87864		-538507.17649
82		200626.79202		942189.8535		-540936.26946
83		202868.71887		949897.06518		-544159.62743
84		205921.59152		957770.7968		-545927.61375
85		207684.00095		965863.56958		-550495.56768
86		210204.58886		974108.22583		-553699.04811
87		211505.79835		982695.50126		-559683.90456
88		211684.27522		991943.46366		-568574.91322
89		211754.58081		1000157.3488		-576648.18718
90		214565.0757		1011128.97033		-581998.81893
91		217069.767		1017281.12931		-583141.5953
92		218415.96703		1023878.30454		-587046.37048
93		219876.2785		1031099.58938		-591347.03238
94		220123.13133		1037295.81889		-597049.55623
95		219358.07543		1042542.51968		-603826.36883
96		219036.50587		1049123.51515		-611050.50341
97		217407.69447		1054644.26224		-619828.87329
98		215213.35347		1061380.98478		-630954.27783
99		212163.79476		1066394.95681		-642067.3673
100		209646.6826		1072916.99285		-653623.62766
101		205022.88862		1077375.95777		-667330.18052
102		201371.74821		1082627.07532		-679883.5789
103		200513.55724		1087301.84413		-686274.72965
104		201040.64094		1089744.48883		-687663.20695
105		199621.26366		1091475.78697		-692233.25965
106		198693.50261		1093031.04362		-695644.0384
107		199803.71019		1093162.764		-693555.34362
108		202375.26281		1097829.88504		-693079.35943
109		204789.25954		1103787.53436		-694209.01529
110		206717.21199		1109603.53667		-696169.11269
111		207483.84804		1113992.37495		-699024.67886
112		209407.74471		1119126.48506		-700310.99565
113		212996.63576		1128253.10094		-702259.82942
114		215449.90442		1136479.81108		-705580.00223
115		216741.97536		1143381.17333		-709897.22261
116		218668.37033		1150371.33707		-713034.59641
117		222782.95267		1160794.85648		-715228.95114
118		225112.36019		1169321.94776		-719097.22737
119		227580.09737		1177089.76364		-721929.5689
120		228859.86876		1185377.25837		-727657.52085
121		230999.04599		1194204.98724		-732206.89525
122		233347.67817		1198801.52217		-732106.16582
123		235179.29629		1204835.84227		-734477.24969
124		238571.95222		1213985.74873		-736841.84429
125		241502.54271		1222915.86185		-739910.77644
126		243946.7485		1230118.97467		-742225.47766
127		248633.92442		1236053.67141		-738785.82256
128		252243.28243		1242465.44698		-737978.88212
129		257088.77455		1251434.1866		-737256.63751
130		261339.46908		1259821.42995		-737142.49178
131		265730.51384		1268803.77864		-737342.75096
132		269718.70463		1277677.45041		-738240.04115
133		273932.52946		1287306.7189		-739441.65999
134		277050.28785		1295947.40313		-741846.82744
135		279824.80656		1304827.79601		-745178.1829
136		282104.72627		1313450.32955		-749240.87701
137		285969.27863		1324963.25871		-753024.70144
138		288873.54071		1334047.63384		-756300.55242
139		293422.8251		1341062.7186		-754217.06839
140		297994.88092		1350175.01119		-754185.24934
141		302823.30052		1360257.92283		-754611.3218
142		307887.38246		1369367.88845		-753593.12353
143		316203.10976		1378179.8323		-745773.61278
144		325737.25869		1383971.29962		-732496.78224
145		334482.88781		1390376.13998		-721410.36436
146		343209.01052		1398025.0312		-711607.01016
147		351781.30611		1405583.27693		-702020.6647
148		360065.04907		1412515.23569		-692385.13755
149		368828.03731		1420137.92725		-682481.85263
150		376761.91834		1426555.39721		-673031.56053
151		384506.94002		1432695.79157		-663681.91152
152		391656.73028		1437786.22619		-654472.76564
153		398993.69023		1441943.86543		-643956.48497
154		406633.43544		1446649.21099		-633382.34012
155		415467.32196		1451582.12437		-620647.48044
156		422108.06258		1454852.38995		-610636.26478
157		430022.48746		1458485.119		-598440.14408
158		436135.86732		1461005.15996		-588733.42532
159		442195.79395		1463419.24246		-579027.65455
160		447956.06254		1463890.23464		-567978.10957
161		453169.67963		1465140.48857		-558801.12931
162		458051.26564		1467156.88437		-551054.3531
163		463233.03609		1469570.78816		-543104.71599
164		468046.90509		1471658.27647		-535564.46629
165		472996.57083		1472494.57324		-526501.43158
166		477538.58955		1471218.9402		-516141.76111
167		482301.19698		1471940.72065		-507338.32668
168		485962.42718		1470982.14061		-499057.28626
169		487975.44585		1467585.20455		-491634.31285
170		490137.67188		1464353.50237		-484078.15861
171		492004.29564		1459138.60409		-475130.0128
172		495421.63043		1457673.22139		-466829.96053
173		497485.11609		1454568.02592		-459597.79373
174		500350.15626		1452635.83004		-451935.51752
175		504146.74033		1453113.88648		-444820.40582
176		510907.16365		1457653.82164		-435839.49434
177		518120.26623		1463344.20308		-427103.67063
178		528477.02501		1473871.38364		-416917.33361
179		536720.79032		1481384.45732		-407942.87667
180		545441.69791		1489763.70126		-398880.30544
181		553854.34532		1496372.51824		-388663.8276
182		564024.87563		1505605.91727		-377556.16601
183		572045.08248		1511788.79536		-367698.6304
184		582452.2085		1519949.68639		-355045.26939
185		590037.57959		1525674.34431		-345599.18514
186		596865.16363		1531663.54187		-337933.21461
187		603445.66621		1536026.74975		-329135.41734
188		609766.0838		1540128.98921		-320596.82161
189		616462.41892		1543338.64453		-310413.8067
190		622220.88297		1546942.03251		-302500.26657
191		627802.63559		1551459.02351		-295853.75232
192		635274.9465		1559145.89538		-288596.00237
193		641998.8977		1566053.53038		-282055.73498
194		648683.84733		1573544.06947		-276176.37482
195		656701.3788		1582111.22605		-268708.46846
196		663701.96606		1590012.88922		-262608.9571
197		669711.81066		1596114.06122		-256690.4399
198		675861.07317		1602769.71864		-251047.5723
199		681415.79637		1608513.51746		-245681.92472
200		686785.13636		1614040.73777		-240470.46505
201		691959.35439		1619325.89286		-235407.18408
202		696928.20261		1624356.69067		-230500.28544
203		701679.84527		1629121.31232		-225761.62179
204		706853.61726		1634292.75749		-220585.52296
205		711138.21163		1638481.5103		-216205.08703
206		714647.78115		1641809.57778		-212514.01547
207		718938.00108		1646223.96091		-208347.95874
208		723274.31373		1650822.49474		-204273.86728
209		727316.91101		1654672.12515		-200038.30313
210		733155.69421		1660352.09597		-194040.70754
211		738130.38534		1665073.2535		-188812.48281
212		743529.16775		1670196.54899		-183138.21349
213		748476.66122		1675020.94279		-178067.62035
214		752525.18226		1678468.00747		-173417.64294
215		756524.97271		1681934.35941		-168884.41398
216		760048.96509		1684750.16611		-164652.23593
217		763932.04548		1687922.64372		-160058.55275
218		766538.1628		1689471.89518		-156395.56957
219		768301.52655		1690049.02982		-153445.97672
220		770570.79359		1691566.72101		-150425.13383
221		772069.95044		1692179.75567		-148039.85478
222		774676.016		1694500.34405		-145148.31205
223		778581.00143		1698860.06345		-141698.06058
224		781122.87648		1701392.05238		-139146.29942
225		783448.29368		1703469.56411		-136572.97675
226		785758.09032		1705682.84814		-134166.66749
227		788241.3841		1708062.41942		-131579.65122
228		791010.87215		1710740.1461		-128718.4018
229		792751.17776		1712229.21733		-126726.8618
230		793576.97834		1712652.32275		-125498.36607
231		793988.61342		1712393.79614		-124416.5693
232		794365.44257		1712313.7661		-123582.88096
233		793894.18835		1711125.12488		-123336.74817
234		792953.70141		1709400.27378		-123492.87097
235		791525.27633		1707118.93506		-124068.38241
236		789590.21268		1704133.46624		-124953.04088
237		787531.31205		1700856.02246		-125793.39837
238		785024.91988		1697321.46857		-127271.6288
239		782297.55599		1693729.37029		-129134.25831
240		778970.11824		1689424.88226		-131484.64579
241		776141.84859		1686105.623		-133821.92582
242		775405.664		1685957.38432		-135146.05632
243		775559.61881		1686725.27441		-135606.03679
244		774589.18124		1685998.54174		-136820.17926
245		774385.97606		1686180.34188		-137408.38976
246		775115.15098		1687222.81797		-136992.51601
247		774754.81075		1686898.04629		-137388.42479
248		773901.42575		1685887.87457		-138085.02306
249		773114.42575		1684838.83801		-138609.98651
250		771714.42575		1683017.65704		-139588.80554
