step	mediator-random_cum_inst_loss_mean	mediator-random_cum_inst_loss_std_up	mediator-random_cum_inst_loss_std_down
1		48.71447		5289.66639		-5192.23746
2		4064.95839		15281.47078		-7151.55399
3		8207.2529		26221.3946		-9806.88881
4		11408.57968		36372.63344		-13555.47409
5		15050.91788		47339.33921		-17237.50345
6		17024.35117		57518.03466		-23469.33232
7		20134.67909		69090.22263		-28820.86446
8		21432.5461		78746.20634		-35881.11413
9		24304.61252		89929.86224		-41320.63721
10		26085.10861		100742.18141		-48571.96419
11		28313.29734		111268.42237		-54641.82769
12		30561.25023		122107.14056		-60984.64009
13		34251.38557		130515.24733		-62012.4762
14		36704.65368		140223.89962		-66814.59225
15		38539.8414		149184.09967		-72104.41687
16		39724.41817		157457.86446		-78009.02812
17		41806.34299		165055.69401		-81443.00804
18		43509.39445		172294.36678		-85275.57788
19		46025.81272		176916.79995		-84865.17451
20		49559.23019		179899.17701		-80780.71662
21		52377.27914		184006.33033		-79251.77205
22		55208.76154		188500.18719		-78082.66412
23		58803.17504		195904.20734		-78297.85726
24		60010.46055		200236.54246		-80215.62137
25		61922.72267		205983.45456		-82138.00922
26		62432.97505		211520.12786		-86654.17776
27		64107.05004		217489.67169		-89275.57161
28		64438.14936		222814.85413		-93938.55541
29		66794.4292		227876.72989		-94287.8715
30		70075.5314		232659.68897		-92508.62618
31		71999.13852		237170.45558		-93172.17854
32		74087.3028		243379.58418		-95204.97858
33		75404.87664		247897.60587		-97087.85259
34		77626.79836		251137.12396		-95883.52723
35		81351.25628		254035.73416		-91333.22161
36		87307.02207		256507.30673		-81893.26259
37		92822.38475		260221.48162		-74576.71213
38		97224.47435		261753.5044		-67304.55569
39		101011.95332		263952.90693		-61929.0003
40		106234.84029		268882.01215		-56412.33158
41		108444.89375		269943.89272		-53054.10523
42		110317.01172		270248.6748		-49614.65135
43		111265.07849		271220.96873		-48690.81175
44		113687.76314		275515.31887		-48139.7926
45		115557.41397		279597.99978		-48483.17183
46		117819.553		281962.68922		-46323.58321
47		117541.87649		281247.97732		-46164.22435
48		116619.16856		279964.98472		-46726.6476
49		116190.23252		279606.34205		-47225.87701
50		114628.11128		276953.98367		-47697.76111
51		112082.43527		274852.00735		-50687.13682
52		108221.7684		272309.40439		-55865.86759
53		104050.55317		269338.76496		-61237.65862
54		100824.29706		266349.93688		-64701.34276
55		94851.93035		260854.0078		-71150.1471
56		88556.97297		255053.94687		-77940.00092
57		80588.87055		248203.26787		-87025.52677
58		72297.73127		241391.40577		-96795.94324
59		63291.03966		235544.71956		-108962.64024
60		53321.86331		226823.70223		-120179.97562
61		44201.41683		216402.03817		-127999.2045
62		33219.41623		204690.67912		-138251.84667
63		25434.5747		196397.80993		-145528.66054
64		19851.9578		189616.45336		-149912.53775
65		15949.07894		180760.71467		-148862.55678
66		15235.72344		177593.30164		-147121.85476
67		15774.49779		176799.29473		-145250.29915
68		13576.96787		173594.98199		-146441.04624
69		11200.46382		171117.13064		-148716.20301
70		8601.37167		166841.69485		-149638.95151
71		7189.35432		164728.39171		-150349.68306
72		9781.84341		166079.35709		-146515.67026
73		12501.07249		170386.85276		-145384.70779
74		14616.21911		174383.88707		-145151.44885
75		18850.44347		181346.5028		-143645.61586
76		20703.68454		186930.30058		-145522.93151
77		21445.92715		191378.80915		-148486.95484
78		23914.79343		199000.82152		-151171.23467
79		27837.46916		209453.18208		-153778.24376
80		32767.40915		220034.52467		-154499.70637
81		36553.26435		231932.21623		-158825.68753
82		38645.95254		241864.66397		-164572.7589
83		40190.83579		251698.79718		-171317.1256
84		42331.83461		262983.80955		-178320.14032
85		43865.84737		274206.70389		-186475.00916
86		45283.9889		284262.69516		-193694.71735
87		44856.81736		293741.5083		-204027.87358
88		44244.74864		304061.05121		-215571.55394
89		44836.53278		315829.259		-226156.19345
90		46099.44748		324798.18701		-232599.29205
91		48103.00968		330664.96168		-234458.94233
92		48292.07041		335702.09612		-239117.95531
93		47805.60573		340386.34021		-244775.12874
94		46839.28357		343363.87585		-249685.3087
95		47229.71997		344375.76162		-249916.32167
96		46293.36928		345444.51749		-252857.77893
97		44644.28569		346061.511		-256772.93962
98		43544.33862		347389.49571		-260300.81847
99		42262.23244		348142.72544		-263618.26056
100		42689.83437		350229.56651		-264849.89778
101		42343.19632		351163.37906		-266476.98642
102		41441.49224		351518.16853		-268635.18405
103		39695.58471		351541.22831		-272150.05888
104		38262.49584		351564.82929		-275039.83761
105		39438.95586		351481.62827		-272603.71656
106		41867.9099		355755.12494		-272019.30514
107		45225.51127		361238.11383		-270787.09129
108		46833.2117		366199.81755		-272533.39416
109		51111.40276		372828.99596		-270606.19045
110		56966.16045		382682.6412		-268750.3203
111		63412.30217		392161.90538		-265337.30105
112		68002.37843		399902.44106		-263897.68421
113		72522.9134		407420.13717		-262374.31036
114		77511.41392		416530.0884		-261507.26057
115		81558.86207		424232.63589		-261114.91175
116		86014.31952		432255.72084		-260227.0818
117		90006.6292		440959.6655		-260946.40709
118		93511.41491		448762.37325		-261739.54344
119		96503.01748		458098.50228		-265092.46732
120		99604.11812		466023.13351		-266814.89726
121		103592.16712		475327.95586		-268143.62163
122		107092.46789		483772.29136		-269587.35559
123		110079.34948		492892.11413		-272733.41518
124		111876.09898		501557.57382		-277805.37586
125		113753.65381		511368.15925		-283860.85163
126		115450.85074		521030.82715		-290129.12567
127		119272.6576		531349.59275		-292804.27755
128		121765.42753		542780.341		-299249.48595
129		124975.77204		554960.77706		-305009.23299
130		130328.64202		565475.89789		-304818.61385
131		133198.58119		575134.18083		-308737.01844
132		136156.25513		585882.20082		-313569.69057
133		137349.644		594591.58053		-319892.29253
134		138570.05769		604387.67023		-327247.55484
135		137439.21964		611341.53706		-336463.09777
136		136372.73031		617173.39398		-344427.93335
137		137334.94798		622597.86247		-347927.96652
138		139517.53972		625546.32088		-346511.24145
139		142809.65823		626046.0707		-340426.75423
140		144013.70887		625076.68835		-337049.27061
141		144694.7631		623513.58289		-334124.0567
142		144951.92414		620118.42722		-330214.57895
143		143979.89693		616588.25757		-328628.4637
144		143339.40291		613710.67682		-327031.87101
145		142056.80649		610111.86833		-325998.25534
146		140098.31283		605761.38651		-325564.76085
147		137659.57026		601047.3366		-325728.19608
148		134438.81248		595105.92329		-326228.29832
149		130754.65961		588658.71982		-327149.4006
150		126890.37306		582549.8272		-328769.08109
151		122025.95767		575280.75285		-331228.83752
152		116242.06913		567019.78556		-334535.6473
153		110558.47391		557662.64182		-336545.69401
154		103856.07187		548195.13801		-340482.99427
155		96081.24161		538411.89603		-346249.41282
156		88999.98268		527849.27252		-349849.30715
157		84291.27311		522128.46317		-353545.91695
158		79485.85354		518370.08605		-359398.37898
159		76336.17154		518360.62428		-365688.28121
160		72400.14639		516984.20185		-372183.90906
161		71713.62387		517875.14394		-374447.8962
162		71692.67641		523163.95085		-379778.59803
163		70427.89479		527758.46328		-386902.6737
164		67754.71421		531047.38838		-395537.95997
165		63341.3633		532862.09401		-406179.3674
166		58610.40003		534235.02896		-417014.22891
167		53319.27005		534486.69293		-427848.15282
168		47619.70703		536835.78643		-441596.37238
169		41589.31438		537721.71074		-454543.08197
170		35982.3673		537470.77668		-465506.04207
171		28227.02225		537212.73196		-480758.68747
172		20000.8412		538899.89314		-498898.21073
173		11112.08029		540376.4484		-518152.28782
174		4258.79594		543997.08961		-535479.49774
175		-1702.88915		546702.90665		-550108.68494
176		-6361.53119		548335.89547		-561058.95785
177		-10541.6323		549797.31864		-570880.58324
178		-11816.27242		553182.61697		-576815.16182
179		-14722.37868		556324.1804		-585768.93777
180		-15773.68414		561965.37493		-593512.74321
181		-18961.09734		565251.03181		-603173.22649
182		-22902.64448		568529.25355		-614334.54252
183		-27121.62144		572193.51248		-626436.75537
184		-30629.71542		581252.45888		-642511.88972
185		-35703.97617		587600.7844		-659008.73674
186		-39742.28242		593911.87012		-673396.43496
187		-46276.48091		598319.45469		-690872.4165
188		-53762.97552		603225.0592		-710751.01024
189		-61183.73992		607824.82176		-730192.30159
190		-67554.41882		611818.33451		-746927.17215
191		-72296.68999		615233.08464		-759826.46462
192		-75121.13793		618740.90879		-768983.18465
193		-76720.81721		620552.07512		-773993.70955
194		-79786.21893		621793.06268		-781365.50054
195		-85208.21977		621528.48455		-791944.92408
196		-92272.7369		619249.13812		-803794.61192
197		-98900.98986		617239.10306		-815041.08278
198		-103126.45748		615132.47582		-821385.39079
199		-107489.81566		612784.71775		-827764.34908
200		-113385.50402		609996.71311		-836767.72115
201		-118910.9127		607052.94962		-844874.77502
202		-126388.9376		604377.74978		-857155.62497
203		-134120.09145		601667.09662		-869907.27952
204		-141061.02669		599893.17508		-882015.22847
205		-149031.88543		597879.68699		-895943.45785
206		-154808.96152		597179.577		-906797.50003
207		-160579.05102		595148.1073		-916306.20933
208		-164892.37549		592211.74134		-921996.49232
209		-167491.65659		590055.74873		-925039.06191
210		-171592.05287		586049.92801		-929234.03375
211		-177975.59539		579576.618		-935527.80878
212		-184438.4121		573148.26278		-942025.08699
213		-188830.52284		567336.21489		-944997.26057
214		-194806.47078		560829.52848		-950442.47004
215		-202415.33666		553512.50584		-958343.17916
216		-211058.0828		545540.02265		-967656.18825
217		-219927.80322		538704.73771		-978560.34415
218		-226867.76575		536006.38423		-989741.91573
219		-230694.26235		536504.59245		-997893.11715
220		-233348.68183		535017.13267		-1001714.49633
221		-235940.6993		531250.00334		-1003131.40195
222		-239445.81618		527866.19942		-1006757.83178
223		-244342.27367		522994.03765		-1011678.58498
224		-248961.53976		518978.28949		-1016901.369
225		-255691.40824		512593.23031		-1023976.04679
226		-262112.13058		505601.63178		-1029825.89294
227		-270873.10473		497555.92546		-1039302.13493
228		-278374.66438		489836.20633		-1046585.5351
229		-285707.18042		481256.77672		-1052671.13757
230		-293629.5454		474355.22787		-1061614.31867
231		-303367.40498		464763.83891		-1071498.64887
232		-313550.69424		455848.35574		-1082949.74422
233		-322920.96036		445364.60159		-1091206.52231
234		-331946.73261		432657.0003		-1096550.46553
235		-340209.85387		417164.22863		-1097583.93638
236		-349125.93717		402978.82935		-1101230.70369
237		-356367.82581		392543.24881		-1105278.90043
238		-363475.97699		383069.51504		-1110021.46903
239		-371070.00202		372788.41409		-1114928.41812
240		-378398.70492		366763.06866		-1123560.47851
241		-383959.0364		364690.93116		-1132609.00396
242		-389328.0857		361160.84767		-1139817.01907
243		-395109.87131		358921.08292		-1149140.82554
244		-402009.4192		353707.74698		-1157726.58539
245		-406717.13545		351246.13471		-1164680.4056
246		-409634.7842		349305.26373		-1168574.83212
247		-412076.67992		349751.16739		-1173904.52723
248		-415479.40992		348278.73249		-1179237.55233
249		-418895.40992		347174.97182		-1184965.79166
250		-419095.40992		348463.65856		-1186654.4784
