step	mbie_inst_loss_mean	mbie_inst_loss_std_up	mbie_inst_loss_std_down
1		938.04307		1086.85515		789.231
2		942.17704		1087.81867		796.5354
3		982.30748		1154.33573		810.27923
4		1024.55005		1186.95186		862.14824
5		1060.56843		1242.84312		878.29374
6		1030.95403		1207.73892		854.16914
7		1030.76487		1196.27347		865.25628
8		1086.08415		1249.46063		922.70767
9		1104.31497		1313.66473		894.9652
10		1155.05781		1372.77173		937.34389
11		1206.62658		1435.79913		977.45404
12		1260.9095		1502.14376		1019.67524
13		1336.49691		1574.28774		1098.70607
14		1315.3022		1539.67262		1090.93178
15		1315.88936		1530.80771		1100.97101
16		1313.4024		1479.96904		1146.83576
17		1254.44761		1395.69594		1113.19929
18		1253.67665		1352.97574		1154.37757
19		1156.36283		1262.93894		1049.78672
20		1154.11901		1324.92568		983.31234
21		1114.67033		1318.98234		910.35832
22		1138.09518		1393.45384		882.73653
23		1159.06342		1458.80858		859.31827
24		1118.03023		1436.29144		799.76903
25		1110.07941		1421.96043		798.19839
26		1118.31286		1432.87719		803.74853
27		1078.8244		1364.38835		793.26045
28		1037.2576		1310.11567		764.39953
29		993.50307		1270.3098		716.69634
30		975.89316		1272.77221		679.01412
31		962.27975		1233.04022		691.51929
32		1002.44204		1257.37861		747.50547
33		1023.43142		1229.84671		817.01613
34		1059.94896		1322.24125		797.65666
35		1126.80424		1380.3609		873.24758
36		1165.62571		1369.16196		962.08945
37		1189.88767		1373.30453		1006.47081
38		1232.02932		1401.42217		1062.63646
39		1254.07604		1448.28815		1059.86393
40		1202.49869		1384.88466		1020.11273
41		1165.59632		1335.16692		996.02571
42		1128.59646		1317.15002		940.0429
43		1152.75426		1315.76226		989.74627
44		1174.49403		1331.89077		1017.0973
45		1134.27298		1249.54535		1019.00061
46		1095.62453		1204.32251		986.92655
47		1023.38943		1123.65457		923.12429
48		980.74975		1076.79123		884.70827
49		997.12615		1098.12295		896.12935
50		979.12245		1088.70148		869.54343
51		993.56846		1109.21518		877.92173
52		1006.93003		1157.8167		856.04336
53		1007.88981		1202.62023		813.1594
54		1004.64201		1207.3987		801.88531
55		982.37635		1146.17134		818.58135
56		907.84389		1087.74686		727.94091
57		888.83062		1059.23744		718.42381
58		885.4194		1080.51902		690.31978
59		907.27829		1107.63692		706.91966
60		954.25353		1165.59818		742.90888
61		986.57208		1208.57064		764.57353
62		1053.06314		1199.17779		906.94849
63		1064.56394		1185.9099		943.21798
64		1081.66211		1204.94805		958.37618
65		1068.10768		1218.81299		917.40237
66		1024.13209		1133.29952		914.96466
67		979.68675		1089.23708		870.13643
68		901.34967		1042.90474		759.79459
69		852.28684		1006.64483		697.92886
70		861.90204		1048.91102		674.89305
71		836.78128		1028.32499		645.23758
72		875.28816		1076.2452		674.33111
73		920.5797		1129.70814		711.45125
74		970.09975		1176.27206		763.92745
75		1003.25232		1234.26179		772.24286
76		1023.72631		1232.8474		814.60523
77		1029.99357		1224.38636		835.60078
78		1013.71974		1199.78659		827.65289
79		966.88163		1157.78191		775.98135
80		919.4231		1142.0102		696.836
81		869.46676		1095.67428		643.25924
82		848.43365		1060.67076		636.19654
83		856.00129		1042.89643		669.10615
84		862.12249		1038.12447		686.1205
85		900.11836		1086.15902		714.0777
86		956.71675		1163.80484		749.62867
87		947.08613		1158.22055		735.95171
88		958.00126		1130.63988		785.36264
89		969.49087		1115.91538		823.06636
90		950.03269		1134.21355		765.85183
91		962.94765		1154.26039		771.63492
92		943.14509		1108.19476		778.09542
93		974.14503		1084.6539		863.63617
94		956.77656		1016.07401		897.4791
95		938.49395		1011.47817		865.50972
96		950.80161		1060.88977		840.71344
97		930.35978		1064.84956		795.86999
98		910.68681		1025.3412		796.03242
99		889.97843		1030.02864		749.92821
100		868.18013		1062.90125		673.45901
101		845.23455		1048.94335		641.52576
102		839.5288		989.11729		689.94031
103		816.92001		937.34576		696.49425
104		791.27653		916.93626		665.61679
105		795.8359		935.13968		656.53213
106		817.23798		931.59943		702.87653
107		810.55861		870.32448		750.79274
108		816.13283		896.73234		735.53332
109		828.60317		962.1659		695.04044
110		856.1533		991.42318		720.88342
111		928.88523		1048.02		809.75046
112		938.58191		1089.98414		787.17967
113		938.52313		1107.07931		769.96696
114		948.98758		1084.76806		813.2071
115		991.5553		1136.37047		846.74013
116		1034.51868		1186.9557		882.08165
117		1108.19077		1226.43755		989.944
118		1064.45364		1209.58812		919.31915
119		988.73322		1102.77091		874.69553
120		912.71702		1020.13883		805.2952
121		832.69996		963.12682		702.2731
122		811.5765		961.65424		661.49876
123		848.75681		1004.81097		692.70265
124		902.65196		1037.16991		768.13402
125		942.78097		1081.60168		803.96025
126		983.17727		1129.30434		837.05021
127		994.14719		1111.04431		877.25007
128		1007.53922		1120.28765		894.79079
129		1021.63609		1158.6577		884.61449
130		973.36988		1104.98823		841.75154
131		976.25285		1098.48904		854.01665
132		929.28754		1052.11819		806.4569
133		879.85038		1042.55368		717.14709
134		859.36378		978.34152		740.38603
135		835.95418		949.15262		722.75574
136		842.86501		952.85364		732.87637
137		848.29482		985.90372		710.68592
138		885.56292		1028.40278		742.72305
139		899.84273		1028.01124		771.67421
140		931.14231		1053.58311		808.7015
141		939.37354		1103.11585		775.63124
142		949.88275		1083.51264		816.25285
143		960.94507		1088.88684		833.0033
144		941.03711		1087.91601		794.1582
145		930.37359		1054.28244		806.46475
146		902.01979		987.66634		816.37324
147		880.85525		973.84811		787.86239
148		858.57678		1003.48525		713.66831
149		866.67827		1069.83282		663.52373
150		881.8089		1081.61139		682.00641
151		849.05431		1022.67312		675.4355
152		801.99709		946.45535		657.53882
153		779.25769		948.3274		610.18797
154		783.18449		959.9052		606.46378
155		817.02573		1002.37798		631.67349
156		819.25083		1000.15746		638.3442
157		823.43779		1019.5184		627.35718
158		804.74009		969.99975		639.48043
159		780.30031		952.44782		608.1528
160		784.28199		932.65316		635.91082
161		786.62849		933.09265		640.16432
162		820.65099		974.74291		666.55907
163		823.06689		957.88909		688.24469
164		795.90218		910.53366		681.2707
165		819.1525		935.82567		702.47934
166		793.62652		944.17852		643.07453
167		798.30958		960.4406		636.17856
168		769.84186		944.13237		595.55134
169		741.72058		957.2865		526.15465
170		743.67175		978.49039		508.8531
171		712.32835		933.45195		491.20474
172		721.18004		911.92281		530.43728
173		711.52381		885.65104		537.39659
174		710.04093		883.36147		536.72039
175		708.48		839.0248		577.93519
176		706.83691		808.06052		605.6133
177		713.55483		803.04534		624.06433
178		703.49728		829.2149		577.77965
179		710.03943		868.48114		551.59772
180		668.24434		851.62977		484.85892
181		634.77583		867.84677		401.70489
182		576.44079		840.50557		312.37601
183		573.38252		861.28255		285.48249
184		596.18155		898.2221		294.141
185		626.78327		930.50299		323.06356
186		652.39287		969.02951		335.75623
187		695.95308		1042.62057		349.28559
188		681.04554		997.57356		364.51752
189		669.27697		987.72985		350.82409
190		684.01806		979.7549		388.28121
191		630.3271		947.28061		313.3736
192		634.86295		951.16546		318.56043
193		620.66371		949.25493		292.07249
194		582.8462		883.37418		282.31823
195		576.43556		850.16737		302.70375
196		567.84277		821.09001		314.59552
197		558.79772		800.51042		317.08502
198		580.82913		836.45738		325.20089
199		570.62283		831.19788		310.04778
200		593.27662		867.6497		318.90354
201		552.17294		818.09384		286.25204
202		544.14791		811.26999		277.02584
203		562.30326		849.59676		275.00975
204		523.23246		831.6171		214.84782
205		551.8395		880.80893		222.87008
206		531.42587		831.2444		231.60734
207		488.91163		748.91094		228.91232
208		446.00455		676.29386		215.71525
209		400.83921		616.73574		184.94268
210		384.84925		623.09207		146.60643
211		397.72548		647.47391		147.97704
212		427.88214		695.21521		160.54907
213		440.41812		709.42361		171.41262
214		461.56149		732.14385		190.97913
215		426.95441		668.26051		185.64832
216		412.33894		661.2049		163.47298
217		395.10948		665.10768		125.11129
218		408.52572		691.85954		125.19191
219		420.80333		719.04945		122.55721
220		433.72713		747.67042		119.78385
221		415.77862		711.83297		119.72427
222		407.17769		705.84627		108.5091
223		409.96882		694.25706		125.68058
224		362.90686		650.6342		75.17952
225		331.81544		624.64553		38.98535
226		314.0374		618.42238		9.65242
227		260.08167		535.52735		-15.36401
228		253.57839		492.76394		14.39285
229		239.60379		432.19718		47.0104
230		210.9701		370.38442		51.55579
231		226.83178		405.65529		48.00828
232		220.86499		396.24692		45.48305
233		223.26572		407.87828		38.65315
234		225.7928		420.12181		31.46378
235		246.90038		471.47539		22.32536
236		231.4635		446.98849		15.93852
237		234.42205		461.29045		7.55365
238		237.53631		476.34515		-1.27254
239		269.26196		507.92313		30.6008
240		212.92319		436.53751		-10.69113
241		193.64566		396.98758		-9.69627
242		164.67195		361.26435		-31.92045
243		136.25214		346.09237		-73.5881
244		144.49179		361.77542		-72.79183
245		102.63879		271.95837		-66.68078
246		69.10942		189.49611		-51.27728
247		33.81434		105.38146		-37.75277
248		15.13533		74.43971		-44.16904
249		7.676		11.514		3.838
250		0.0		0.0		0.0
