step	mbie-eb_reward_mean	mbie-eb_reward_std_up	mbie-eb_reward_std_down
1		-0.8		-0.4		-1.2
2		-51.2		32.34735		-134.74735
3		-42.0		49.76274		-133.76274
4		-32.8		48.39458		-113.99458
5		-13.6		93.39832		-120.59832
6		-34.2		82.79812		-151.19812
7		-94.8		51.61229		-241.21229
8		-125.6		68.09213		-319.29213
9		-186.2		29.22739		-401.62739
10		-246.8		15.76001		-509.36001
11		-307.4		-49.32745		-565.47255
12		-397.8		-146.72758		-648.87242
13		-518.0		-305.4413		-730.5587
14		-608.4		-441.12585		-775.67415
15		-708.4		-526.40923		-890.39077
16		-828.6		-614.83321		-1042.36679
17		-948.8		-693.11238		-1204.48762
18		-1069.0		-837.87146		-1300.12854
19		-1129.6		-962.99676		-1296.20324
20		-1160.4		-1037.18864		-1283.61136
21		-1191.2		-1092.66189		-1289.73811
22		-1222.0		-1101.3302		-1342.6698
23		-1282.6		-1091.03633		-1474.16367
24		-1373.0		-1123.27936		-1622.72064
25		-1493.2		-1213.04262		-1773.35738
26		-1583.4		-1292.53192		-1874.26808
27		-1643.8		-1363.52842		-1924.07158
28		-1674.6		-1401.89459		-1947.30541
29		-1675.6		-1402.89459		-1948.30541
30		-1676.6		-1403.89459		-1949.30541
31		-1707.4		-1398.80927		-2015.99073
32		-1768.0		-1463.33559		-2072.66441
33		-1888.2		-1568.30539		-2208.09461
34		-1978.6		-1660.68643		-2296.51357
35		-2009.4		-1721.07824		-2297.72176
36		-2070.0		-1785.67483		-2354.32517
37		-2160.4		-1887.69459		-2433.10541
38		-2250.8		-1970.52842		-2531.07158
39		-2371.0		-2038.2833		-2703.7167
40		-2431.6		-2069.75937		-2793.44063
41		-2462.2		-2061.41956		-2862.98044
42		-2493.0		-2048.61098		-2937.38902
43		-2493.8		-2049.3793		-2938.2207
44		-2494.8		-2050.3793		-2939.2207
45		-2535.0		-2162.86884		-2907.13116
46		-2595.6		-2255.13408		-2936.06592
47		-2656.2		-2333.6958		-2978.7042
48		-2716.8		-2396.24211		-3037.35789
49		-2747.6		-2434.49133		-3060.70867
50		-2778.4		-2461.50721		-3095.29279
51		-2838.8		-2536.96468		-3140.63532
52		-2899.4		-2595.61613		-3203.18387
53		-2959.8		-2645.93353		-3273.66647
54		-3050.2		-2696.17718		-3404.22282
55		-3110.8		-2705.81536		-3515.78464
56		-3171.4		-2709.50235		-3633.29765
57		-3232.0		-2738.37869		-3725.62131
58		-3262.8		-2759.63585		-3765.96415
59		-3323.2		-2855.13317		-3791.26683
60		-3383.8		-2941.25897		-3826.34103
61		-3444.4		-3071.85008		-3816.94992
62		-3534.8		-3208.08826		-3861.51174
63		-3595.4		-3251.72539		-3939.07461
64		-3625.8		-3257.10424		-3994.49576
65		-3656.4		-3244.32593		-4068.47407
66		-3657.4		-3245.32593		-4069.47407
67		-3658.0		-3245.95486		-4070.04514
68		-3688.8		-3323.39535		-4054.20465
69		-3719.6		-3396.54545		-4042.65455
70		-3720.2		-3425.94066		-4014.45934
71		-3780.8		-3450.38063		-4111.21937
72		-3841.4		-3459.9278		-4222.8722
73		-3902.0		-3463.22717		-4340.77283
74		-3962.4		-3462.07347		-4462.72653
75		-3993.2		-3481.72863		-4504.67137
76		-3983.8		-3489.97801		-4477.62199
77		-4034.2		-3584.43677		-4483.96323
78		-4094.6		-3675.14483		-4514.05517
79		-4155.0		-3753.99925		-4556.00075
80		-4215.6		-3820.48351		-4610.71649
81		-4216.4		-3821.60152		-4611.19848
82		-4217.2		-3822.41733		-4611.98267
83		-4227.8		-3872.61926		-4582.98074
84		-4258.6		-3940.62289		-4576.57711
85		-4289.2		-4000.78128		-4577.61872
86		-4349.8		-4087.34741		-4612.25259
87		-4380.6		-4111.3324		-4649.8676
88		-4411.2		-4122.55184		-4699.84816
89		-4471.8		-4166.007		-4777.593
90		-4532.2		-4189.37386		-4875.02614
91		-4592.6		-4202.71048		-4982.48952
92		-4653.2		-4209.05795		-5097.34205
93		-4713.6		-4256.86174		-5170.33826
94		-4724.2		-4267.7426		-5180.6574
95		-4755.0		-4315.74973		-5194.25027
96		-4815.4		-4376.72901		-5254.07099
97		-4846.0		-4390.32424		-5301.67576
98		-4876.6		-4397.29192		-5355.90808
99		-4907.2		-4398.61317		-5415.78683
100		-4937.6		-4430.92038		-5444.27962
101		-4968.2		-4457.02864		-5479.37136
102		-4998.8		-4476.02265		-5521.57735
103		-5029.6		-4488.95535		-5570.24465
104		-5030.6		-4489.95535		-5571.24465
105		-5061.4		-4570.4411		-5552.3589
106		-5122.0		-4700.28825		-5543.71175
107		-5212.4		-4830.79675		-5594.00325
108		-5332.4		-4966.16914		-5698.63086
109		-5422.8		-5012.13547		-5833.46453
110		-5513.2		-5041.03376		-5985.36624
111		-5573.8		-5068.70104		-6078.89896
112		-5604.6		-5084.91486		-6124.28514
113		-5635.4		-5094.91444		-6175.88556
114		-5636.4		-5095.91444		-6176.88556
115		-5637.4		-5096.91444		-6177.88556
116		-5668.2		-5142.23369		-6194.16631
117		-5758.6		-5271.4119		-6245.7881
118		-5878.8		-5407.20212		-6350.39788
119		-5999.0		-5535.79249		-6462.20751
120		-6119.2		-5647.03376		-6591.36624
121		-6179.8		-5674.70104		-6684.89896
122		-6210.4		-5690.37246		-6730.42754
123		-6241.2		-5700.37419		-6782.02581
124		-6242.2		-5701.37419		-6783.02581
125		-6222.8		-5696.85194		-6748.74806
126		-6283.4		-5743.92559		-6822.87441
127		-6373.8		-5864.95802		-6882.64198
128		-6464.2		-5976.89706		-6951.50294
129		-6554.6		-6078.5069		-7030.6931
130		-6585.4		-6156.80574		-7013.99426
131		-6616.2		-6184.12945		-7048.27055
132		-6647.0		-6203.39973		-7090.60027
133		-6677.8		-6215.21837		-7140.38163
134		-6708.6		-6220.45387		-7196.74613
135		-6739.4		-6252.35397		-7226.44603
136		-6800.0		-6356.46691		-7243.53309
137		-6920.2		-6498.6019		-7341.7981
138		-7040.4		-6633.12535		-7447.67465
139		-7130.8		-6741.54307		-7520.05693
140		-7191.4		-6762.80574		-7619.99426
141		-7192.4		-6763.80574		-7620.99426
142		-7223.2		-6791.12945		-7655.27055
143		-7254.0		-6810.39973		-7697.60027
144		-7314.6		-6898.92436		-7730.27564
145		-7405.0		-7011.52471		-7798.47529
146		-7465.6		-7112.06494		-7819.13506
147		-7585.8		-7254.79764		-7916.80236
148		-7676.2		-7315.63744		-8036.76256
149		-7736.8		-7347.54307		-8126.05693
150		-7797.4		-7368.80574		-8225.99426
151		-7798.4		-7369.80574		-8226.99426
152		-7809.0		-7343.98215		-8274.01785
153		-7839.8		-7362.78662		-8316.81338
154		-7870.4		-7374.45904		-8366.34096
155		-7901.2		-7380.16434		-8422.23566
156		-7932.0		-7375.00628		-8488.99372
157		-7962.6		-7365.81072		-8559.38928
158		-8023.2		-7392.41528		-8653.98472
159		-8113.6		-7487.6145		-8739.5855
160		-8174.2		-7592.676		-8755.724
161		-8234.8		-7691.53307		-8778.06693
162		-8265.6		-7761.14005		-8770.05995
163		-8296.4		-7780.83833		-8811.96167
164		-8327.0		-7793.873		-8860.127
165		-8387.6		-7855.45769		-8919.74231
166		-8478.0		-7899.10208		-9056.89792
167		-8538.6		-7932.9154		-9144.2846
168		-8589.0		-7933.98733		-9244.01267
169		-8619.8		-7919.97848		-9319.62152
170		-8620.6		-7920.73041		-9320.46959
171		-8621.6		-7921.73041		-9321.46959
172		-8652.4		-7934.08124		-9370.71876
173		-8713.0		-8014.12748		-9411.87252
174		-8773.6		-8086.92669		-9460.27331
175		-8864.0		-8195.90929		-9532.09071
176		-8954.4		-8292.61043		-9616.18957
177		-9015.0		-8318.51942		-9711.48058
178		-9105.4		-8395.63677		-9815.16323
179		-9166.0		-8433.85029		-9898.14971
180		-9196.6		-8483.00723		-9910.19277
181		-9227.4		-8527.63873		-9927.16127
182		-9228.4		-8528.63873		-9928.16127
183		-9259.0		-8563.98777		-9954.01223
184		-9319.6		-8669.31557		-9969.88443
185		-9350.0		-8695.10947		-10004.89053
186		-9410.6		-8702.81342		-10118.38658
187		-9471.2		-8759.66774		-10182.73226
188		-9561.6		-8833.2296		-10289.9704
189		-9652.0		-8900.0524		-10403.9476
190		-9712.4		-8980.07149		-10444.72851
191		-9773.0		-9025.02567		-10520.97433
192		-9774.0		-9026.02567		-10521.97433
193		-9804.8		-9087.17882		-10522.42118
194		-9865.4		-9172.5489		-10558.2511
195		-9955.8		-9265.52574		-10646.07426
196		-10076.0		-9341.81828		-10810.18172
197		-10166.4		-9365.94748		-10966.85252
198		-10256.8		-9440.23319		-11073.36681
199		-10317.4		-9498.65374		-11136.14626
200		-10348.2		-9566.30911		-11130.09089
201		-10368.8		-9609.63983		-11127.96017
202		-10369.8		-9610.63983		-11128.96017
203		-10370.8		-9611.63983		-11129.96017
204		-10401.4		-9637.68524		-11165.11476
205		-10451.8		-9640.25988		-11263.34012
206		-10512.4		-9644.8207		-11379.9793
207		-10602.8		-9709.09034		-11496.50966
208		-10663.4		-9752.13042		-11574.66958
209		-10724.0		-9833.85192		-11614.14808
210		-10784.6		-9909.97354		-11659.22646
211		-10815.4		-9929.02951		-11701.77049
212		-10846.2		-9944.29193		-11748.10807
213		-10877.0		-10015.95087		-11738.04913
214		-10937.6		-10108.59274		-11766.60726
215		-10978.0		-10203.56782		-11752.43218
216		-11038.6		-10284.07138		-11793.12862
217		-11099.2		-10359.70277		-11838.69723
218		-11159.6		-10438.66461		-11880.53539
219		-11220.2		-10510.50446		-11929.89554
220		-11280.8		-10574.93588		-11986.66412
221		-11311.6		-10580.60763		-12042.59237
222		-11312.2		-10581.09579		-12043.30421
223		-11313.0		-10581.7378		-12044.2622
224		-11314.0		-10582.7378		-12045.2622
225		-11344.8		-10598.18888		-12091.41112
226		-11375.4		-10608.78938		-12142.01062
227		-11406.2		-10615.88604		-12196.51396
228		-11437.0		-10619.31742		-12254.68258
229		-11438.0		-10620.31742		-12255.68258
230		-11468.8		-10629.30124		-12308.29876
231		-11529.4		-10708.68358		-12350.11642
232		-11619.8		-10841.22453		-12398.37547
233		-11710.2		-10968.95742		-12451.44258
234		-11800.6		-11114.2658		-12486.9342
235		-11861.2		-11180.34983		-12542.05017
236		-11921.6		-11199.97112		-12643.22888
237		-11982.2		-11215.27904		-12749.12096
238		-12013.0		-11222.37746		-12803.62254
239		-12073.4		-11233.73254		-12913.06746
240		-12104.0		-11238.76847		-12969.23153
241		-12164.6		-11314.43352		-13014.76648
242		-12225.2		-11384.01217		-13066.38783
243		-12285.8		-11466.83446		-13104.76554
244		-12346.4		-11543.61196		-13149.18804
245		-12377.2		-11550.26798		-13204.13202
246		-12437.8		-11565.96024		-13309.63976
247		-12468.2		-11571.38399		-13365.01601
248		-12528.6		-11638.48234		-13418.71766
249		-12619.0		-11707.36126		-13530.63874
250		-12649.8		-11763.23147		-13536.36853
