step	mbie-eb_inst_loss_mean	mbie-eb_inst_loss_std_up	mbie-eb_inst_loss_std_down
1		1207.87155		1375.59604		1040.14706
2		1163.31252		1331.95763		994.66741
3		1229.29748		1407.51264		1051.08232
4		1295.06584		1469.18723		1120.94446
5		1374.2957		1547.1216		1201.46979
6		1416.14303		1574.82567		1257.46039
7		1422.0376		1538.15018		1305.92503
8		1459.79493		1561.64411		1357.94575
9		1466.14223		1568.50197		1363.78248
10		1474.66834		1652.10398		1297.23269
11		1483.64319		1689.16019		1278.12619
12		1461.53789		1691.30847		1231.76732
13		1408.5614		1654.00649		1163.11631
14		1386.19392		1602.76913		1169.61872
15		1347.69944		1486.16872		1209.23017
16		1292.42095		1389.98294		1194.85895
17		1232.38831		1312.39648		1152.38014
18		1169.19606		1217.38363		1121.00848
19		1165.78292		1265.22358		1066.34225
20		1190.05316		1343.17319		1036.93312
21		1213.75603		1429.67191		997.84014
22		1238.70642		1455.96088		1021.45196
23		1233.41747		1436.88429		1029.95065
24		1198.1424		1383.91631		1012.36849
25		1131.30298		1285.95715		976.64882
26		1102.79045		1184.17575		1021.40515
27		1093.80345		1157.62443		1029.98248
28		1105.60373		1193.52529		1017.68217
29		1156.41441		1246.9101		1065.91871
30		1208.05458		1303.3132		1112.79595
31		1230.86014		1277.57664		1184.14364
32		1225.15824		1281.55759		1168.75889
33		1157.89596		1232.48986		1083.30206
34		1122.33557		1248.40652		996.26461
35		1146.16385		1325.5876		966.7401
36		1136.00425		1275.33212		996.67638
37		1095.60216		1189.50704		1001.69728
38		1054.9184		1143.42228		966.41452
39		980.54088		1055.37237		905.70939
40		967.19852		1028.30367		906.09338
41		989.46444		1059.82021		919.10867
42		993.92844		1112.15457		875.70231
43		1047.30896		1166.89542		927.7225
44		1084.52517		1212.14383		956.90651
45		1096.17165		1160.08003		1032.26328
46		1078.38881		1157.15411		999.62351
47		1066.50685		1212.44806		920.56564
48		1053.99952		1276.82895		831.17009
49		1072.38642		1273.3536		871.41924
50		1089.8963		1289.24432		890.54828
51		1085.22273		1254.44966		915.99581
52		1065.01888		1242.75492		887.28285
53		1070.88073		1191.76276		949.9987
54		1007.84321		1127.85367		887.83275
55		994.09307		1144.89398		843.29216
56		977.77449		1185.98294		769.56603
57		960.59703		1227.73604		693.45802
58		974.06801		1256.07162		692.06441
59		963.29822		1231.74035		694.85609
60		936.67729		1238.57751		634.77707
61		917.33683		1190.15034		644.52331
62		865.42593		1083.34476		647.50711
63		844.18014		1014.82418		673.53611
64		848.4189		983.62588		713.21191
65		866.278		991.49127		741.06473
66		895.81102		1042.32337		749.29867
67		960.6302		1110.21885		811.04155
68		942.52398		1081.81125		803.23671
69		953.199		1102.13145		804.26654
70		992.88335		1144.00137		841.76532
71		976.5011		1184.67263		768.32956
72		959.25662		1160.59708		757.91616
73		941.10454		1165.25328		716.95581
74		930.44458		1193.9145		666.97466
75		933.64702		1219.45792		647.83613
76		992.30232		1277.43134		707.1733
77		973.81066		1207.23966		740.38167
78		966.71682		1147.44311		785.99054
79		948.72331		1111.43611		786.0105
80		921.33528		1081.95463		760.71592
81		972.73985		1133.53317		811.94653
82		1024.47886		1225.8636		823.09412
83		1036.86215		1212.19582		861.52848
84		1054.34708		1264.80084		843.89333
85		1089.35502		1373.42164		805.2884
86		1056.99759		1350.1183		763.87689
87		1075.54229		1367.37386		783.71072
88		1111.66576		1389.73971		833.59181
89		1080.48258		1359.17413		801.79103
90		1087.1583		1311.25638		863.06023
91		1064.9775		1304.23654		825.71845
92		1043.70811		1290.29398		797.12224
93		1038.44833		1308.32338		768.57329
94		1065.78267		1308.74574		822.8196
95		1084.78974		1335.15109		834.42839
96		1079.84741		1317.66207		842.03275
97		1109.36064		1314.17494		904.54634
98		1118.05615		1316.07038		920.04191
99		1147.73562		1332.48062		962.99062
100		1176.89835		1347.11458		1006.68212
101		1190.4669		1289.48834		1091.44545
102		1203.43115		1324.76025		1082.10204
103		1219.15656		1345.19839		1093.11472
104		1275.94369		1407.55548		1144.33191
105		1302.32237		1427.72124		1176.9235
106		1300.38163		1421.80676		1178.95651
107		1268.63099		1379.10561		1158.15638
108		1223.94899		1346.8391		1101.05888
109		1172.65719		1267.10175		1078.21263
110		1136.02896		1175.27558		1096.78234
111		1129.02544		1202.37988		1055.67099
112		1151.36107		1251.62779		1051.09435
113		1173.02751		1325.44012		1020.6149
114		1227.38681		1384.65018		1070.12344
115		1282.76237		1448.30277		1117.22198
116		1309.49992		1471.95047		1147.04938
117		1276.38444		1390.25974		1162.50914
118		1213.66303		1292.14416		1135.18189
119		1149.48524		1223.75698		1075.21349
120		1081.92966		1127.16104		1036.69829
121		1073.92356		1187.30602		960.5411
122		1111.80658		1279.20838		944.40478
123		1112.18333		1318.85968		905.50697
124		1163.3403		1377.79375		948.88685
125		1232.23997		1438.93169		1025.54824
126		1228.45543		1401.53124		1055.37962
127		1192.9192		1319.85235		1065.98605
128		1157.35739		1264.74966		1049.96512
129		1119.92391		1250.29339		989.55442
130		1143.62526		1284.21529		1003.03523
131		1164.88456		1253.70793		1076.06118
132		1187.26276		1238.7939		1135.73162
133		1210.81877		1272.31456		1149.32298
134		1235.61457		1346.61038		1124.61876
135		1261.7154		1372.65964		1150.77117
136		1257.63746		1393.37737		1121.89755
137		1192.08461		1318.01651		1066.15272
138		1126.77111		1272.30682		981.23541
139		1089.57257		1238.71832		940.42683
140		1080.12398		1238.1133		922.13465
141		1131.43836		1296.58161		966.29512
142		1150.21149		1271.40469		1029.0183
143		1171.81743		1263.2456		1080.38927
144		1163.00802		1281.04755		1044.96848
145		1124.02719		1296.1138		951.94057
146		1116.39199		1349.68652		883.09746
147		1043.40517		1292.41646		794.39388
148		1001.81895		1241.46592		762.17198
149		987.75174		1208.11677		767.38671
150		971.09941		1194.18202		748.0168
151		1016.67566		1251.36833		781.98298
152		1047.85613		1234.19353		861.51874
153		1065.9197		1228.42244		903.41696
154		1091.53672		1243.07363		939.99981
155		1101.37294		1271.30713		931.43876
156		1120.40843		1236.85945		1003.95742
157		1148.89328		1216.6842		1081.10236
158		1130.19576		1226.34259		1034.04894
159		1089.48797		1230.77942		948.19652
160		1080.03492		1285.95341		874.11644
161		1068.2396		1349.79342		786.68577
162		1087.37597		1403.47824		771.27371
163		1105.67478		1412.64578		798.70378
164		1143.38417		1429.08531		857.68304
165		1113.87039		1398.15367		829.5871
166		1072.30336		1308.21482		836.39191
167		1061.94586		1245.07981		878.81192
168		1057.64597		1194.18944		921.1025
169		1078.06954		1221.76567		934.37341
170		1135.87853		1297.4687		974.28836
171		1177.7563		1336.61664		1018.89596
172		1198.96722		1362.90962		1035.02481
173		1191.58674		1371.84633		1011.32714
174		1185.66256		1409.42835		961.89677
175		1147.87407		1383.8663		911.88184
176		1109.94146		1313.88293		906.0
177		1101.56492		1253.66977		949.46006
178		1059.35024		1156.9296		961.77087
179		1048.31099		1177.68435		918.93763
180		1074.84598		1241.85175		907.84022
181		1083.80375		1303.29792		864.30958
182		1133.46706		1361.56948		905.36464
183		1160.79445		1358.45086		963.13804
184		1142.72331		1312.03382		973.4128
185		1192.67486		1323.98595		1061.36378
186		1157.07376		1307.23242		1006.9151
187		1149.33311		1314.20743		984.45878
188		1109.63254		1266.80543		952.45965
189		1069.68722		1253.26559		886.10886
190		1077.63952		1283.72041		871.55862
191		1046.51023		1197.27131		895.74916
192		1096.05547		1257.82024		934.29071
193		1112.96635		1280.01206		945.92064
194		1101.05951		1244.16832		957.95069
195		1058.81823		1182.87104		934.76541
196		984.64596		1111.03665		858.25527
197		939.96715		1041.20064		838.73366
198		891.09207		1003.18279		779.00135
199		871.19713		1017.93441		724.45985
200		879.96285		1046.24071		713.685
201		895.79267		1104.62488		686.96046
202		937.40541		1155.49911		719.3117
203		977.51879		1207.09111		747.94647
204		1006.63838		1177.9621		835.31466
205		978.37493		1192.32086		764.42901
206		963.07383		1215.63705		710.51061
207		913.57015		1193.72476		633.41553
208		894.85827		1226.31713		563.3994
209		873.3168		1173.46106		573.17254
210		850.64157		1136.06145		565.22169
211		858.32542		1134.39497		582.25587
212		864.56894		1142.29729		586.84058
213		871.14106		1157.47565		584.80647
214		846.50657		1114.68345		578.32969
215		840.86777		1080.25811		601.47742
216		818.32945		1078.23752		558.42137
217		792.76015		1033.67393		551.84637
218		784.29258		961.47627		607.1089
219		737.72399		903.94161		571.50637
220		707.9123		868.34888		547.47571
221		708.08408		860.13373		556.03443
222		764.86765		910.19197		619.54332
223		776.45813		939.32123		613.59504
224		799.41904		976.66021		622.17787
225		800.71747		929.95308		671.48187
226		812.37648		898.97157		725.78138
227		807.52006		879.10729		735.93283
228		811.08961		905.78048		716.39874
229		846.39954		943.88271		748.91637
230		850.17063		901.40337		798.93789
231		824.43243		870.47308		778.39179
232		767.63183		863.84366		671.42001
233		709.68648		878.79902		540.57394
234		648.69137		839.54623		457.8365
235		616.0385		819.3029		412.7741
236		588.26979		731.31348		445.22611
237		541.91053		659.72124		424.09981
238		533.34537		627.30082		439.38993
239		509.37965		577.28629		441.47302
240		488.34196		524.42007		452.26385
241		434.87858		532.46929		337.28787
242		389.12766		561.83237		216.42295
243		340.96879		531.45504		150.48255
244		290.27525		527.33815		53.21235
245		268.46613		519.44856		17.48369
246		212.11213		460.57257		-36.3483
247		183.08009		339.11523		27.04495
248		134.41314		227.01175		41.81453
249		32.148		87.01705		-22.72105
250		0.0		0.0		0.0
