step	mbie_cum_inst_loss_mean	mbie_cum_inst_loss_std_up	mbie_cum_inst_loss_std_down
1		17708.36274		17774.91994		17641.80553
2		35992.15138		36562.82446		35421.4783
3		53684.3462		54282.11055		53086.58185
4		71583.42809		72100.20007		71066.65611
5		89307.00866		89856.14876		88757.86855
6		107239.12821		107536.65175		106941.60466
7		125540.69608		126369.92949		124711.46267
8		143838.32205		145177.18671		142499.45738
9		161940.20209		163641.42698		160238.97719
10		180229.31098		182384.32205		178074.29991
11		198513.8223		201099.21383		195928.43076
12		216793.49408		219783.16505		213803.82312
13		234684.87857		237722.59325		231647.16389
14		252400.35686		255333.88181		249466.83191
15		270142.87765		272966.92847		267318.82684
16		287913.86428		290622.92677		285204.80179
17		305714.81497		308303.14805		303126.48189
18		323547.30682		326008.95157		321085.66207
19		341594.07011		343699.89604		339488.24419
20		359664.70181		361458.63569		357870.76793
21		377941.52835		379177.58933		376705.46736
22		396233.72161		396947.02695		395520.41628
23		414542.09044		414849.89663		414234.28425
24		432867.48622		433334.0148		432400.95763
25		451381.34898		452080.92626		450681.77169
26		469881.3913		470653.66038		469109.12221
27		488175.28943		488975.2783		487375.30057
28		506682.59694		507680.64058		505684.5533
29		524993.26912		526063.23175		523923.3065
30		543518.23364		544956.10384		542080.36343
31		562039.0887		563886.35316		560191.82425
32		580748.61446		582842.3816		578654.84731
33		599471.13434		601698.26687		597244.00181
34		618179.33235		620584.23518		615774.42952
35		636680.85853		639273.63097		634088.08609
36		655358.11211		658183.77684		652532.44737
37		673827.06548		676914.17013		670739.96082
38		692471.43208		695403.3728		689539.49136
39		711109.2904		713960.48822		708258.09258
40		729740.29803		732583.70771		726896.88835
41		748172.49845		750736.63592		745608.36098
42		766788.70453		769461.77581		764115.63325
43		785396.92082		788225.47898		782568.36266
44		804177.79669		807011.62099		801343.97239
45		822938.73963		825778.94471		820098.53455
46		841678.70074		844526.54412		838830.85736
47		860396.57594		863253.47268		857539.67921
48		878708.01136		881244.81126		876171.21146
49		896632.8365		899060.90719		894204.76581
50		914383.52027		916855.45416		911911.58638
51		932163.10373		934682.38776		929643.8197
52		949973.10821		952543.46788		947402.74854
53		967815.13514		970440.54539		965189.72488
54		986053.0086		989019.74611		983086.27109
55		1004666.34211		1007834.18223		1001498.50199
56		1023261.01188		1026115.59472		1020406.42904
57		1041862.63601		1044939.24874		1038786.02327
58		1060278.58577		1063645.13604		1056912.03551
59		1078865.76361		1082335.75272		1075395.77449
60		1097431.50287		1101055.88415		1093807.12159
61		1115426.49113		1119393.09877		1111459.88348
62		1133599.84725		1137873.30467		1129326.38983
63		1151952.27545		1156399.08704		1147505.46385
64		1170099.92798		1174399.90152		1165799.95443
65		1187861.04397		1192189.22828		1183532.85967
66		1205885.31544		1210028.79531		1201741.83557
67		1224294.41909		1228133.27986		1220455.55831
68		1242513.65983		1246278.81912		1238748.50054
69		1260734.72372		1264454.23791		1257015.20954
70		1279149.30121		1283196.43385		1275102.16856
71		1297746.96759		1302037.56274		1293456.37244
72		1316335.68272		1320881.53945		1311789.82599
73		1334723.38361		1339440.52929		1330006.23793
74		1353111.69506		1358026.72871		1348196.66142
75		1371490.12413		1376477.42294		1366502.82532
76		1389677.08611		1394435.07365		1384919.09857
77		1408055.77339		1412961.46877		1403150.07801
78		1426243.01063		1431327.83344		1421158.18782
79		1444621.9901		1449910.98115		1439332.99905
80		1463001.12978		1468523.32505		1457478.93452
81		1481561.5042		1487148.3888		1475974.61959
82		1499727.79872		1505172.42917		1494283.16827
83		1520714.20976		1529346.70086		1512081.71865
84		1539081.2386		1547770.29915		1530392.17805
85		1557447.80879		1566217.8845		1548677.73307
86		1575648.91015		1584646.05808		1566651.76223
87		1594042.49688		1603129.20323		1584955.79054
88		1612607.56522		1621371.23818		1603843.89226
89		1631151.47192		1640077.78276		1622225.16108
90		1649683.63261		1658780.31037		1640586.95485
91		1667820.26134		1676863.19984		1658777.32284
92		1685773.35128		1694941.38445		1676605.31812
93		1703926.49926		1713083.72151		1694769.27701
94		1722088.57038		1731257.50879		1712919.63197
95		1740249.51218		1749101.27862		1731397.74574
96		1758419.79603		1766988.0237		1749851.56835
97		1776962.02685		1785428.59914		1768495.45457
98		1795300.87681		1803812.97979		1786788.77383
99		1813446.25863		1821704.96512		1805187.55213
100		1831781.23547		1840134.11672		1823428.35423
101		1849938.62818		1858752.87215		1841124.38422
102		1868286.25812		1877431.0012		1859141.51504
103		1886632.4856		1896102.10085		1877162.87035
104		1905158.28974		1914790.27787		1895526.30161
105		1923479.9031		1933373.2076		1913586.59861
106		1941798.76805		1951950.19447		1931647.34163
107		1960104.2224		1970210.86047		1949997.58433
108		1978406.09597		1988488.32052		1968323.87142
109		1996512.64718		2006250.41126		1986774.88309
110		2014625.78021		2024044.0534		2005207.50702
111		2032926.8851		2041896.60009		2023957.17011
112		2051032.66767		2059687.40843		2042377.9269
113		2069326.05494		2077773.58856		2060878.52131
114		2087615.29615		2095890.68959		2079339.90271
115		2105889.66112		2114486.72592		2097292.59632
116		2123993.96339		2132630.89394		2115357.03284
117		2142092.89816		2150773.29567		2133412.50065
118		2160368.61221		2169343.70957		2151393.51485
119		2178447.79679		2187597.38136		2169298.21222
120		2196532.27338		2205870.10213		2187194.44462
121		2214803.3415		2224166.50009		2205440.18291
122		2233069.23253		2242479.42493		2223659.04012
123		2251329.69741		2260804.44516		2241854.94965
124		2269765.46154		2279175.60458		2260355.3185
125		2288173.65407		2297689.30171		2278658.00642
126		2306371.87689		2315954.03015		2296789.72363
127		2324550.69529		2333898.29449		2315203.09609
128		2342528.1572		2351810.92109		2333245.3933
129		2360505.7992		2369750.32781		2351261.27059
130		2378483.66686		2387713.14692		2369254.18679
131		2396451.28408		2405435.02063		2387467.54753
132		2414227.21947		2423071.11836		2405383.32058
133		2432194.42266		2441246.76471		2423142.08062
134		2450342.38543		2459442.60405		2441242.16681
135		2468314.31253		2477593.91913		2459034.70592
136		2486467.32866		2495810.02983		2477124.62749
137		2504790.3969		2514235.23924		2495345.55456
138		2523107.10422		2532504.4616		2513709.74685
139		2541197.79307		2550189.76024		2532205.82591
140		2558879.88826		2567750.2972		2550009.47932
141		2576555.92464		2585326.35077		2567785.4985
142		2594225.65879		2602916.49799		2585534.81958
143		2612081.56563		2620718.9446		2603444.18667
144		2629740.80649		2638413.62678		2621067.98621
145		2647585.80853		2656640.55942		2638531.05764
146		2665786.55762		2674914.53778		2656658.57747
147		2683959.16114		2693170.60671		2674747.71558
148		2702102.24613		2711404.29788		2692800.19437
149		2720214.37421		2729611.13575		2710817.61268
150		2738283.51231		2747606.5534		2728960.47122
151		2756126.89924		2765030.25461		2747223.54387
152		2773753.43486		2782413.90842		2765092.9613
153		2791172.49857		2799725.97333		2782619.02381
154		2808585.04124		2817054.55093		2800115.53155
155		2825990.88718		2834397.63308		2817584.14128
156		2843198.86537		2851621.39767		2834776.33307
157		2860590.79696		2869377.8751		2851803.71881
158		2878155.90799		2887143.52431		2869168.29167
159		2895882.86682		2904961.65958		2886804.07406
160		2913579.4518		2922762.75064		2904396.15297
161		2931424.56042		2940679.119		2922170.00183
162		2949405.59546		2958621.86461		2940189.32631
163		2967138.48506		2975938.7638		2958338.20632
164		2984821.75263		2993225.9503		2976417.55496
165		3002262.53943		3010431.1287		2994093.95016
166		3019469.09764		3027539.8021		3011398.39317
167		3036640.55861		3044647.34244		3028633.77477
168		3053775.44628		3061748.96161		3045801.93095
169		3071051.96885		3079350.2722		3062753.66551
170		3088087.45687		3096761.04691		3079413.86683
171		3105096.54918		3113934.64648		3096258.45189
172		3122421.19601		3131323.40055		3113518.99147
173		3139678.31634		3148655.43669		3130701.196
174		3156864.8903		3165924.53422		3147805.24639
175		3173598.4284		3182350.64277		3164846.21404
176		3190455.32075		3198799.18919		3182111.45231
177		3207053.62702		3215158.62897		3198948.62508
178		3223590.47601		3231488.65715		3215692.29486
179		3239874.22486		3247697.07912		3232051.3706
180		3256102.10098		3263872.40449		3248331.79747
181		3272628.56865		3280710.31445		3264546.82284
182		3288883.72174		3297338.29829		3280429.1452
183		3305241.41876		3313900.5154		3296582.32211
184		3321509.47665		3330382.98411		3312635.96919
185		3337861.74491		3346812.70584		3328910.78399
186		3354105.60859		3363141.4434		3345069.77377
187		3370236.54791		3379361.49644		3361111.59938
188		3386239.35394		3395275.33114		3377203.37674
189		3402119.14966		3411080.61214		3393157.68718
190		3417684.11918		3426224.57472		3409143.66364
191		3432940.17545		3441207.14799		3424673.2029
192		3447893.66431		3456036.17975		3439751.14887
193		3462737.18638		3470776.06632		3454698.30644
194		3477641.68419		3485609.51769		3469673.8507
195		3492073.27547		3500042.63077		3484103.92016
196		3506556.13063		3514853.27114		3498258.99012
197		3521074.0292		3529552.0884		3512595.97
198		3535426.29209		3544064.40268		3526788.18151
199		3549633.28726		3558009.15895		3541257.41558
200		3563662.01189		3571780.98235		3555543.04143
201		3577495.36706		3585362.53164		3569628.20249
202		3591307.57117		3598808.61759		3583806.52476
203		3604908.98346		3612048.26934		3597769.69758
204		3618473.47762		3625614.00801		3611332.94723
205		3631632.81697		3638914.82794		3624350.80599
206		3644569.69596		3652007.29424		3637132.09767
207		3657098.56473		3664354.28587		3649842.84359
208		3669223.88056		3676385.54327		3662062.21785
209		3681126.78614		3688217.17422		3674036.39806
210		3692800.46622		3699840.58426		3685760.34819
211		3704577.09554		3711351.72977		3697802.46131
212		3715925.94046		3722642.71971		3709209.16122
213		3727346.66511		3734154.07057		3720539.25964
214		3738474.58184		3745287.56148		3731661.6022
215		3749311.41212		3756151.11613		3742471.70812
216		3759848.85963		3766732.72837		3752964.99089
217		3769912.34541		3776890.22841		3762934.46242
218		3779369.256		3786649.58747		3772088.92453
219		3788365.78488		3795612.71017		3781118.85958
220		3797221.28562		3804386.03905		3790056.53218
221		3805766.37338		3812869.72892		3798663.01784
222		3813994.92126		3821055.32656		3806934.51595
223		3822045.63032		3829030.02785		3815061.2328
224		3829897.3716		3836663.90124		3823130.84195
225		3837528.43881		3844369.24384		3830687.63377
226		3844779.43398		3851701.87732		3837856.99064
227		3851499.28385		3858521.67683		3844476.89088
228		3857840.66746		3864976.15323		3850705.18169
229		3863799.28966		3871057.27838		3856541.30093
230		3869100.7798		3876624.49647		3861577.06312
231		3874041.46878		3881812.28956		3866270.648
232		3878493.13766		3886245.41999		3870740.85533
233		3882713.01153		3890429.13279		3874996.89027
234		3886696.57719		3894322.06489		3879071.08948
235		3890323.4206		3897877.37869		3882769.4625
236		3893798.61409		3901171.08835		3886426.13982
237		3896791.71999		3904075.96824		3889507.47173
238		3899447.33809		3906847.05935		3892047.61682
239		3902602.25575		3911922.01723		3893282.49427
240		3904483.78538		3913922.00596		3895045.5648
241		3905973.90476		3915589.46486		3896358.34466
242		3907189.83665		3916952.7397		3897426.93361
243		3908210.53785		3918053.59078		3898367.48493
244		3908986.80522		3918889.51721		3899084.09323
245		3909587.63236		3919518.21145		3899657.05326
246		3909986.0128		3919924.33317		3900047.69243
247		3910240.10496		3920143.74497		3900336.46495
248		3910348.44676		3920213.5243		3900483.36922
249		3910384.54676		3920233.15335		3900535.94016
250		3910384.54676		3920233.15335		3900535.94016
