step	mbie-eb_runtime_mean	mbie-eb_runtime_std_up	mbie-eb_runtime_std_down
1		9e-05		0.00011		7e-05
2		0.25213		0.26617		0.23809
3		0.28017		0.32803		0.23232
4		0.28156		0.32944		0.23368
5		0.28296		0.33082		0.23509
6		0.28441		0.33229		0.23653
7		0.31252		0.38481		0.24023
8		0.45391		0.53126		0.37657
9		0.60517		0.63639		0.57396
10		0.64472		0.6949		0.59454
11		0.67693		0.7397		0.61416
12		0.67832		0.74112		0.61552
13		0.67987		0.74281		0.61692
14		0.74418		0.84551		0.64284
15		0.85104		0.89962		0.80246
16		0.88308		0.93801		0.82816
17		0.92103		1.03298		0.80909
18		0.93317		1.06482		0.80153
19		0.9747		1.18317		0.76622
20		1.03077		1.29786		0.76368
21		1.05391		1.30999		0.79783
22		1.05916		1.31433		0.80399
23		1.06066		1.31585		0.80546
24		1.10551		1.35521		0.85581
25		1.11565		1.37039		0.86091
26		1.25864		1.52059		0.99669
27		1.37319		1.5817		1.16468
28		1.42159		1.62698		1.21619
29		1.52577		1.72273		1.32881
30		1.58205		1.7842		1.37991
31		1.64213		1.89499		1.38927
32		1.70784		2.01343		1.40224
33		1.72844		2.02741		1.42947
34		1.8184		2.19733		1.43946
35		1.86566		2.29809		1.43323
36		1.86712		2.29958		1.43466
37		1.87847		2.31484		1.4421
38		1.9986		2.34189		1.6553
39		2.07166		2.36191		1.78141
40		2.1413		2.44208		1.84053
41		2.21364		2.55006		1.87722
42		2.27427		2.65427		1.89428
43		2.30445		2.70419		1.90471
44		2.33837		2.73966		1.93707
45		2.3981		2.82985		1.96635
46		2.46869		2.97093		1.96644
47		2.49963		3.02649		1.97277
48		2.56236		3.12666		1.99805
49		2.63343		3.26416		2.00271
50		2.74783		3.27564		2.22002
51		2.87999		3.4155		2.34448
52		2.94731		3.56517		2.32945
53		3.01756		3.7211		2.31402
54		3.13059		3.91363		2.34755
55		3.22963		4.07709		2.38217
56		3.26838		4.11824		2.41851
57		3.32111		4.18794		2.45429
58		3.35581		4.25124		2.46039
59		3.35731		4.25278		2.46184
60		3.39893		4.30662		2.49124
61		3.45267		4.3815		2.52383
62		3.55218		4.37206		2.7323
63		3.61711		4.36773		2.86648
64		3.62249		4.37627		2.86871
65		3.69527		4.52896		2.86158
66		3.80855		4.72782		2.88929
67		3.89035		4.84814		2.93256
68		4.02447		5.06785		2.98108
69		4.18796		5.33818		3.03774
70		4.26627		5.49645		3.03609
71		4.37706		5.59486		3.15927
72		4.46116		5.64741		3.27491
73		4.61701		5.85985		3.37417
74		4.78358		5.94976		3.6174
75		4.9095		6.12192		3.69708
76		4.98151		6.17777		3.78524
77		5.08868		6.31222		3.86514
78		5.19886		6.47189		3.92583
79		5.27412		6.55406		3.99419
80		5.33627		6.6093		4.06324
81		5.47368		6.76436		4.18301
82		5.64219		6.86821		4.41617
83		5.78585		6.99089		4.5808
84		5.96127		7.14382		4.77871
85		6.08479		7.25383		4.91576
86		6.2969		7.48356		5.11024
87		6.39658		7.49018		5.30299
88		6.63109		7.72337		5.53882
89		6.79055		7.89261		5.68848
90		6.91331		8.00093		5.82569
91		7.03785		8.08163		5.99408
92		7.13285		8.15977		6.10593
93		7.2318		8.18741		6.27618
94		7.35959		8.23325		6.48593
95		7.49053		8.28709		6.69397
96		7.60941		8.43098		6.78784
97		7.6807		8.48014		6.88125
98		7.76885		8.56053		6.97716
99		7.85555		8.65313		7.05796
100		7.98886		8.74412		7.23359
101		8.03251		8.79381		7.27121
102		8.10144		8.90186		7.30101
103		8.19522		9.00456		7.38588
104		8.28453		9.12033		7.44873
105		8.34646		9.19299		7.49992
106		8.42665		9.20174		7.65155
107		8.49408		9.19341		7.79476
108		8.55741		9.18436		7.93046
109		8.57883		9.19053		7.96713
110		8.63909		9.2386		8.03957
111		8.73325		9.35645		8.11004
112		8.7711		9.40172		8.14047
113		8.82291		9.48761		8.15821
114		8.93339		9.50974		8.35704
115		8.95939		9.53641		8.38236
116		8.98233		9.58137		8.3833
117		9.09039		9.69903		8.48176
118		9.12002		9.75175		8.48828
119		9.15824		9.82733		8.48915
120		9.22902		9.82713		8.6309
121		9.3165		9.89254		8.74046
122		9.40595		10.02004		8.79187
123		9.46058		10.12423		8.79693
124		9.51785		10.24893		8.78677
125		9.57018		10.36208		8.77827
126		9.63235		10.38453		8.88016
127		9.6942		10.39889		8.9895
128		9.79327		10.47707		9.10948
129		9.80688		10.49723		9.11654
130		9.85913		10.56777		9.15048
131		9.88063		10.60961		9.15165
132		9.94001		10.613		9.26701
133		10.01019		10.64562		9.37476
134		10.0824		10.70591		9.4589
135		10.12283		10.77119		9.47448
136		10.15201		10.82771		9.47632
137		10.17627		10.87894		9.47361
138		10.30082		10.92336		9.67828
139		10.43863		11.04068		9.83658
140		10.5626		11.14528		9.97992
141		10.66125		11.28046		10.04203
142		10.76439		11.43994		10.08884
143		10.83133		11.55807		10.10459
144		10.9727		11.78011		10.16528
145		11.05605		11.89722		10.21489
146		11.1172		11.94637		10.28803
147		11.17215		12.00016		10.34415
148		11.20462		12.06064		10.34861
149		11.24875		12.11713		10.38037
150		11.28786		12.16773		10.40799
151		11.32577		12.2187		10.43283
152		11.43786		12.38168		10.49405
153		11.53605		12.52589		10.54621
154		11.64592		12.69827		10.59357
155		11.75083		12.86851		10.63315
156		11.83749		13.00252		10.67247
157		11.90115		13.07348		10.72883
158		12.00191		13.21614		10.78767
159		12.11999		13.34279		10.89718
160		12.22967		13.5139		10.94544
161		12.36578		13.6836		11.04796
162		12.42965		13.78491		11.07439
163		12.50221		13.90294		11.10148
164		12.56553		14.01695		11.1141
165		12.64114		14.15826		11.12402
166		12.69209		14.23859		11.14559
167		12.76185		14.35989		11.16381
168		12.89742		14.41374		11.38111
169		12.96227		14.47076		11.45377
170		13.02014		14.48109		11.55919
171		13.10123		14.54128		11.66119
172		13.16138		14.56594		11.75681
173		13.26398		14.675		11.85297
174		13.38572		14.78954		11.9819
175		13.51375		14.90529		12.12221
176		13.5744		14.97442		12.17439
177		13.63483		15.04216		12.2275
178		13.70268		15.12241		12.28294
179		13.78215		15.28303		12.28126
180		13.83376		15.36725		12.30027
181		13.90584		15.47064		12.34105
182		13.93845		15.49514		12.38175
183		13.97336		15.52272		12.424
184		14.01055		15.55227		12.46883
185		14.10918		15.56697		12.65139
186		14.20116		15.6006		12.80172
187		14.3101		15.70746		12.91274
188		14.42486		15.83207		13.01765
189		14.55209		16.00106		13.10312
190		14.67336		16.17301		13.17371
191		14.83523		16.40713		13.26333
192		14.97415		16.60483		13.34346
193		15.08923		16.7532		13.42525
194		15.18978		16.88072		13.49884
195		15.34317		16.99323		13.6931
196		15.49675		17.08693		13.90658
197		15.62308		17.15582		14.09033
198		15.75117		17.23441		14.26794
199		15.88505		17.35016		14.41995
200		15.99041		17.42663		14.55419
201		16.06772		17.5829		14.55254
202		16.2496		17.7662		14.733
203		16.44843		17.99841		14.89845
204		16.61991		18.23571		15.00411
205		16.75713		18.40005		15.1142
206		16.88589		18.55		15.22179
207		17.04111		18.77806		15.30416
208		17.21471		19.00991		15.4195
209		17.37434		19.19677		15.55191
210		17.52745		19.38526		15.66964
211		17.67982		19.57056		15.78908
212		17.79407		19.61948		15.96865
213		17.87514		19.65683		16.09346
214		18.00048		19.72065		16.28031
215		18.1426		19.84607		16.43913
216		18.31065		20.083		16.53829
217		18.43918		20.20595		16.67241
218		18.55629		20.33077		16.78181
219		18.70748		20.51103		16.90392
220		18.87081		20.68877		17.05285
221		19.06304		20.96805		17.15803
222		19.22584		21.12653		17.32515
223		19.36677		21.2943		17.43925
224		19.55227		21.49153		17.61301
225		19.66783		21.69789		17.63778
226		19.78385		21.9089		17.6588
227		19.94266		22.19352		17.6918
228		20.05847		22.39353		17.72341
229		20.19331		22.63443		17.7522
230		20.32794		22.87658		17.77929
231		20.4584		23.1223		17.79449
232		20.66344		23.34879		17.97809
233		20.89414		23.59649		18.19179
234		21.04608		23.70804		18.38412
235		21.26582		23.89134		18.64031
236		21.43211		24.06813		18.79609
237		21.54567		24.18973		18.90161
238		21.68245		24.41258		18.95232
239		21.7915		24.44442		19.13857
240		21.83831		24.44011		19.23652
241		21.88691		24.4355		19.33833
242		21.91933		24.43041		19.40825
243		22.09956		24.63003		19.5691
244		22.11437		24.63534		19.5934
245		22.19075		24.6271		19.7544
246		22.27581		24.69504		19.85657
247		22.41758		24.76504		20.07012
248		22.59541		25.05693		20.13389
249		22.77967		25.24138		20.31796
250		22.90531		25.3319		20.47873
