step	mbie_inst_loss_mean	mbie_inst_loss_std_up	mbie_inst_loss_std_down
1		17708.36274		17774.91994		17641.80553
2		18283.78865		18789.88304		17777.69425
3		17692.19482		17721.0716		17663.31803
4		17899.08189		18254.01717		17544.14661
5		17723.58057		17784.04706		17663.11408
6		17932.11955		18282.17679		17582.06231
7		18301.56787		18833.77586		17769.35989
8		18297.62597		18807.36972		17787.88221
9		18101.88004		18580.88339		17622.8767
10		18289.10889		18750.32183		17827.89595
11		18284.51132		18719.53155		17849.49108
12		18279.67179		18687.12528		17872.2183
13		17891.38449		18250.30225		17532.46672
14		17715.47829		17822.1385		17608.81808
15		17742.5208		17854.7947		17630.24689
16		17770.98662		17889.16968		17652.80356
17		17800.95069		17925.35391		17676.54747
18		17832.49185		17963.44261		17701.54109
19		18046.7633		18494.17943		17599.34716
20		18070.63169		18502.00728		17639.25611
21		18276.82654		18845.32181		17708.33127
22		18292.19327		18840.43238		17743.95415
23		18308.36882		18835.34603		17781.39161
24		18325.39578		18830.06738		17820.72417
25		18513.86276		19032.76801		17994.95751
26		18500.04232		18984.53409		18015.55055
27		18293.89814		18760.36751		17827.42876
28		18507.3075		18985.58425		18029.03075
29		18310.67218		18725.79328		17895.55109
30		18524.96452		19007.37231		18042.55672
31		18520.85506		18993.13788		18048.57225
32		18709.52575		19066.71946		18352.33205
33		18722.51988		19075.30374		18369.73603
34		18708.19801		19062.56545		18353.83057
35		18501.52618		18956.96468		18046.08768
36		18677.25357		19035.1622		18319.34495
37		18468.95337		18927.02958		18010.87716
38		18644.3666		19122.56239		18166.17081
39		18637.85832		19100.11894		18175.5977
40		18631.00763		19076.51665		18185.49862
41		18432.20042		18917.09714		17947.3037
42		18616.20608		19025.61153		18206.80063
43		18608.21629		18998.19396		18218.23863
44		18780.87587		18828.08978		18733.66197
45		18760.94294		18810.64179		18711.24409
46		18739.96111		18792.27569		18687.64654
47		18717.8752		18772.94317		18662.80723
48		18311.43542		18806.16686		17816.70398
49		17924.82514		18295.68011		17553.97017
50		17750.68377		17819.02993		17682.33761
51		17779.58346		17851.52678		17707.64013
52		17810.00448		17885.7343		17734.27466
53		17842.02693		17921.74253		17762.31133
54		18237.87346		18702.08366		17773.66326
55		18613.33351		19021.54385		18205.12317
56		18594.66977		18939.56496		18249.77458
57		18601.62413		18961.61964		18241.62861
58		18415.94977		18905.58828		17926.31126
59		18587.17783		19018.325		18156.03066
60		18565.73926		19002.24255		18129.23597
61		17994.98826		18407.02705		17582.94946
62		18173.35612		18661.33018		17685.38207
63		18352.4282		18755.57155		17949.28485
64		18147.65253		18529.13307		17766.172
65		17761.11599		17892.09001		17630.14198
66		18024.27147		18424.30492		17624.23801
67		18409.10365		18892.51443		17925.69287
68		18219.24074		18684.12095		17754.36053
69		18221.0639		18693.19881		17748.92898
70		18414.57748		18905.52952		17923.62545
71		18597.66639		18998.04383		18197.28894
72		18588.71513		18969.31371		18208.11655
73		18387.70089		18846.04352		17929.35826
74		18388.31145		18820.79299		17955.82991
75		18378.42907		18891.04369		17865.81445
76		18186.96198		18664.12171		17709.80224
77		18378.68728		18844.45141		17912.92315
78		18187.23724		18675.65235		17698.82212
79		18378.97947		18906.52792		17851.43103
80		18379.13969		18884.34846		17873.93091
81		18560.37441		18961.68438		18159.06444
82		18166.29453		18677.55965		17655.0294
83		20986.41104		26958.41685		15014.40522
84		18367.02884		18846.2441		17887.81359
85		18366.57019		18820.99489		17912.14548
86		18201.10136		18665.1446		17737.05812
87		18393.58673		18812.63373		17974.53973
88		18565.06834		18947.74635		18182.39033
89		18543.9067		18968.02797		18119.78542
90		18532.16069		18937.82808		18126.4933
91		18136.62873		18653.97528		17619.28218
92		17953.08995		18333.52516		17572.65473
93		18153.14797		18623.27952		17683.01643
94		18162.07112		18606.80643		17717.33581
95		18160.9418		18653.3089		17668.5747
96		18170.28385		18638.59202		17701.97567
97		18542.23082		18955.20621		18129.25544
98		18338.84996		18843.34519		17834.35473
99		18145.38182		18586.83248		17703.93115
100		18334.97685		18790.99767		17878.95603
101		18157.39271		18653.13851		17661.6469
102		18347.62994		18821.67606		17873.58381
103		18346.22748		18794.84673		17897.60824
104		18525.80414		18898.85051		18152.75777
105		18321.61336		18791.40209		17851.82464
106		18318.86495		18763.2529		17874.477
107		18305.45435		18810.22611		17800.68258
108		18301.87357		18783.05469		17820.69246
109		18106.5512		18601.52136		17611.58105
110		18113.13303		18584.06438		17642.20169
111		18301.10489		18786.74187		17815.46792
112		18105.78256		18602.99486		17608.57026
113		18293.38727		18786.87291		17799.90163
114		18289.24121		18758.33559		17820.14683
115		18274.36497		18766.0966		17782.63334
116		18104.30227		18548.29759		17660.30696
117		18098.93477		18523.69542		17674.17412
118		18275.71405		18767.87097		17783.55714
119		18079.18458		18588.14468		17570.22447
120		18084.47659		18570.01965		17598.93352
121		18271.06812		18759.91594		17782.2203
122		18265.89103		18730.15414		17801.62791
123		18260.46488		18698.89009		17822.03967
124		18435.76413		18804.16		18067.36827
125		18408.19253		18844.50123		17971.88382
126		18198.22282		18684.17554		17712.2701
127		18178.8184		18679.734		17677.90281
128		17977.46191		18469.33161		17485.5922
129		17977.642		18444.95803		17510.32597
130		17977.86766		18419.34835		17536.38696
131		17967.61722		18438.46387		17496.77058
132		17775.93539		18161.59205		17390.27872
133		17967.2032		18445.89206		17488.51433
134		18147.96277		18633.97785		17661.94768
135		17971.9271		18443.6754		17500.1788
136		18153.01613		18609.11263		17696.91964
137		18323.06824		18674.31367		17971.82281
138		18316.70733		18647.85038		17985.56428
139		18090.68885		18552.00123		17629.37647
140		17682.09518		18087.31237		17276.878
141		17676.03638		18064.93189		17287.14086
142		17669.73415		18042.43961		17297.02869
143		17855.90685		18303.81507		17407.99862
144		17659.24086		18030.14403		17288.33769
145		17845.00203		18298.34236		17391.6617
146		18200.7491		18602.38742		17799.11078
147		18172.60352		18554.46304		17790.744
148		18143.08498		18504.19666		17781.97331
149		18112.12809		18451.49437		17772.7618
150		18069.1381		18518.07092		17620.20528
151		17843.38693		18366.08644		17320.68741
152		17626.53562		18129.52658		17123.54465
153		17419.06371		17827.53459		17010.59284
154		17412.54267		17801.36137		17023.72396
155		17405.84594		17773.99601		17037.69587
156		17207.97819		17254.36792		17161.58847
157		17391.93159		17781.04394		17002.81923
158		17565.11103		18038.40059		17091.82147
159		17726.95883		18188.94716		17264.97051
160		17696.58498		18132.48391		17260.68605
161		17845.10862		18203.13043		17487.0868
162		17981.03504		18036.33331		17925.73677
163		17732.8896		18160.51519		17305.264
164		17683.26757		18092.333		17274.20215
165		17440.7868		17931.91365		16949.65994
166		17206.55821		17698.9919		16714.12451
167		17171.46097		17639.38181		16703.54014
168		17134.88767		17577.02319		16692.75215
169		17276.52258		17719.59572		16833.44944
170		17035.48802		17488.76189		16582.21414
171		17009.09231		17490.39892		16527.78571
172		17324.64682		17728.83246		16920.46118
173		17257.12033		17641.41614		16872.82453
174		17186.57396		17549.95235		16823.19557
175		16733.5381		17209.21434		16257.86186
176		16856.89235		17339.10153		16374.68317
177		16598.30628		17065.01272		16131.59983
178		16536.84899		16977.7097		16095.98827
179		16283.74885		16658.98668		15908.51103
180		16227.87612		16582.21624		15873.536
181		16526.46766		17000.42117		16052.51416
182		16255.1531		16747.69186		15762.61434
183		16357.69701		16863.36906		15852.02497
184		16268.05789		16749.92382		15786.19197
185		16352.26826		16738.20529		15966.33123
186		16243.86367		16609.00057		15878.72678
187		16130.93933		16474.22184		15787.65681
188		16002.80603		16385.45294		15620.15912
189		15879.79572		16241.72506		15517.86638
190		15564.96952		16042.17753		15087.76151
191		15256.05626		15705.45452		14806.65801
192		14953.48887		15340.51947		14566.45826
193		14843.52207		15210.73109		14476.31304
194		14904.49781		15393.72452		14415.27111
195		14431.59127		14557.14549		14306.03705
196		14482.85516		14826.42893		14139.2814
197		14517.89857		14965.56514		14070.232
198		14352.2629		14731.35282		13973.17297
199		14206.99517		14634.81587		13779.17447
200		14028.72463		14447.35605		13610.09321
201		13833.35517		14244.87538		13421.83497
202		13812.20411		14239.34761		13385.06061
203		13601.41228		14029.93733		13172.88724
204		13564.49416		13865.07565		13263.91268
205		13159.33934		13609.5641		12709.11458
206		12936.87899		13372.02647		12501.73152
207		12528.86877		12991.81718		12065.92036
208		12125.31583		12493.2187		11757.41297
209		11902.90558		12252.22858		11553.58259
210		11673.68008		12004.5404		11342.81975
211		11776.62932		12179.26373		11373.99491
212		11348.84492		11735.94111		10961.74873
213		11420.72465		11687.19642		11154.25287
214		11127.91673		11530.79661		10725.03686
215		10836.83028		11220.04056		10453.62
216		10537.44751		10900.11101		10174.78401
217		10063.48578		10500.65543		9626.31612
218		9456.91059		9778.32158		9135.49961
219		8996.52888		9125.35292		8867.70483
220		8855.50074		9199.1199		8511.88158
221		8545.08776		8865.79642		8224.37911
222		8228.54788		8525.59129		7931.50447
223		8050.70907		8408.68027		7692.73786
224		7851.74128		8169.56913		7533.91343
225		7631.06721		7871.60479		7390.52962
226		7250.99518		7486.24507		7015.74528
227		6719.84987		7072.92112		6366.77863
228		6341.38361		6673.13559		6009.63162
229		5958.6222		6268.31949		5648.92491
230		5301.49014		5581.06496		5021.91532
231		4940.68898		5195.73583		4685.64213
232		4451.66888		4503.13084		4400.20692
233		4219.87387		4488.99137		3950.75638
234		3983.56565		4269.54524		3697.58607
235		3626.84341		3876.01672		3377.6701
236		3475.19349		3682.70903		3267.67795
237		2993.1059		3264.20891		2722.00289
238		2655.6181		2881.66999		2429.56621
239		3154.91766		5222.12324		1087.71208
240		1881.52963		2086.41408		1676.64518
241		1490.11938		1679.49997		1300.73879
242		1215.9319		1373.35177		1058.51202
243		1020.7012		1188.95571		852.44669
244		776.26737		906.80001		645.73473
245		600.82714		715.93565		485.71863
246		398.38044		480.71926		316.04162
247		254.09216		317.25029		190.93403
248		108.3418		161.85929		54.82431
249		36.1		61.87285		10.32715
250		0.0		0.0		0.0
