step	mediator-max-opt_inst_loss_mean	mediator-max-opt_inst_loss_std_up	mediator-max-opt_inst_loss_std_down
1		-9540.04573		36958.19323		-56038.2847
2		11365.89149		19776.24199		2955.54099
3		10761.08914		18679.42597		2842.75231
4		10761.07591		18679.40757		2842.74425
5		10761.062		18679.38823		2842.73577
6		10761.04737		18679.36789		2842.72685
7		10761.03199		18679.3465		2842.71748
8		10761.01581		18679.324		2842.70762
9		10760.9988		18679.30035		2842.69726
10		10760.98091		18679.27547		2842.68636
11		10760.96211		18679.24931		2842.6749
12		10760.94233		18679.2218		2842.66285
13		10760.92153		18679.19288		2842.65018
14		10760.89966		18679.16246		2842.63686
15		10760.87667		18679.13048		2842.62286
16		10760.85249		18679.09684		2842.60814
17		10760.82707		18679.06148		2842.59266
18		10760.80034		18679.02429		2842.57639
19		10760.77223		18678.98519		2842.55928
20		10760.74268		18678.94408		2842.54129
21		10760.71162		18678.90085		2842.52238
22		10760.67895		18678.8554		2842.5025
23		10760.64461		18678.80761		2842.4816
24		10760.6085		18678.75737		2842.45963
25		10760.57054		18678.70454		2842.43653
26		10760.53062		18678.64899		2842.41225
27		10760.48866		18678.5906		2842.38673
28		10760.44455		18678.5292		2842.3599
29		10760.39818		18678.46465		2842.3317
30		10760.34942		18678.39679		2842.30205
31		10760.29817		18678.32545		2842.27089
32		10760.24429		18678.25045		2842.23814
33		10760.18765		18678.1716		2842.20371
34		10760.12811		18678.08871		2842.16752
35		10760.06553		18678.00157		2842.12948
36		10759.99973		18677.90996		2842.0895
37		10759.93058		18677.81367		2842.04748
38		10759.85788		18677.71244		2842.00332
39		10759.78147		18677.60603		2841.95691
40		10759.70115		18677.49418		2841.90812
41		10759.61673		18677.3766		2841.85686
42		10759.52799		18677.25301		2841.80298
43		10759.43473		18677.12311		2841.74635
44		10759.3367		18676.98656		2841.68685
45		10759.23368		18676.84304		2841.62431
46		10759.1254		18676.6922		2841.5586
47		10759.01159		18676.53365		2841.48954
48		10758.89199		18676.36701		2841.41697
49		10758.76629		18676.19187		2841.34072
50		10758.6342		18676.0078		2841.2606
51		10758.49537		18675.81434		2841.1764
52		10758.34949		18675.61103		2841.08794
53		10758.19618		18675.39737		2840.99499
54		10758.03508		18675.17282		2840.89733
55		10757.86578		18674.93685		2840.79472
56		10757.68789		18674.68887		2840.68692
57		10757.50097		18674.42828		2840.57365
58		10757.30455		18674.15445		2840.45466
59		10757.09817		18673.8667		2840.32965
60		10756.88133		18673.56434		2840.19832
61		10756.65349		18673.24663		2840.06035
62		10756.41411		18672.9128		2839.91542
63		10756.1626		18672.56203		2839.76317
64		10755.89836		18672.19348		2839.60324
65		10755.62076		18671.80626		2839.43525
66		10755.32911		18671.39942		2839.2588
67		10755.02272		18670.97199		2839.07345
68		10754.70085		18670.52292		2838.87878
69		10754.36273		18670.05114		2838.67431
70		10754.00754		18669.55551		2838.45957
71		10753.63443		18669.03484		2838.23403
72		10753.24251		18668.48787		2837.99716
73		10752.83085		18667.91329		2837.74841
74		10752.39845		18667.30972		2837.48717
75		10751.94428		18666.67572		2837.21285
76		10751.46727		18666.00977		2836.92477
77		10750.96627		18665.31027		2836.62228
78		10750.4401		18664.57556		2836.30464
79		10749.8875		18663.80388		2835.97113
80		10749.30717		18662.9934		2835.62094
81		10748.69773		18662.14219		2835.25327
82		10748.05774		18661.24822		2834.86725
83		10747.38568		18660.30938		2834.46198
84		10746.67998		18659.32345		2834.03651
85		10745.93897		18658.28808		2833.58985
86		10745.1609		18657.20084		2833.12096
87		10744.34396		18656.05916		2832.62876
88		10743.48623		18654.86036		2832.11209
89		10742.58569		18653.6016		2831.56977
90		10741.64025		18652.27995		2831.00055
91		10740.64769		18650.89229		2830.4031
92		10739.60571		18649.43538		2829.77605
93		10738.51189		18647.90582		2829.11796
94		10737.36368		18646.30004		2828.42733
95		10736.15842		18644.61429		2827.70256
96		10734.89333		18642.84466		2826.94201
97		10733.56548		18640.98703		2826.14393
98		10732.17182		18639.03712		2825.30652
99		10730.70913		18636.99039		2824.42786
100		10729.17405		18634.84213		2823.50597
101		10727.56307		18632.58739		2822.53876
102		10725.87251		18630.22098		2821.52405
103		10724.0985		18627.73746		2820.45954
104		10722.237		18625.13114		2819.34285
105		10720.28378		18622.39607		2818.17148
106		10718.2344		18619.526		2816.9428
107		10716.08423		18616.51439		2815.65406
108		10713.8284		18613.3544		2814.3024
109		10711.46184		18610.03887		2812.88482
110		10708.97922		18606.56028		2811.39817
111		10706.37497		18602.91078		2809.83916
112		10703.64326		18599.08215		2808.20437
113		10700.77798		18595.06579		2806.49018
114		10697.77276		18590.85268		2804.69284
115		10694.62092		18586.43341		2802.80843
116		10691.31546		18581.7981		2800.83282
117		10687.84908		18576.93645		2798.76172
118		10684.21415		18571.83766		2796.59063
119		10680.40265		18566.49044		2794.31487
120		10676.40624		18560.88297		2791.92951
121		10672.21617		18555.00291		2789.42944
122		10667.82332		18548.83734		2786.80929
123		10663.21811		18542.37276		2784.06347
124		10658.39059		18535.59505		2781.18612
125		10653.3303		18528.48946		2778.17114
126		10648.02635		18521.04055		2775.01216
127		10642.46735		18513.23221		2771.7025
128		10636.64141		18505.0476		2768.23521
129		10630.53608		18496.46912		2764.60304
130		10624.1384		18487.47839		2760.79841
131		10617.4348		18478.05619		2756.81341
132		10610.41114		18468.18249		2752.63979
133		10603.05264		18457.83634		2748.26894
134		10595.34389		18446.99588		2743.6919
135		10587.26879		18435.6383		2738.89928
136		10578.81055		18423.73976		2733.88134
137		10569.95165		18411.27542		2728.62788
138		10560.67383		18398.21935		2723.1283
139		10550.95803		18384.5445		2717.37155
140		10540.78438		18370.22265		2711.3461
141		10530.13216		18355.22439		2705.03994
142		10518.97981		18339.51903		2698.44058
143		10507.3048		18323.07461		2691.53499
144		10495.08371		18305.85781		2684.30962
145		10482.29213		18287.8339		2676.75036
146		10468.90462		18268.96672		2668.84252
147		10454.89472		18249.21861		2660.57082
148		10440.23486		18228.55033		2651.91938
149		10424.89637		18206.92107		2642.87167
150		10408.84941		18184.28832		2633.4105
151		10392.06295		18160.60788		2623.51801
152		10374.5047		18135.83375		2613.17565
153		10356.14113		18109.91812		2602.36414
154		10336.93736		18082.81125		2591.06346
155		10316.85715		18054.46148		2579.25282
156		10295.86288		18024.8151		2566.91065
157		10273.91546		17993.81637		2554.01456
158		10250.97435		17961.40735		2540.54134
159		10226.99745		17927.52797		2526.46693
160		10201.9411		17892.11583		2511.76636
161		10175.76004		17855.10627		2496.41381
162		10148.40735		17816.4322		2480.38249
163		10119.83442		17776.02412		2463.64471
164		10089.99089		17733.81		2446.17179
165		10058.82466		17689.71526		2427.93407
166		10026.2818		17643.66271		2408.9009
167		9992.30654		17595.57249		2389.04059
168		9956.84122		17545.362		2368.32045
169		9919.82629		17492.94588		2346.70669
170		9881.20023		17438.23596		2324.16449
171		9840.89957		17381.1412		2300.65794
172		9798.85884		17321.56766		2276.15003
173		9755.01058		17259.41848		2250.60268
174		9709.28527		17194.59385		2223.97669
175		9661.61137		17126.99097		2196.23177
176		9611.91531		17056.50408		2167.32654
177		9560.12146		16983.0244		2137.21852
178		9506.15217		16906.4402		2105.86414
179		9449.92777		16826.63676		2073.21878
180		9391.36661		16743.49643		2039.23679
181		9330.38508		16656.89867		2003.87149
182		9266.89765		16566.72008		1967.07523
183		9200.81696		16472.8345		1928.79941
184		9132.05384		16375.1131		1888.99458
185		9060.51745		16273.42446		1847.61045
186		8986.11534		16167.63471		1804.59597
187		8908.75357		16057.60769		1759.89945
188		8828.33687		15943.20512		1713.46863
189		8744.76878		15824.28679		1665.25077
190		8657.95182		15700.71082		1615.19282
191		8572.18375		15571.34247		1573.02503
192		8496.52056		15433.90054		1559.14057
193		8417.91138		15291.10723		1544.71552
194		8336.26671		15142.79998		1529.73344
195		8251.4965		14988.81519		1514.17782
196		8163.51037		14828.98868		1498.03207
197		8072.21786		14663.15615		1481.27958
198		7977.52875		14491.1537		1463.9038
199		7879.35335		14312.81843		1445.88828
200		7777.60291		14127.9891		1427.21673
201		7672.19		13936.50689		1407.8731
202		7563.02893		13738.21619		1387.84167
203		7450.03631		13532.96549		1367.10714
204		7333.13156		13320.60841		1345.65471
205		7212.2375		13101.00476		1323.47024
206		7087.28105		12874.0218		1300.5403
207		6958.19393		12639.53549		1276.85238
208		6824.91349		12397.43202		1252.39496
209		6687.38355		12147.60936		1227.15775
210		6545.5554		11889.97901		1201.1318
211		6399.38884		11624.46794		1174.30973
212		6248.85329		11351.02063		1146.68594
213		6093.9291		11069.60137		1118.25683
214		5934.60889		10780.19675		1089.02102
215		5770.89902		10482.81834		1058.9797
216		5602.82124		10177.50563		1028.13685
217		5430.41444		9864.32926		996.49962
218		5253.73654		9543.39446		964.07862
219		5072.8666		9214.84483		930.88837
220		4887.90707		8878.86648		896.94766
221		4698.98622		8535.69241		862.28004
222		4506.26082		8185.60737		826.91427
223		4309.91898		7828.95308		790.88487
224		4110.18328		7466.13387		754.23268
225		3907.31415		7097.62279		717.00551
226		3701.6135		6723.96827		679.25873
227		3493.42866		6345.80122		641.0561
228		3283.15664		5963.84282		602.47047
229		3071.24875		5578.91285		563.58465
230		2858.21552		5191.93872		524.49232
231		2644.63214		4803.96523		485.29904
232		2431.14416		4416.16506		446.12327
233		2218.47383		4029.85012		407.09753
234		2007.42674		3646.48381		368.36967
235		1798.89916		3267.69418		330.10415
236		1593.88581		2895.28812		292.4835
237		1393.4883		2531.26673		255.70987
238		1198.92423		2177.84176		220.00669
239		1011.53692		1837.45336		185.62048
240		832.80598		1512.78921		152.82274
241		664.35858		1206.80509		121.91207
242		507.98166		922.74696		93.21637
243		365.63503		664.17478		67.09528
244		239.46541		434.98809		43.94272
245		131.82162		239.45353		24.18972
246		45.27085		82.23434		8.30736
247		0.0		0.0		0.0
248		0.0		0.0		0.0
249		0.0		0.0		0.0
250		0.0		0.0		0.0
