step	mediator-max-opt_inst_loss_mean	mediator-max-opt_inst_loss_std_up	mediator-max-opt_inst_loss_std_down
1		8995.3977		18883.1579		-892.36251
2		8973.84991		19288.20626		-1340.50645
3		9042.79655		20016.14428		-1930.55118
4		8510.33011		20061.22246		-3040.56224
5		7949.83915		20108.6732		-4208.99491
6		7359.84867		20158.62136		-5438.92402
7		6738.80608		20211.19839		-6733.58622
8		6085.07707		20266.54265		-8096.38852
9		5396.94128		20324.79979		-9530.91723
10		4672.58784		20386.12311		-11040.94743
11		3910.11056		20450.67401		-12630.45288
12		3107.50293		20518.62234		-14303.61649
13		2262.65281		20590.14693		-16064.84131
14		1373.33693		20665.436		-17918.76214
15		437.21498		20744.68769		-19870.25773
16		-548.17651		20828.11055		-21924.46357
17		-1585.43068		20915.92412		-24086.78548
18		-2677.27714		21008.3595		-26362.91377
19		-3826.58916		21105.65993		-28758.83824
20		-5036.39124		21208.08148		-31280.86396
21		-6309.86707		21315.89369		-33935.62783
22		-7650.3679		21429.38027		-36730.11607
23		-9061.42135		21548.83988		-39671.68259
24		-10546.74073		21674.58689		-42768.06834
25		-12110.23474		21806.95222		-46027.4217
26		-13756.01786		21946.28421		-49458.31992
27		-15488.42107		22092.94952		-53069.79167
28		-17312.00334		22247.33413		-56871.3408
29		-19231.56354		22409.84432		-60872.9714
30		-21252.15315		22580.90776		-65085.21406
31		-23379.0895		22760.97461		-69519.15361
32		-5449.93208		25400.1566		-36300.02076
33		-6543.49204		25968.39681		-39055.3809
34		-7694.60772		26571.37441		-41960.58984
35		-8906.30834		27210.65898		-45023.27566
36		-10181.78259		27887.91579		-48251.48097
37		-11524.38697		28604.91035		-51653.68429
38		-12937.65463		29363.51328		-55238.82254
39		5742.71716		17132.32922		-5646.89489
40		5439.92487		17234.20897		-6354.35924
41		5121.19622		17358.74877		-7116.35632
42		4785.69249		17507.00278		-7935.61781
43		4432.53076		17679.98639		-8814.92487
44		4060.78169		17878.68381		-9757.12044
45		3669.46699		18104.05744		-10765.12347
46		3257.5569		18357.05829		-11841.94448
47		2823.96747		18638.63711		-12990.70216
48		2367.55769		18949.75577		-14214.6404
49		1887.12648		19291.39858		-15517.14562
50		1381.40958		19664.58318		-16901.76401
51		849.07618		20070.37097		-18372.21861
52		288.7254		20509.87693		-19932.42612
53		-301.11733		20984.27876		-21586.51342
54		-922.00421		21494.82541		-23338.83383
55		-1575.56913		22042.84498		-25193.98325
56		-2263.53198		22629.75218		-27156.81614
57		-2987.70315		23257.05524		-29232.46155
58		-3749.98834		23926.36265		-31426.33933
59		-4552.39352		24639.38947		-33744.17651
60		-5397.03026		25397.96359		-36192.02411
61		-6286.12126		26204.03193		-38776.27444
62		-7222.00618		27059.66656		-41503.67892
63		-8207.14785		27967.07096		-44381.36667
64		-9244.13871		28928.58639		-47416.86381
65		-10335.70764		29946.69846		-50618.11374
66		-11484.72714		31024.04394		-53993.49821
67		7473.59359		16627.42846		-1680.24128
68		7463.58465		16605.22568		-1678.05638
69		7453.04926		16581.85881		-1675.76028
70		7441.95975		16557.26705		-1673.34756
71		7430.28695		16531.38646		-1670.81256
72		7418.00021		16504.14978		-1668.14936
73		7405.06724		16475.48627		-1665.3518
74		7391.45404		16445.32156		-1662.41348
75		7377.12485		16413.57741		-1659.32771
76		7362.04201		16380.17159		-1656.08756
77		7346.1659		16345.01761		-1652.68582
78		7329.45479		16308.02458		-1649.115
79		7311.86478		16269.0969		-1645.36734
80		7293.34964		16228.13412		-1641.43483
81		7273.86074		16185.03065		-1637.30917
82		7253.34685		16139.67551		-1632.9818
83		7231.7541		16091.95209		-1628.4439
84		7209.02573		16041.73787		-1623.68641
85		7185.10204		15988.90413		-1618.70005
86		7159.92018		15933.31567		-1613.47532
87		7133.41398		15874.83049		-1608.00253
88		7105.5138		15813.29948		-1602.27187
89		7076.14636		15748.56611		-1596.27339
90		7045.2345		15680.46608		-1589.99709
91		7012.697		15608.82696		-1583.43296
92		6978.4484		15533.4679		-1576.5711
93		6942.39872		15454.19916		-1569.40171
94		6904.45327		15370.82186		-1561.91532
95		6864.51237		15283.12754		-1554.1028
96		6822.47109		15190.89778		-1545.9556
97		6778.21901		15093.90389		-1537.46587
98		6731.63989		14991.90648		-1528.6267
99		6682.61137		14884.65514		-1519.43239
100		6631.00469		14771.8881		-1509.87872
101		6576.68428		14653.33191		-1499.96334
102		6519.50748		14528.70113		-1489.68616
103		6459.32412		14397.69817		-1479.04993
104		6395.97611		14260.01302		-1468.06079
105		6329.2971		14115.32323		-1456.72903
106		6259.11196		13963.29389		-1445.06998
107		6185.23635		13803.57774		-1433.10503
108		6107.47628		13635.8155		-1420.86293
109		6025.62753		13459.63637		-1408.3813
110		5939.47516		13274.65881		-1395.7085
111		5848.79292		13080.49169		-1382.90586
112		5753.34268		12876.73578		-1370.05041
113		5652.87381		12662.98589		-1357.23828
114		5547.12247		12438.83366		-1344.58872
115		5435.81099		12203.87124		-1332.24926
116		5318.64708		11957.6961		-1320.40194
117		5195.32312		11699.91731		-1309.27108
118		5065.51529		11430.16367		-1299.1331
119		4928.88277		11148.09424		-1290.32871
120		4785.06683		10853.412		-1283.27833
121		4633.6899		10545.88149		-1278.50169
122		4474.35453		10225.35167		-1276.64261
123		4306.64243		9891.78551		-1278.50065
124		4130.1133		9545.29817		-1285.07157
125		3944.30372		9186.20628		-1297.59884
126		3748.72591		8815.09104		-1317.63922
127		3542.86646		8432.87834		-1347.14542
128		3326.18499		8040.93865		-1388.56867
129		3098.11272		7641.20819		-1444.98275
130		2858.05099		7236.32895		-1520.22697
131		2605.36969		6829.79722		-1619.05784
132		2339.40558		6426.09624		-1747.28509
133		2059.4606		6030.76743		-1911.84623
134		1764.80001		5650.34979		-2120.74978
135		1454.65045		5292.10463		-2382.80373
136		1128.19796		4963.4676		-2707.07169
137		784.58579		4671.26048		-3102.0889
138		422.9122		4420.83444		-3575.01004
139		42.22807		4215.41967		-4130.96353
140		-358.46558		4055.91622		-4772.84738
141		-780.2202		3941.17061		-5501.61102
142		-1224.1425		3868.5761		-6316.86109
143		-1691.39728		3834.75178		-7217.54635
144		-2183.21057		3836.11304		-8202.53418
145		-2700.87277		3869.25714		-9271.00269
146		-3245.74208		3931.17369		-10422.65786
147		-3819.24803		4019.32712		-11657.82318
148		-4422.89524		4131.66083		-12977.45131
149		-5058.26734		4266.56124		-14383.09592
150		-5727.03117		4422.80568		-15876.86802
151		-6430.94108		4599.50795		-17461.3901
152		-7171.84358		4796.06795		-19139.7551
153		-7951.68215		5012.12819		-20915.49249
154		-8772.50233		5247.53751		-22792.54217
155		-9636.45711		5502.32155		-24775.23576
156		-10545.8125		5776.65919		-26868.2842
157		-11502.95356		6070.86392		-29076.77103
158		-12510.39055		6385.36924		-31406.15034
159		-13570.76558		6720.7175		-33862.24867
160		-14686.85949		7077.55131		-36451.27029
161		-15861.59913		7456.60723		-39179.8055
162		-17098.06505		7858.71122		-42054.84132
163		-18399.49953		8284.7755		-45083.77456
164		-19769.3151		8735.79671		-48274.42692
165		-21211.10347		9212.85496		-51635.0619
166		-22728.64491		9717.11383		-55174.40364
167		-24325.91816		10249.82105		-58901.65736
168		-26007.11085		10812.30979		-62826.5315
169		-7740.41498		7740.41498		-23221.24495
170		-8348.08399		8348.08399		-25044.25196
171		-8987.64688		8987.64688		-26962.94063
172		-9660.77667		9660.77667		-28982.33
173		-10369.23407		10369.23407		-31107.70221
174		-11114.8721		11114.8721		-33344.61629
175		-11899.64087		11899.64087		-35698.92261
176		-12725.59273		12725.59273		-38176.7782
177		-13594.88759		13594.88759		-40784.66278
178		-14509.79855		14509.79855		-43529.39566
179		-15472.71784		15472.71784		-46418.15352
180		-16486.16304		16486.16304		-49458.48912
181		-17552.78367		17552.78367		-52658.35101
182		-18675.36807		18675.36807		-56026.10421
183		0.0		0.0		0.0
184		0.0		0.0		0.0
185		0.0		0.0		0.0
186		0.0		0.0		0.0
187		0.0		0.0		0.0
188		0.0		0.0		0.0
189		0.0		0.0		0.0
190		0.0		0.0		0.0
191		0.0		0.0		0.0
192		0.0		0.0		0.0
193		0.0		0.0		0.0
194		0.0		0.0		0.0
195		0.0		0.0		0.0
196		0.0		0.0		0.0
197		0.0		0.0		0.0
198		0.0		0.0		0.0
199		0.0		0.0		0.0
200		0.0		0.0		0.0
201		0.0		0.0		0.0
202		0.0		0.0		0.0
203		0.0		0.0		0.0
204		0.0		0.0		0.0
205		0.0		0.0		0.0
206		0.0		0.0		0.0
207		0.0		0.0		0.0
208		0.0		0.0		0.0
209		0.0		0.0		0.0
210		0.0		0.0		0.0
211		0.0		0.0		0.0
212		0.0		0.0		0.0
213		0.0		0.0		0.0
214		0.0		0.0		0.0
215		0.0		0.0		0.0
216		0.0		0.0		0.0
217		0.0		0.0		0.0
218		0.0		0.0		0.0
219		0.0		0.0		0.0
220		0.0		0.0		0.0
221		0.0		0.0		0.0
222		0.0		0.0		0.0
223		0.0		0.0		0.0
224		0.0		0.0		0.0
225		0.0		0.0		0.0
226		0.0		0.0		0.0
227		0.0		0.0		0.0
228		0.0		0.0		0.0
229		0.0		0.0		0.0
230		0.0		0.0		0.0
231		0.0		0.0		0.0
232		0.0		0.0		0.0
233		0.0		0.0		0.0
234		0.0		0.0		0.0
235		0.0		0.0		0.0
236		0.0		0.0		0.0
237		0.0		0.0		0.0
238		0.0		0.0		0.0
239		0.0		0.0		0.0
240		0.0		0.0		0.0
241		0.0		0.0		0.0
242		0.0		0.0		0.0
243		0.0		0.0		0.0
244		0.0		0.0		0.0
245		0.0		0.0		0.0
246		0.0		0.0		0.0
247		0.0		0.0		0.0
248		0.0		0.0		0.0
249		0.0		0.0		0.0
250		0.0		0.0		0.0
