step	mediator-max-opt_runtime_mean	mediator-max-opt_runtime_std_up	mediator-max-opt_runtime_std_down
1		0.00017		0.00019		0.00015
2		0.02454		0.0254		0.02368
3		0.04867		0.04971		0.04764
4		0.07286		0.07408		0.07164
5		0.09691		0.09819		0.09563
6		0.12095		0.12234		0.11957
7		0.14508		0.14634		0.14382
8		0.16932		0.1706		0.16805
9		0.19385		0.19532		0.19238
10		0.2181		0.21959		0.21662
11		0.24285		0.24451		0.24119
12		0.26721		0.26907		0.26535
13		0.29139		0.29322		0.28956
14		0.31525		0.31711		0.3134
15		0.33946		0.34112		0.33779
16		0.36372		0.36519		0.36226
17		0.3886		0.39076		0.38644
18		0.41263		0.41504		0.41022
19		0.43677		0.43954		0.434
20		0.46126		0.46344		0.45908
21		0.48593		0.48806		0.48379
22		0.50998		0.5124		0.50756
23		0.53422		0.53646		0.53199
24		0.55863		0.56076		0.55651
25		0.58298		0.58518		0.58079
26		0.6071		0.60943		0.60477
27		0.63074		0.63335		0.62814
28		0.65512		0.65751		0.65273
29		0.67922		0.68167		0.67678
30		0.70356		0.70552		0.7016
31		0.72803		0.72966		0.7264
32		0.75205		0.75373		0.75036
33		0.77674		0.77857		0.7749
34		0.80077		0.80288		0.79866
35		0.8246		0.82688		0.82232
36		0.84907		0.85194		0.84619
37		0.87371		0.87756		0.86986
38		0.89851		0.90429		0.89272
39		0.92378		0.93165		0.9159
40		0.94905		0.95912		0.93898
41		0.9739		0.98445		0.96336
42		0.99852		1.0088		0.98825
43		1.02319		1.03399		1.01239
44		1.04798		1.06043		1.03554
45		1.07267		1.08553		1.05982
46		1.09774		1.1112		1.08429
47		1.12204		1.13597		1.10811
48		1.14644		1.16092		1.13196
49		1.17117		1.18694		1.15539
50		1.19583		1.21266		1.17901
51		1.22001		1.23698		1.20304
52		1.24438		1.26139		1.22736
53		1.26919		1.28675		1.25164
54		1.29367		1.31084		1.2765
55		1.31833		1.33518		1.30148
56		1.34247		1.35912		1.32583
57		1.36663		1.38346		1.3498
58		1.39068		1.40741		1.37395
59		1.41552		1.43344		1.39761
60		1.44033		1.45936		1.42129
61		1.46461		1.484		1.44523
62		1.48873		1.50836		1.4691
63		1.51302		1.53274		1.49329
64		1.53736		1.55699		1.51773
65		1.5623		1.58165		1.54295
66		1.58649		1.60586		1.56713
67		1.61078		1.63015		1.59141
68		1.63543		1.65458		1.61628
69		1.65985		1.67886		1.64084
70		1.68425		1.70326		1.66525
71		1.70858		1.72761		1.68956
72		1.73278		1.75164		1.71391
73		1.75734		1.77647		1.7382
74		1.78214		1.80081		1.76346
75		1.8068		1.82529		1.78832
76		1.8311		1.8494		1.81279
77		1.85598		1.87407		1.83788
78		1.88049		1.89887		1.8621
79		1.90469		1.92305		1.88632
80		1.92923		1.94768		1.91078
81		1.9543		1.97429		1.93431
82		1.9789		1.99945		1.95835
83		2.00296		2.02386		1.98206
84		2.02717		2.04816		2.00618
85		2.05153		2.07267		2.0304
86		2.07648		2.09758		2.05538
87		2.10113		2.12175		2.0805
88		2.12562		2.1461		2.10513
89		2.1505		2.17118		2.12982
90		2.17502		2.1955		2.15453
91		2.19905		2.21973		2.17838
92		2.22348		2.24374		2.20323
93		2.24798		2.26825		2.22771
94		2.27248		2.29282		2.25214
95		2.29679		2.31712		2.27645
96		2.32146		2.34167		2.30124
97		2.34596		2.36602		2.32591
98		2.37022		2.39024		2.3502
99		2.39486		2.41468		2.37504
100		2.4193		2.43921		2.39938
101		2.44305		2.46299		2.42311
102		2.46751		2.48785		2.44717
103		2.49252		2.51415		2.4709
104		2.51692		2.53878		2.49506
105		2.54118		2.56315		2.51921
106		2.56551		2.58767		2.54335
107		2.58994		2.61169		2.56819
108		2.61453		2.63608		2.59297
109		2.63907		2.66023		2.61791
110		2.66361		2.68471		2.6425
111		2.68823		2.70932		2.66714
112		2.71302		2.73376		2.69227
113		2.73746		2.75831		2.7166
114		2.7619		2.78276		2.74104
115		2.78619		2.80693		2.76545
116		2.81042		2.83106		2.78978
117		2.83453		2.85556		2.81349
118		2.85907		2.87982		2.83833
119		2.88347		2.90426		2.86268
120		2.90784		2.9287		2.88697
121		2.93251		2.95305		2.91197
122		2.95696		2.97745		2.93647
123		2.9811		3.0017		2.9605
124		3.00587		3.02775		2.98399
125		3.03051		3.05347		3.00755
126		3.0547		3.07797		3.03143
127		3.07927		3.10322		3.05532
128		3.10374		3.12806		3.07943
129		3.12765		3.15204		3.10325
130		3.15211		3.17631		3.12791
131		3.17677		3.20083		3.15271
132		3.20109		3.2253		3.17688
133		3.22561		3.24988		3.20133
134		3.25021		3.27443		3.22599
135		3.2748		3.2991		3.25051
136		3.29913		3.32355		3.27472
137		3.32341		3.34772		3.29909
138		3.34857		3.37245		3.32469
139		3.37285		3.39684		3.34885
140		3.39777		3.42179		3.37374
141		3.42201		3.44603		3.39799
142		3.44666		3.4707		3.42261
143		3.47132		3.49536		3.44729
144		3.49607		3.52037		3.47177
145		3.52061		3.54472		3.49651
146		3.54591		3.57187		3.51995
147		3.57005		3.59622		3.54389
148		3.59429		3.62029		3.56828
149		3.61866		3.64484		3.59248
150		3.64269		3.66891		3.61646
151		3.66701		3.69302		3.641
152		3.69206		3.71776		3.66636
153		3.71668		3.74187		3.69149
154		3.74167		3.76682		3.71652
155		3.76625		3.79133		3.74117
156		3.79113		3.8162		3.76607
157		3.81517		3.83989		3.79045
158		3.83941		3.86427		3.81455
159		3.86382		3.88869		3.83895
160		3.88818		3.91299		3.86338
161		3.91274		3.93736		3.88812
162		3.9377		3.96187		3.91353
163		3.96222		3.98631		3.93812
164		3.98679		4.01078		3.96281
165		4.01172		4.03551		3.98792
166		4.03611		4.05996		4.01226
167		4.06053		4.08458		4.03648
168		4.08568		4.11086		4.0605
169		4.10981		4.13507		4.08456
170		4.13385		4.15923		4.10847
171		4.15806		4.18376		4.13237
172		4.18232		4.20788		4.15677
173		4.20668		4.23212		4.18124
174		4.23111		4.25617		4.20606
175		4.25544		4.28008		4.23079
176		4.27992		4.30475		4.25508
177		4.30466		4.32951		4.2798
178		4.32886		4.35371		4.30401
179		4.35287		4.37783		4.32791
180		4.37729		4.40218		4.3524
181		4.40129		4.42602		4.37656
182		4.42543		4.4502		4.40065
183		4.44951		4.47414		4.42487
184		4.47414		4.49847		4.44982
185		4.49853		4.5228		4.47425
186		4.52331		4.54745		4.49917
187		4.54813		4.57233		4.52394
188		4.57255		4.59666		4.54843
189		4.59659		4.62058		4.57261
190		4.62151		4.64687		4.59615
191		4.64555		4.67083		4.62027
192		4.66972		4.69517		4.64428
193		4.69391		4.71937		4.66846
194		4.71785		4.74296		4.69274
195		4.7424		4.76824		4.71656
196		4.76744		4.79384		4.74103
197		4.79219		4.8186		4.76578
198		4.81644		4.84306		4.78981
199		4.84115		4.86786		4.81445
200		4.86518		4.89204		4.83833
201		4.88951		4.9162		4.86282
202		4.91359		4.94014		4.88704
203		4.93804		4.96487		4.91121
204		4.96221		4.98904		4.93538
205		4.98636		5.01326		4.95946
206		5.01114		5.03743		4.98485
207		5.03523		5.06127		5.00919
208		5.05991		5.08639		5.03343
209		5.0844		5.11071		5.0581
210		5.10854		5.13461		5.08248
211		5.13327		5.16003		5.10651
212		5.15806		5.18574		5.13038
213		5.18236		5.2104		5.15431
214		5.20655		5.23472		5.17839
215		5.23083		5.25902		5.20263
216		5.25537		5.28339		5.22735
217		5.27945		5.30754		5.25137
218		5.30411		5.33166		5.27655
219		5.3288		5.35627		5.30133
220		5.35336		5.38097		5.32574
221		5.37786		5.40544		5.35028
222		5.40199		5.42941		5.37457
223		5.42619		5.45351		5.39887
224		5.45037		5.47808		5.42265
225		5.47459		5.50234		5.44684
226		5.49874		5.52651		5.47097
227		5.5229		5.55051		5.4953
228		5.54765		5.5751		5.5202
229		5.57199		5.5993		5.54468
230		5.59694		5.62413		5.56975
231		5.62175		5.64879		5.59471
232		5.64582		5.67281		5.61883
233		5.67067		5.69803		5.64331
234		5.69509		5.72326		5.66693
235		5.71971		5.74856		5.69085
236		5.7442		5.77326		5.71515
237		5.7686		5.79778		5.73942
238		5.79304		5.82216		5.76392
239		5.81705		5.84624		5.78787
240		5.8415		5.87048		5.81253
241		5.86614		5.89512		5.83716
242		5.89087		5.91997		5.86177
243		5.91572		5.94499		5.88646
244		5.94008		5.96892		5.91123
245		5.96444		5.99341		5.93547
246		5.98861		6.01762		5.95961
247		6.01266		6.04158		5.98373
248		6.03693		6.06575		6.00812
249		6.06146		6.0908		6.03212
250		6.08612		6.11495		6.05729
