step	mediator-max-opt_runtime_mean	mediator-max-opt_runtime_std_up	mediator-max-opt_runtime_std_down
1		0.00016		0.00019		0.00012
2		0.02725		0.02879		0.02571
3		0.05374		0.05589		0.05159
4		0.08054		0.08354		0.07753
5		0.10693		0.11047		0.10338
6		0.13356		0.13823		0.1289
7		0.15959		0.16496		0.15422
8		0.18591		0.19166		0.18017
9		0.21249		0.21954		0.20544
10		0.23898		0.24668		0.23129
11		0.26513		0.27356		0.2567
12		0.29149		0.30033		0.28265
13		0.31788		0.3281		0.30767
14		0.34428		0.35442		0.33415
15		0.37115		0.38247		0.35982
16		0.39689		0.40871		0.38508
17		0.4228		0.43535		0.41025
18		0.44817		0.46083		0.4355
19		0.47386		0.48748		0.46024
20		0.50028		0.51448		0.48608
21		0.52677		0.54238		0.51116
22		0.55312		0.56919		0.53704
23		0.57913		0.59613		0.56212
24		0.60618		0.62442		0.58794
25		0.63197		0.65078		0.61315
26		0.65881		0.67814		0.63948
27		0.68594		0.70397		0.66791
28		0.71588		0.73136		0.7004
29		0.74422		0.76047		0.72797
30		0.77064		0.78713		0.75415
31		0.79709		0.81353		0.78064
32		0.82411		0.84089		0.80734
33		0.85118		0.86825		0.8341
34		0.87802		0.89567		0.86037
35		0.90549		0.92412		0.88686
36		0.93166		0.95047		0.91286
37		0.95889		0.97847		0.93932
38		0.98569		1.00613		0.96525
39		1.01212		1.03291		0.99133
40		1.03855		1.06023		1.01687
41		1.06509		1.08714		1.04303
42		1.09588		1.12089		1.07087
43		1.12179		1.14752		1.09606
44		1.14922		1.17617		1.12227
45		1.17536		1.20311		1.14762
46		1.20241		1.23191		1.17291
47		1.2293		1.25982		1.19878
48		1.25615		1.28765		1.22465
49		1.28213		1.31402		1.25025
50		1.30871		1.34154		1.27588
51		1.33531		1.36929		1.30134
52		1.36352		1.3996		1.32744
53		1.39061		1.42735		1.35386
54		1.41638		1.45395		1.37882
55		1.44327		1.48163		1.40491
56		1.46915		1.50816		1.43014
57		1.49665		1.53682		1.45649
58		1.52313		1.56346		1.4828
59		1.54984		1.59144		1.50824
60		1.57736		1.61969		1.53504
61		1.60335		1.64632		1.56038
62		1.62958		1.67311		1.58604
63		1.65553		1.69937		1.61168
64		1.68171		1.72667		1.63676
65		1.70934		1.75494		1.66375
66		1.73702		1.78406		1.68998
67		1.76417		1.81216		1.71618
68		1.79085		1.83979		1.74191
69		1.81794		1.86766		1.76822
70		1.84407		1.8945		1.79363
71		1.87026		1.92092		1.8196
72		1.8964		1.94772		1.84508
73		1.92263		1.97435		1.8709
74		1.94899		2.00171		1.89628
75		1.97577		2.02969		1.92186
76		2.00328		2.05879		1.94777
77		2.02975		2.08624		1.97326
78		2.0567		2.11444		1.99897
79		2.08342		2.1423		2.02455
80		2.11035		2.17013		2.05058
81		2.13679		2.19718		2.0764
82		2.16388		2.22576		2.10199
83		2.19063		2.25316		2.1281
84		2.21713		2.28054		2.15372
85		2.24366		2.30746		2.17985
86		2.27		2.33504		2.20495
87		2.2969		2.36341		2.2304
88		2.32414		2.39233		2.25595
89		2.35086		2.41996		2.28177
90		2.37776		2.44766		2.30785
91		2.40411		2.47505		2.33316
92		2.43062		2.5022		2.35904
93		2.45689		2.52904		2.38474
94		2.48345		2.55667		2.41022
95		2.50991		2.58381		2.43601
96		2.53754		2.6129		2.46217
97		2.56461		2.64062		2.4886
98		2.59094		2.66783		2.51406
99		2.61714		2.69438		2.53989
100		2.64382		2.72194		2.56569
101		2.67012		2.7486		2.59164
102		2.69704		2.77626		2.61781
103		2.72328		2.80317		2.6434
104		2.74965		2.82995		2.66936
105		2.77614		2.85742		2.69486
106		2.80228		2.88394		2.72062
107		2.82884		2.91115		2.74653
108		2.85647		2.93961		2.77334
109		2.88316		2.96673		2.79959
110		2.90966		2.99379		2.82553
111		2.93612		3.02105		2.85119
112		2.96304		3.04893		2.87715
113		2.98941		3.07591		2.90291
114		3.01568		3.10263		2.92873
115		3.04187		3.12979		2.95394
116		3.06862		3.15753		2.97971
117		3.09429		3.18358		3.00501
118		3.12141		3.2115		3.03132
119		3.14765		3.23857		3.05674
120		3.17381		3.26525		3.08238
121		3.20026		3.29212		3.1084
122		3.22745		3.31993		3.13498
123		3.25406		3.34732		3.16079
124		3.28017		3.37406		3.18628
125		3.30644		3.40047		3.21242
126		3.33252		3.42712		3.23792
127		3.3588		3.45424		3.26335
128		3.38503		3.48117		3.28889
129		3.41133		3.50828		3.31439
130		3.43707		3.53413		3.34002
131		3.46361		3.5617		3.36552
132		3.49001		3.58869		3.39134
133		3.51678		3.6166		3.41696
134		3.54386		3.64444		3.44328
135		3.57046		3.67156		3.46937
136		3.59672		3.69846		3.49497
137		3.62288		3.72484		3.52092
138		3.64876		3.75148		3.54604
139		3.67548		3.77893		3.57204
140		3.70202		3.80653		3.59752
141		3.72796		3.83284		3.62308
142		3.7545		3.86046		3.64853
143		3.78076		3.8871		3.67442
144		3.80729		3.91361		3.70097
145		3.83437		3.94111		3.72762
146		3.86057		3.96751		3.75363
147		3.88761		3.99563		3.77958
148		3.91406		4.0227		3.80543
149		3.94044		4.0489		3.83198
150		3.96737		4.07615		3.85859
151		3.99323		4.10213		3.88433
152		4.02071		4.13054		3.91089
153		4.04786		4.15834		3.93737
154		4.07463		4.18582		3.96345
155		4.10117		4.21279		3.98954
156		4.12804		4.24066		4.01541
157		4.15518		4.26918		4.04118
158		4.18233		4.29679		4.06786
159		4.20823		4.32312		4.09334
160		4.23551		4.35115		4.11986
161		4.26174		4.3778		4.14569
162		4.28875		4.40523		4.17227
163		4.31515		4.4321		4.1982
164		4.34152		4.4588		4.22425
165		4.36867		4.48686		4.25048
166		4.39557		4.51402		4.27713
167		4.4222		4.54163		4.30278
168		4.44939		4.5694		4.32938
169		4.47658		4.59739		4.35577
170		4.50278		4.62419		4.38138
171		4.53115		4.65457		4.40773
172		4.55787		4.68209		4.43365
173		4.58486		4.70958		4.46013
174		4.61125		4.73668		4.48582
175		4.63794		4.76417		4.51172
176		4.66421		4.79061		4.53781
177		4.69107		4.81813		4.564
178		4.71765		4.84564		4.58966
179		4.74379		4.87234		4.61524
180		4.77055		4.89979		4.6413
181		4.79717		4.92725		4.66708
182		4.82356		4.9543		4.69281
183		4.85039		4.98201		4.71876
184		4.87705		5.00919		4.7449
185		4.90364		5.03587		4.77142
186		4.93042		5.06341		4.79742
187		4.95763		5.09179		4.82347
188		4.98411		5.11906		4.84916
189		5.01095		5.1465		4.87541
190		5.03751		5.17346		4.90155
191		5.06482		5.20186		4.92777
192		5.09132		5.22882		4.95382
193		5.11793		5.25619		4.97967
194		5.14396		5.28262		5.00531
195		5.17067		5.31021		5.03113
196		5.19711		5.3374		5.05682
197		5.22321		5.36374		5.08268
198		5.24975		5.39089		5.10861
199		5.27656		5.41824		5.13487
200		5.30368		5.44638		5.16097
201		5.33027		5.47355		5.18698
202		5.35702		5.50119		5.21285
203		5.38382		5.52862		5.23902
204		5.41003		5.55524		5.26481
205		5.43714		5.58292		5.29136
206		5.46369		5.61034		5.31703
207		5.49102		5.63878		5.34327
208		5.51753		5.66605		5.36902
209		5.54412		5.69349		5.39475
210		5.57131		5.72013		5.42249
211		5.59739		5.74633		5.44845
212		5.624		5.77385		5.47415
213		5.65133		5.80228		5.50038
214		5.67764		5.82931		5.52598
215		5.70401		5.85648		5.55155
216		5.73088		5.88383		5.57794
217		5.75724		5.91084		5.60363
218		5.78427		5.93864		5.6299
219		5.81		5.96456		5.65544
220		5.8371		5.99273		5.68146
221		5.86316		6.01933		5.70699
222		5.88933		6.04591		5.73275
223		5.91599		6.07303		5.75894
224		5.94205		6.09946		5.78464
225		5.96989		6.12888		5.81091
226		5.99785		6.15827		5.83743
227		6.02578		6.18796		5.86361
228		6.05281		6.216		5.88963
229		6.07908		6.24276		5.9154
230		6.10604		6.27056		5.94152
231		6.13247		6.29762		5.96732
232		6.16029		6.32572		5.99485
233		6.18599		6.35123		6.02076
234		6.21258		6.37851		6.04665
235		6.23993		6.40692		6.07294
236		6.26625		6.4339		6.0986
237		6.29275		6.46131		6.12418
238		6.31882		6.48769		6.14994
239		6.34533		6.51468		6.17599
240		6.37205		6.54229		6.20181
241		6.39857		6.56962		6.22753
242		6.42455		6.59636		6.25274
243		6.45178		6.62483		6.27874
244		6.47831		6.65169		6.30493
245		6.50551		6.68014		6.33087
246		6.53229		6.70799		6.35659
247		6.55922		6.73579		6.38266
248		6.58489		6.76225		6.40753
249		6.61202		6.79054		6.4335
250		6.63803		6.817		6.45905
