step	mediator-max-opt_reward_mean	mediator-max-opt_reward_std_up	mediator-max-opt_reward_std_down
1		0.0		0.0		0.0
2		26.6		79.8		-26.6
3		186.6		497.59556		-124.39556
4		356.6		980.19782		-266.99782
5		536.6		1469.39057		-396.19057
6		716.6		1959.38809		-526.18809
7		906.6		2454.05412		-640.85412
8		1096.6		2949.03252		-755.83252
9		1296.6		3448.93042		-855.73042
10		1496.6		3948.8533		-955.6533
11		1696.6		4448.79299		-1055.59299
12		1896.6		4948.74453		-1155.54453
13		2096.6		5448.70475		-1255.50475
14		2296.6		5948.6715		-1355.4715
15		2496.6		6448.6433		-1455.4433
16		2696.6		6948.61908		-1555.41908
17		2896.6		7448.59805		-1655.39805
18		3096.6		7948.57962		-1755.37962
19		3296.6		8448.56334		-1855.36334
20		3496.6		8948.54885		-1955.34885
21		3696.6		9448.53587		-2055.33587
22		3896.6		9948.52418		-2155.32418
23		4096.6		10448.51359		-2255.31359
24		4296.6		10948.50396		-2355.30396
25		4496.6		11448.49515		-2455.29515
26		4696.6		11948.48708		-2555.28708
27		4896.6		12448.47965		-2655.27965
28		5096.6		12948.47279		-2755.27279
29		5296.6		13448.46643		-2855.26643
30		5496.6		13948.46052		-2955.26052
31		5696.6		14448.45502		-3055.25502
32		5896.6		14948.44988		-3155.24988
33		6096.6		15448.44507		-3255.24507
34		6296.6		15948.44056		-3355.24056
35		6496.6		16448.43633		-3455.23633
36		6696.6		16948.43234		-3555.23234
37		6896.6		17448.42857		-3655.22857
38		7096.6		17948.42502		-3755.22502
39		7296.6		18448.42166		-3855.22166
40		7496.6		18948.41847		-3955.21847
41		7696.6		19448.41544		-4055.21544
42		7896.6		19948.41257		-4155.21257
43		8096.6		20448.40984		-4255.20984
44		8296.6		20948.40723		-4355.20723
45		8496.6		21448.40475		-4455.20475
46		8696.6		21948.40238		-4555.20238
47		8896.6		22448.40011		-4655.20011
48		9096.6		22948.39794		-4755.19794
49		9296.6		23448.39587		-4855.19587
50		9496.6		23948.39388		-4955.19388
51		9696.6		24448.39197		-5055.19197
52		9896.6		24948.39013		-5155.19013
53		10096.6		25448.38837		-5255.18837
54		10296.6		25948.38668		-5355.18668
55		10496.6		26448.38505		-5455.18505
56		10696.6		26948.38348		-5555.18348
57		10896.6		27448.38197		-5655.18197
58		11096.6		27948.38051		-5755.18051
59		11296.6		28448.3791		-5855.1791
60		11496.6		28948.37774		-5955.17774
61		11696.6		29448.37642		-6055.17642
62		11896.6		29948.37515		-6155.17515
63		12096.6		30448.37393		-6255.17393
64		12296.6		30948.37274		-6355.17274
65		12496.6		31448.37159		-6455.17159
66		12696.6		31948.37047		-6555.17047
67		12896.6		32448.36939		-6655.16939
68		13096.6		32948.36834		-6755.16834
69		13296.6		33448.36732		-6855.16732
70		13496.6		33948.36634		-6955.16634
71		13696.6		34448.36538		-7055.16538
72		13896.6		34948.36444		-7155.16444
73		14096.6		35448.36354		-7255.16354
74		14296.6		35948.36266		-7355.16266
75		14496.6		36448.3618		-7455.1618
76		14696.6		36948.36097		-7555.16097
77		14896.6		37448.36016		-7655.16016
78		15096.6		37948.35937		-7755.15937
79		15296.6		38448.3586		-7855.1586
80		15496.6		38948.35785		-7955.15785
81		15696.6		39448.35712		-8055.15712
82		15896.6		39948.35641		-8155.15641
83		16096.6		40448.35571		-8255.15571
84		16296.6		40948.35503		-8355.15503
85		16496.6		41448.35437		-8455.15437
86		16696.6		41948.35373		-8555.15373
87		16896.6		42448.3531		-8655.1531
88		17096.6		42948.35248		-8755.15248
89		17296.6		43448.35188		-8855.15188
90		17496.6		43948.35129		-8955.15129
91		17696.6		44448.35071		-9055.15071
92		17896.6		44948.35015		-9155.15015
93		18096.6		45448.3496		-9255.1496
94		18296.6		45948.34906		-9355.14906
95		18496.6		46448.34854		-9455.14854
96		18696.6		46948.34802		-9555.14802
97		18896.6		47448.34752		-9655.14752
98		19096.6		47948.34702		-9755.14702
99		19296.6		48448.34654		-9855.14654
100		19496.6		48948.34606		-9955.14606
101		19696.6		49448.3456		-10055.1456
102		19896.6		49948.34514		-10155.14514
103		20096.6		50448.3447		-10255.1447
104		20296.6		50948.34426		-10355.14426
105		20496.6		51448.34383		-10455.14383
106		20696.6		51948.34341		-10555.14341
107		20896.6		52448.343		-10655.143
108		21096.6		52948.34259		-10755.14259
109		21296.6		53448.3422		-10855.1422
110		21496.6		53948.34181		-10955.14181
111		21696.6		54448.34142		-11055.14142
112		21896.6		54948.34105		-11155.14105
113		22096.6		55448.34068		-11255.14068
114		22296.6		55948.34032		-11355.14032
115		22496.6		56448.33996		-11455.13996
116		22696.6		56948.33961		-11555.13961
117		22896.6		57448.33927		-11655.13927
118		23096.6		57948.33893		-11755.13893
119		23296.6		58448.33859		-11855.13859
120		23496.6		58948.33827		-11955.13827
121		23696.6		59448.33795		-12055.13795
122		23896.6		59948.33763		-12155.13763
123		24096.6		60448.33732		-12255.13732
124		24296.6		60948.33702		-12355.13702
125		24496.6		61448.33671		-12455.13671
126		24696.6		61948.33642		-12555.13642
127		24896.6		62448.33613		-12655.13613
128		25096.6		62948.33584		-12755.13584
129		25296.6		63448.33556		-12855.13556
130		25496.6		63948.33528		-12955.13528
131		25696.6		64448.33501		-13055.13501
132		25896.6		64948.33474		-13155.13474
133		26096.6		65448.33448		-13255.13448
134		26296.6		65948.33421		-13355.13421
135		26496.6		66448.33396		-13455.13396
136		26696.6		66948.3337		-13555.1337
137		26896.6		67448.33346		-13655.13346
138		27096.6		67948.33321		-13755.13321
139		27296.6		68448.33297		-13855.13297
140		27496.6		68948.33273		-13955.13273
141		27696.6		69448.33249		-14055.13249
142		27896.6		69948.33226		-14155.13226
143		28096.6		70448.33203		-14255.13203
144		28296.6		70948.33181		-14355.13181
145		28496.6		71448.33159		-14455.13159
146		28696.6		71948.33137		-14555.13137
147		28896.6		72448.33115		-14655.13115
148		29096.6		72948.33094		-14755.13094
149		29296.6		73448.33073		-14855.13073
150		29496.6		73948.33052		-14955.13052
151		29696.6		74448.33032		-15055.13032
152		29896.6		74948.33011		-15155.13011
153		30096.6		75448.32991		-15255.12991
154		30296.6		75948.32972		-15355.12972
155		30496.6		76448.32952		-15455.12952
156		30696.6		76948.32933		-15555.12933
157		30896.6		77448.32914		-15655.12914
158		31096.6		77948.32896		-15755.12896
159		31296.6		78448.32877		-15855.12877
160		31496.6		78948.32859		-15955.12859
161		31696.6		79448.32841		-16055.12841
162		31896.6		79948.32823		-16155.12823
163		32096.6		80448.32806		-16255.12806
164		32296.6		80948.32789		-16355.12789
165		32496.6		81448.32771		-16455.12771
166		32696.6		81948.32755		-16555.12755
167		32896.6		82448.32738		-16655.12738
168		33096.6		82948.32721		-16755.12721
169		33296.6		83448.32705		-16855.12705
170		33496.6		83948.32689		-16955.12689
171		33696.6		84448.32673		-17055.12673
172		33896.6		84948.32657		-17155.12657
173		34096.6		85448.32642		-17255.12642
174		34296.6		85948.32627		-17355.12627
175		34496.6		86448.32611		-17455.12611
176		34696.6		86948.32596		-17555.12596
177		34896.6		87448.32582		-17655.12582
178		35096.6		87948.32567		-17755.12567
179		35296.6		88448.32552		-17855.12552
180		35496.6		88948.32538		-17955.12538
181		35696.6		89448.32524		-18055.12524
182		35896.6		89948.3251		-18155.1251
183		36096.6		90448.32496		-18255.12496
184		36296.6		90948.32482		-18355.12482
185		36496.6		91448.32469		-18455.12469
186		36696.6		91948.32455		-18555.12455
187		36896.6		92448.32442		-18655.12442
188		37096.6		92948.32429		-18755.12429
189		37296.6		93448.32416		-18855.12416
190		37496.6		93948.32403		-18955.12403
191		37696.6		94448.32391		-19055.12391
192		37896.6		94948.32378		-19155.12378
193		38096.6		95448.32366		-19255.12366
194		38296.6		95948.32353		-19355.12353
195		38496.6		96448.32341		-19455.12341
196		38696.6		96948.32329		-19555.12329
197		38896.6		97448.32317		-19655.12317
198		39096.6		97948.32305		-19755.12305
199		39296.6		98448.32294		-19855.12294
200		39496.6		98948.32282		-19955.12282
201		39696.6		99448.32271		-20055.12271
202		39896.6		99948.32259		-20155.12259
203		40096.6		100448.32248		-20255.12248
204		40296.6		100948.32237		-20355.12237
205		40496.6		101448.32226		-20455.12226
206		40696.6		101948.32215		-20555.12215
207		40896.6		102448.32204		-20655.12204
208		41096.6		102948.32193		-20755.12193
209		41296.6		103448.32183		-20855.12183
210		41496.6		103948.32172		-20955.12172
211		41696.6		104448.32162		-21055.12162
212		41896.6		104948.32152		-21155.12152
213		42096.6		105448.32141		-21255.12141
214		42296.6		105948.32131		-21355.12131
215		42496.6		106448.32121		-21455.12121
216		42696.6		106948.32112		-21555.12112
217		42896.6		107448.32102		-21655.12102
218		43096.6		107948.32092		-21755.12092
219		43296.6		108448.32082		-21855.12082
220		43496.6		108948.32073		-21955.12073
221		43696.6		109448.32063		-22055.12063
222		43896.6		109948.32054		-22155.12054
223		44096.6		110448.32045		-22255.12045
224		44296.6		110948.32035		-22355.12035
225		44496.6		111448.32026		-22455.12026
226		44696.6		111948.32017		-22555.12017
227		44896.6		112448.32008		-22655.12008
228		45096.6		112948.31999		-22755.11999
229		45296.6		113448.31991		-22855.11991
230		45496.6		113948.31982		-22955.11982
231		45696.6		114448.31973		-23055.11973
232		45896.6		114948.31965		-23155.11965
233		46096.6		115448.31956		-23255.11956
234		46296.6		115948.31948		-23355.11948
235		46496.6		116448.31939		-23455.11939
236		46696.6		116948.31931		-23555.11931
237		46896.6		117448.31923		-23655.11923
238		47096.6		117948.31915		-23755.11915
239		47296.6		118448.31907		-23855.11907
240		47496.6		118948.31899		-23955.11899
241		47696.6		119448.31891		-24055.11891
242		47896.6		119948.31883		-24155.11883
243		48096.6		120448.31875		-24255.11875
244		48296.6		120948.31867		-24355.11867
245		48496.6		121448.3186		-24455.1186
246		48696.6		121948.31852		-24555.11852
247		48896.6		122448.31845		-24655.11845
248		49096.6		122948.31837		-24755.11837
249		49296.6		123448.3183		-24855.1183
250		49496.6		123948.31822		-24955.11822
