step	mediator-max-opt_runtime_mean	mediator-max-opt_runtime_std_up	mediator-max-opt_runtime_std_down
1		0.00016		0.00019		0.00012
2		0.02346		0.02545		0.02147
3		0.04641		0.04892		0.0439
4		0.06917		0.07236		0.06597
5		0.09115		0.09427		0.08803
6		0.11522		0.118		0.11244
7		0.14049		0.147		0.13399
8		0.16833		0.18279		0.15388
9		0.19536		0.21834		0.17239
10		0.2236		0.25884		0.18837
11		0.25086		0.29697		0.20475
12		0.27966		0.33795		0.22136
13		0.30872		0.38056		0.23688
14		0.33729		0.42265		0.25194
15		0.36681		0.46745		0.26616
16		0.39621		0.51219		0.28023
17		0.42765		0.55895		0.29634
18		0.45894		0.60664		0.31124
19		0.49069		0.65714		0.32424
20		0.52306		0.70685		0.33928
21		0.55643		0.75722		0.35565
22		0.5884		0.80868		0.36813
23		0.62287		0.86448		0.38127
24		0.65737		0.91691		0.39784
25		0.69671		0.97314		0.42029
26		0.73218		1.03172		0.43263
27		0.76519		1.08548		0.44489
28		0.80099		1.14056		0.46142
29		0.83663		1.19554		0.47772
30		0.87896		1.25709		0.50084
31		0.91209		1.31269		0.51148
32		0.95011		1.3737		0.52652
33		0.98343		1.43013		0.53673
34		1.02106		1.48998		0.55214
35		1.06291		1.5526		0.57322
36		1.1048		1.61572		0.59388
37		1.14428		1.6766		0.61196
38		1.17979		1.73876		0.62082
39		1.21856		1.80148		0.63564
40		1.25815		1.86469		0.65161
41		1.30238		1.93044		0.67432
42		1.33738		1.99115		0.68361
43		1.37286		2.05225		0.69347
44		1.42167		2.12312		0.72021
45		1.46932		2.19207		0.74658
46		1.50496		2.25455		0.75537
47		1.54057		2.31729		0.76384
48		1.57614		2.38024		0.77204
49		1.62829		2.45283		0.80376
50		1.66975		2.5208		0.81869
51		1.70538		2.58279		0.82796
52		1.74164		2.64748		0.83579
53		1.78344		2.71502		0.85186
54		1.83254		2.78606		0.87902
55		1.87624		2.85796		0.89453
56		1.91257		2.9232		0.90194
57		1.95512		2.99149		0.91875
58		1.99151		3.05645		0.92656
59		2.0403		3.12734		0.95326
60		2.08492		3.20061		0.96923
61		2.13031		3.27223		0.98839
62		2.16741		3.3394		0.99543
63		2.20588		3.4076		1.00416
64		2.25591		3.48138		1.03044
65		2.30804		3.56043		1.05566
66		2.34501		3.62771		1.06231
67		2.38186		3.69478		1.06894
68		2.41942		3.76379		1.07506
69		2.47053		3.84043		1.10063
70		2.5165		3.9166		1.1164
71		2.56259		3.9908		1.13438
72		2.60095		4.06056		1.14135
73		2.64551		4.13349		1.15752
74		2.69705		4.20949		1.18461
75		2.74348		4.2875		1.19945
76		2.7826		4.36009		1.20512
77		2.83042		4.43786		1.22298
78		2.87026		4.51069		1.22983
79		2.91548		4.58407		1.2469
80		2.96319		4.66281		1.26356
81		3.01648		4.74052		1.29244
82		3.05442		4.80988		1.29895
83		3.09338		4.88227		1.30449
84		3.13957		4.95944		1.31971
85		3.20224		5.04586		1.35861
86		3.24081		5.11805		1.36358
87		3.27938		5.19004		1.36872
88		3.31899		5.2627		1.37528
89		3.38237		5.35094		1.41379
90		3.42855		5.42683		1.43027
91		3.46703		5.49861		1.43545
92		3.50549		5.57032		1.44067
93		3.55369		5.64736		1.46003
94		3.60141		5.72702		1.4758
95		3.64878		5.80296		1.4946
96		3.69567		5.87903		1.51231
97		3.74326		5.95672		1.52979
98		3.78408		6.03384		1.53432
99		3.8413		6.11873		1.56387
100		3.88908		6.19695		1.58121
101		3.93645		6.27478		1.59813
102		3.97601		6.34933		1.6027
103		4.01673		6.4277		1.60577
104		4.07419		6.50977		1.6386
105		4.13023		6.59207		1.66839
106		4.16991		6.66686		1.67296
107		4.20964		6.74241		1.67688
108		4.2509		6.82082		1.68097
109		4.31613		6.90783		1.72444
110		4.3655		6.98774		1.74325
111		4.40487		7.06151		1.74822
112		4.44565		7.14		1.7513
113		4.49377		7.21834		1.76919
114		4.55072		7.30019		1.80124
115		4.59044		7.37467		1.80622
116		4.63982		7.45797		1.82167
117		4.6899		7.54238		1.83742
118		4.73008		7.61909		1.84107
119		4.77843		7.69972		1.85714
120		4.8372		7.78593		1.88848
121		4.88768		7.87169		1.90368
122		4.92756		7.9479		1.90722
123		4.96825		8.02431		1.9122
124		5.01822		8.10858		1.92785
125		5.07821		8.19918		1.95724
126		5.12896		8.28153		1.97639
127		5.16935		8.35826		1.98044
128		5.20937		8.43516		1.98359
129		5.27556		8.52631		2.02482
130		5.3222		8.60804		2.03636
131		5.37186		8.68938		2.05434
132		5.41197		8.7662		2.05774
133		5.46062		8.84714		2.0741
134		5.51873		8.93666		2.1008
135		5.57501		9.02158		2.12844
136		5.61559		9.09863		2.13255
137		5.66484		9.17965		2.15002
138		5.7076		9.26208		2.15312
139		5.75588		9.3441		2.16766
140		5.82154		9.43493		2.20816
141		5.8722		9.51962		2.22478
142		5.91439		9.60052		2.22827
143		5.956		9.68179		2.2302
144		6.00398		9.76358		2.24438
145		6.07222		9.85579		2.28866
146		6.12173		9.93865		2.30481
147		6.16401		10.02258		2.30543
148		6.20473		10.10156		2.30789
149		6.26212		10.18823		2.33602
150		6.33167		10.28133		2.38201
151		6.37495		10.3659		2.38401
152		6.41633		10.44494		2.38771
153		6.46829		10.52946		2.40712
154		6.51744		10.61165		2.42323
155		6.58769		10.70854		2.46684
156		6.62817		10.78612		2.47022
157		6.67898		10.86926		2.48871
158		6.7202		10.94846		2.49194
159		6.76978		11.03444		2.50512
160		6.8298		11.12373		2.53587
161		6.88991		11.21249		2.56733
162		6.9307		11.29157		2.56982
163		6.97202		11.37233		2.5717
164		7.02044		11.45781		2.58307
165		7.10094		11.55707		2.64481
166		7.14317		11.63723		2.64912
167		7.18437		11.71628		2.65245
168		7.22815		11.8013		2.655
169		7.29532		11.89352		2.69711
170		7.35552		11.98396		2.72708
171		7.39718		12.06513		2.72923
172		7.44103		12.1517		2.73035
173		7.49419		12.23858		2.74979
174		7.55103		12.32669		2.77536
175		7.61215		12.41776		2.80654
176		7.65512		12.50352		2.80672
177		7.70693		12.58959		2.82427
178		7.74861		12.67125		2.82597
179		7.79305		12.75392		2.83219
180		7.85641		12.85093		2.86189
181		7.92022		12.94338		2.89706
182		7.96301		13.02475		2.90128
183		8.00475		13.10599		2.9035
184		8.05867		13.19779		2.91954
185		8.13065		13.29386		2.96744
186		8.17208		13.37485		2.9693
187		8.21434		13.45617		2.97251
188		8.25845		13.54308		2.97382
189		8.32149		13.63477		3.0082
190		8.38376		13.7254		3.04212
191		8.42521		13.80664		3.04378
192		8.46836		13.89292		3.04379
193		8.52106		13.98206		3.06007
194		8.57329		14.06814		3.07843
195		8.63574		14.15882		3.11266
196		8.67937		14.2449		3.11383
197		8.73398		14.33274		3.13522
198		8.7754		14.41351		3.13729
199		8.82773		14.50003		3.15543
200		8.89184		14.59664		3.18704
201		8.9451		14.6873		3.20289
202		8.98672		14.76862		3.20481
203		9.02976		14.85082		3.2087
204		9.07344		14.93671		3.21017
205		9.14717		15.0359		3.25843
206		9.19982		15.12371		3.27593
207		9.24151		15.20556		3.27746
208		9.28407		15.29004		3.27809
209		9.34699		15.38254		3.31144
210		9.41034		15.47329		3.34739
211		9.45327		15.55533		3.3512
212		9.49648		15.63925		3.35372
213		9.55004		15.72855		3.37153
214		9.60279		15.8173		3.38827
215		9.66611		15.91103		3.42118
216		9.70908		15.99652		3.42164
217		9.76355		16.08785		3.43925
218		9.80625		16.1709		3.44161
219		9.86019		16.25948		3.46091
220		9.92548		16.35607		3.49488
221		9.97993		16.44645		3.51342
222		10.02253		16.52951		3.51556
223		10.06503		16.61326		3.51679
224		10.12011		16.70518		3.53504
225		10.19782		16.80705		3.58859
226		10.24067		16.89017		3.59117
227		10.28274		16.97242		3.59306
228		10.32607		17.05891		3.59323
229		10.37992		17.14959		3.61025
230		10.4448		17.24426		3.64534
231		10.49884		17.33356		3.66412
232		10.54245		17.42121		3.6637
233		10.5966		17.51062		3.68258
234		10.65059		17.59952		3.70166
235		10.71644		17.69366		3.73922
236		10.75974		17.78057		3.73892
237		10.81394		17.87033		3.75755
238		10.8569		17.95376		3.76003
239		10.91099		18.04296		3.77902
240		10.97802		18.1416		3.81445
241		11.03161		18.23097		3.83224
242		11.07393		18.31442		3.83344
243		11.116		18.39722		3.83477
244		11.1711		18.4905		3.85171
245		11.24684		18.59119		3.9025
246		11.28929		18.67517		3.9034
247		11.33156		18.75852		3.9046
248		11.37665		18.84787		3.90543
249		11.44217		18.94338		3.94096
250		11.50861		19.03825		3.97896
