step	mediator-max-opt_inst_loss_mean	mediator-max-opt_inst_loss_std_up	mediator-max-opt_inst_loss_std_down
1		14267.30707		21300.27355		7234.34059
2		14853.22138		22190.73729		7515.70546
3		14828.24738		22633.53142		7022.96334
4		14600.27836		22816.36682		6384.18989
5		14360.31098		23008.82516		5711.79681
6		14107.71376		23211.41289		5004.01463
7		13841.82197		23424.66316		4258.98078
8		13561.93589		23649.13714		3474.73464
9		13267.31899		23885.42557		2649.21241
10		12957.19596		24134.15025		1780.24166
11		12630.75069		24395.96574		865.53564
12		12287.12411		24671.561		-97.31278
13		11925.41195		24961.66131		-1110.83741
14		11544.66234		25267.03009		-2177.70541
15		11143.87331		25588.47094		-3300.72432
16		10721.99015		25926.82976		-4482.84946
17		10277.90264		26282.99697		-5727.19168
18		9810.44215		26657.90987		-7037.02556
19		9318.37852		27052.55506		-8415.79802
20		8800.41684		27467.97109		-9867.13741
21		8255.19406		27905.25117		-11394.86305
22		7681.2754		28365.54604		-13002.99524
23		7077.15054		28850.067		-14695.76592
24		6441.22969		29360.08912		-16477.62974
25		5771.83938		29896.95457		-18353.27582
26		5067.21806		30462.07616		-20327.64004
27		4325.51147		31056.94105		-22405.91811
28		3544.76776		31683.11469		-24593.57916
29		2722.93235		32342.24491		-26896.3802
30		1857.84253		33036.06627		-29320.38121
31		947.22174		33766.40462		-31871.96114
32		-11.32637		34535.18193		-34557.83467
33		-1020.32428		35344.42129		-37385.06986
34		-2082.42725		36196.2523		-40361.10681
35		-3200.43028		37092.91662		-43493.77717
36		-4377.27545		38036.77392		-46791.32482
37		-5616.05972		39030.30803		-50262.42748
38		13247.98152		20123.48307		6372.47997
39		13138.52283		19988.14073		6288.90493
40		13023.30327		19847.53256		6199.07398
41		12902.01965		19701.60512		6102.43418
42		12774.35281		19550.32837		5998.37724
43		12639.9668		19393.69966		5886.23393
44		12498.50798		19231.74783		5765.26813
45		12349.60413		19064.53777		5634.67048
46		12192.86339		18892.17505		5493.55172
47		12027.87332		18714.81073		5340.9359
48		11854.19974		18532.64614		5175.75334
49		11671.38565		18345.93743		4996.83388
50		11478.94998		18154.99974		4802.90022
51		11276.38635		17960.21065		4592.56205
52		11063.1617		17762.01256		4364.31085
53		10838.71497		17560.91382		4116.51611
54		10602.45551		17357.488		3847.42303
55		10353.76164		17152.37107		3555.15221
56		10091.97892		16946.25627		3237.70158
57		9816.41849		16739.88621		2892.95077
58		9526.35523		16534.04249		2518.66797
59		9221.02585		16329.53257		2112.51912
60		8899.62689		16127.1747		1672.07908
61		8561.31261		15927.7811		1194.84413
62		8205.19276		15732.14048		678.24504
63		7830.33023		15541.00078		119.65969
64		7435.7386		15355.05302		-483.57582
65		7020.37952		15174.91745		-1134.15842
66		6583.15999		15001.13259		-1834.8126
67		6122.92952		14834.14781		-2588.28877
68		5638.47703		14674.31967		-3397.36561
69		5128.52772		14521.91192		-4264.85648
70		4591.73969		14377.09886		-5193.61947
71		4026.70044		14239.9714		-6186.57053
72		3431.92309		14110.54531		-7246.69913
73		2805.84254		13988.77067		-8377.0856
74		2146.8113		13874.54219		-9580.91958
75		1453.0952		13767.70945		-10861.51905
76		722.86876		13668.08684		-12222.34931
77		-45.78953		13575.46278		-13667.04184
78		-854.90234		13489.60794		-15199.41263
79		-1706.59879		13410.28246		-16823.48003
80		-2603.12002		13337.24205		-18543.48209
81		-3546.82516		13270.24306		-20363.89339
82		-4540.19749		13209.0466		-22289.44158
83		-5585.85096		13153.42174		-24325.12366
84		-6686.53712		13103.14799		-26476.22224
85		-7845.15232		13058.01719		-28748.32183
86		-9064.74533		13017.83475		-31147.32542
87		-10348.5254		12982.42057		-33679.47138
88		-11699.87066		12951.60958		-36351.3509
89		-13122.33704		12925.25197		-39169.92605
90		-14619.6676		12903.2133		-42142.5485
91		-16195.80241		12885.37439		-45276.9792
92		-17854.88889		12871.63111		-48581.40889
93		-19601.29275		12861.89417		-52064.47968
94		-21439.60946		12856.08879		-55735.3077
95		-23374.67632		12854.15436		-59603.507
96		-25411.58524		12856.04414		-63679.21463
97		-27555.69611		12861.72495		-67973.11717
98		-29812.65089		12871.17686		-72496.47864
99		-32188.38848		12884.39292		-77261.16988
100		-34689.16034		12901.37897		-82279.69964
101		-17155.51432		22715.16736		-57026.19599
102		1502.49064		10934.68547		-7929.70419
103		1178.25376		11022.43979		-8665.93228
104		836.95468		11138.44146		-9464.53209
105		477.69559		11283.39874		-10328.00755
106		99.53142		11457.92572		-11258.86288
107		-298.53263		11662.57284		-12259.6381
108		-717.5437		11897.8567		-13332.9441
109		-1158.60403		12164.2877		-14481.49576
110		-1622.87385		12462.39465		-15708.14236
111		-2111.57446		12792.74597		-17015.8949
112		-2625.9914		13155.96746		-18407.95027
113		-3167.47786		13552.75684		-19887.71257
114		-3737.45823		13983.89558		-21458.81205
115		-4337.43186		14450.25832		-23125.12203
116		-4968.97696		14952.82051		-24890.77443
117		-5633.75483		15492.66453		-26760.17419
118		-6333.51413		16070.98487		-28738.01312
119		-7070.09556		16689.09245		-30829.28357
120		-7845.43667		17348.41865		-33039.292
121		-8661.57695		18050.51899		-35373.67289
122		-9520.6632		18797.07681		-37838.40322
123		-10424.95519		19589.90704		-40439.81741
124		-11376.83156		20430.96013		-43184.62324
125		-12378.79613		21322.32625		-46079.91851
126		-13433.48446		22266.23985		-49133.20877
127		-14543.67077		23265.08457		-52352.42611
128		-15712.27525		24321.39861		-55745.94911
129		3214.36006		9643.08017		-3214.36006
130		3181.97676		9545.93027		-3181.97676
131		3147.8967		9443.69009		-3147.8967
132		3112.03105		9336.09316		-3112.03105
133		3074.28637		9222.8591		-3074.28637
134		3034.56429		9103.69286		-3034.56429
135		2992.76131		8978.28394		-2992.76131
136		2948.76854		8846.30563		-2948.76854
137		2902.47138		8707.41415		-2902.47138
138		2853.74925		8561.24774		-2853.74925
139		2802.47524		8407.42573		-2802.47524
140		2748.51585		8245.54755		-2748.51585
141		2691.73057		8075.19171		-2691.73057
142		2631.97156		7895.91469		-2631.97156
143		2569.08327		7707.2498		-2569.08327
144		2502.90199		7508.70596		-2502.90199
145		2433.25548		7299.76644		-2433.25548
146		2359.9625		7079.8875		-2359.9625
147		2282.83234		6848.49703		-2282.83234
148		2201.66434		6604.99302		-2201.66434
149		2116.24734		6348.74202		-2116.24734
150		2026.35916		6079.07749		-2026.35916
151		1931.76604		5795.29811		-1931.76604
152		1832.22197		5496.66592		-1832.22197
153		1727.46815		5182.40445		-1727.46815
154		1617.23223		4851.69668		-1617.23223
155		1501.22765		4503.68296		-1501.22765
156		1379.15291		4137.45874		-1379.15291
157		1250.69076		3752.07228		-1250.69076
158		1115.5074		3346.52219		-1115.5074
159		973.2516		2919.7548		-973.2516
160		823.55383		2470.66148		-823.55383
161		666.02525		1998.07574		-666.02525
162		500.25675		1500.77025		-500.25675
163		325.81789		977.45368		-325.81789
164		142.25577		426.76732		-142.25577
165		-50.90613		50.90613		-152.71839
166		-254.16918		254.16918		-762.50755
167		-468.0609		468.0609		-1404.1827
168		-693.13629		693.13629		-2079.40887
169		-929.9793		929.9793		-2789.93791
170		-1179.20432		1179.20432		-3537.61297
171		-1441.45776		1441.45776		-4324.37327
172		-1717.4197		1717.4197		-5152.25909
173		-2007.80568		2007.80568		-6023.41705
174		-2313.36853		2313.36853		-6940.10559
175		-2634.90027		2634.90027		-7904.70082
176		-2973.23421		2973.23421		-8919.70263
177		-3329.24704		3329.24704		-9987.74113
178		-3703.86113		3703.86113		-11111.5834
179		-4098.04687		4098.04687		-12294.14061
180		-4512.82518		4512.82518		-13538.47554
181		-4949.27013		4949.27013		-14847.81039
182		-5408.51171		5408.51171		-16225.53514
183		-5891.73873		5891.73873		-17675.21619
184		-6400.20186		6400.20186		-19200.60558
185		-6935.21686		6935.21686		-20805.65059
186		-7498.16796		7498.16796		-22494.50389
187		-8090.5114		8090.5114		-24271.53419
188		-8713.77915		8713.77915		-26141.33746
189		-9369.58292		9369.58292		-28108.74875
190		-10059.61818		10059.61818		-30178.85453
191		-10785.66859		10785.66859		-32357.00578
192		-11549.61056		11549.61056		-34648.83169
193		-12353.41803		12353.41803		-37060.2541
194		-13199.16755		13199.16755		-39597.50265
195		-14089.04359		14089.04359		-42267.13077
196		-15025.34414		15025.34414		-45076.03242
197		-16010.48659		16010.48659		-48031.45978
198		-17047.01392		17047.01392		-51141.04177
199		-18137.60119		18137.60119		-54412.80358
200		0.0		0.0		0.0
201		0.0		0.0		0.0
202		0.0		0.0		0.0
203		0.0		0.0		0.0
204		0.0		0.0		0.0
205		0.0		0.0		0.0
206		0.0		0.0		0.0
207		0.0		0.0		0.0
208		0.0		0.0		0.0
209		0.0		0.0		0.0
210		0.0		0.0		0.0
211		0.0		0.0		0.0
212		0.0		0.0		0.0
213		0.0		0.0		0.0
214		0.0		0.0		0.0
215		0.0		0.0		0.0
216		0.0		0.0		0.0
217		0.0		0.0		0.0
218		0.0		0.0		0.0
219		0.0		0.0		0.0
220		0.0		0.0		0.0
221		0.0		0.0		0.0
222		0.0		0.0		0.0
223		0.0		0.0		0.0
224		0.0		0.0		0.0
225		0.0		0.0		0.0
226		0.0		0.0		0.0
227		0.0		0.0		0.0
228		0.0		0.0		0.0
229		0.0		0.0		0.0
230		0.0		0.0		0.0
231		0.0		0.0		0.0
232		0.0		0.0		0.0
233		0.0		0.0		0.0
234		0.0		0.0		0.0
235		0.0		0.0		0.0
236		0.0		0.0		0.0
237		0.0		0.0		0.0
238		0.0		0.0		0.0
239		0.0		0.0		0.0
240		0.0		0.0		0.0
241		0.0		0.0		0.0
242		0.0		0.0		0.0
243		0.0		0.0		0.0
244		0.0		0.0		0.0
245		0.0		0.0		0.0
246		0.0		0.0		0.0
247		0.0		0.0		0.0
248		0.0		0.0		0.0
249		0.0		0.0		0.0
250		0.0		0.0		0.0
