step	mediator-max-opt_cum_inst_loss_mean	mediator-max-opt_cum_inst_loss_std_up	mediator-max-opt_cum_inst_loss_std_down
1		8995.3977		18883.1579		-892.36251
2		17969.2476		38167.73016		-2229.23496
3		27012.04415		58181.57654		-4157.48824
4		35522.37426		78241.65541		-7196.90688
5		43472.21341		98349.64489		-11405.21807
6		50832.06208		118507.81196		-16843.68779
7		57570.86817		138718.68695		-23576.95062
8		63655.94523		158984.98794		-31673.09747
9		69052.88651		179309.6005		-41203.82748
10		73725.47435		199695.57447		-52244.62577
11		77635.58492		220146.12702		-64874.95719
12		80743.08784		240664.64866		-79178.47297
13		83005.74066		261254.71083		-95243.22952
14		84379.07759		281920.07461		-113161.91944
15		84816.29257		302664.7001		-133032.11496
16		84268.11605		323492.75658		-154956.52447
17		82682.68537		344408.63332		-179043.26258
18		80005.40824		365416.95102		-205406.13455
19		76178.81908		386522.57385		-234164.93569
20		71142.42784		407730.62221		-265445.76653
21		64832.56077		429046.48619		-299381.36466
22		57182.19287		450475.8397		-336111.45397
23		48120.77151		472024.65538		-375783.11235
24		37574.03079		493699.2203		-418551.15873
25		25463.79604		515506.15251		-464578.56043
26		11707.77818		537452.41845		-514036.86208
27		-3780.64289		559545.35124		-567106.63702
28		-21092.64623		581792.67002		-623977.96247
29		-40324.20977		604202.50021		-684850.91975
30		-61576.36292		626783.39495		-749936.12078
31		-84955.45241		649544.35753		-819455.26236
32		-90405.38449		661871.73899		-842682.50798
33		-96948.87654		674637.30229		-868535.05536
34		-104643.48425		687916.42814		-897203.39665
35		-113549.79259		701786.62996		-928886.21515
36		-123731.57518		716327.04399		-963790.19435
37		-135255.96215		731617.92503		-1002129.84933
38		-148193.61678		747740.16952		-1044127.40307
39		-142450.89961		760096.99422		-1044998.79345
40		-137010.97475		772118.22181		-1046140.17131
41		-131889.77852		783798.2365		-1047577.79355
42		-127104.08604		795132.42552		-1049340.59759
43		-122671.55528		806117.36674		-1051460.4773
44		-118610.77359		816751.03818		-1053972.58536
45		-114941.30661		827033.05074		-1056915.66395
46		-111683.7497		836964.90589		-1060332.4053
47		-108859.78223		846550.27931		-1064269.84377
48		-106492.22454		855795.33163		-1068779.78072
49		-104605.09806		864709.04682		-1073919.24294
50		-103223.68848		873303.59818		-1079750.97514
51		-102374.6123		881594.74131		-1086343.96591
52		-102085.8869		889602.23239		-1093774.00619
53		-102387.00423		897350.26915		-1102124.2776
54		-103309.00844		904867.95029		-1111485.96717
55		-104884.57757		912189.74786		-1121958.903
56		-107148.10955		919355.98499		-1133652.2041
57		-110135.81271		926413.30969		-1146684.93511
58		-113885.80105		933415.1532		-1161186.75529
59		-118438.19457		940422.15921		-1177298.54835
60		-123835.22483		947502.56888		-1195173.01854
61		-130121.34609		954732.54424		-1214975.23641
62		-137343.35227		962196.41248		-1236883.11702
63		-145550.50012		969986.81295		-1261087.8132
64		-154794.63883		978204.72994		-1287794.00761
65		-165130.34647		986959.39689		-1317220.08983
66		-176615.07361		996368.06134		-1349598.20856
67		-169141.48002		1012959.14347		-1351242.10352
68		-161677.89538		1029528.57412		-1352884.36487
69		-154224.84611		1046075.17152		-1354524.86374
70		-146782.88637		1062597.69296		-1356163.46569
71		-139352.59941		1079094.83153		-1357800.03036
72		-131934.5992		1095565.21271		-1359434.41112
73		-124529.53196		1112007.39081		-1361066.45474
74		-117138.07793		1128419.84519		-1362696.00104
75		-109760.95308		1144800.97629		-1364322.88245
76		-102398.91107		1161149.10151		-1365946.92364
77		-95052.74517		1177462.45078		-1367567.94111
78		-87723.29038		1193739.16197		-1369185.74273
79		-80411.4256		1209977.27606		-1370800.12727
80		-73118.07596		1226174.73201		-1372410.88392
81		-65844.21522		1242329.36138		-1374017.79183
82		-58590.86837		1258438.88277		-1375620.6195
83		-51359.11427		1274500.89576		-1377219.12431
84		-44150.08854		1290512.87479		-1378813.05187
85		-36964.9865		1306472.16248		-1380402.13548
86		-29805.06632		1322375.96281		-1381986.09546
87		-22671.65234		1338221.3338		-1383564.63848
88		-15566.13854		1354005.17985		-1385137.45693
89		-8489.99218		1369724.24378		-1386704.22814
90		-1444.75769		1385375.09826		-1388264.61363
91		5567.93932		1400954.13702		-1389818.25839
92		12546.38772		1416457.56542		-1391364.78999
93		19488.78644		1431881.39065		-1392903.81777
94		26393.23971		1447221.41136		-1394434.93194
95		33257.75208		1462473.20681		-1395957.70265
96		40080.22317		1477632.1254		-1397471.67905
97		46858.44218		1492693.27263		-1398976.38826
98		53590.08207		1507651.4985		-1400471.33435
99		60272.69345		1522501.38415		-1401955.99726
100		66903.69814		1537237.22793		-1403429.83166
101		73480.38242		1551853.03067		-1404892.26583
102		79999.8899		1566342.48023		-1406342.70042
103		86459.21402		1580698.93528		-1407780.50724
104		92855.19014		1594915.40822		-1409205.02795
105		99184.48724		1608984.54723		-1410615.57276
106		105443.59919		1622898.61745		-1412011.41907
107		111628.83555		1636649.48115		-1413391.81006
108		117736.31183		1650228.57694		-1414755.95328
109		123761.93936		1663626.8979		-1416103.01918
110		129701.41451		1676834.96865		-1417432.13962
111		135550.20743		1689842.8212		-1418742.40635
112		141303.55011		1702639.96969		-1420032.86947
113		146956.42392		1715215.38376		-1421302.53593
114		152503.54638		1727557.46068		-1422550.36791
115		157939.35737		1739653.99608		-1423775.28134
116		163258.00445		1751492.15321		-1424976.1443
117		168453.32757		1763058.43073		-1426151.77559
118		173518.84286		1774338.62891		-1427300.9432
119		178447.72563		1785317.81419		-1428422.36294
120		183232.79246		1795980.28201		-1429514.69709
121		187866.48235		1806309.51794		-1430576.55323
122		192340.83689		1816288.15686		-1431606.48309
123		196647.47931		1825897.94029		-1432602.98166
124		200777.59261		1835119.67168		-1433564.48646
125		204721.89633		1843933.1697		-1434489.37704
126		208470.62224		1852317.21932		-1435375.97483
127		212013.4887		1860249.52071		-1436222.5433
128		215339.67369		1867706.63593		-1437027.28854
129		218437.78642		1874663.93321		-1437788.36037
130		221295.83741		1881095.52887		-1438503.85405
131		223901.2071		1886974.22686		-1439171.81266
132		226240.61268		1892271.45569		-1439790.23034
133		228300.07328		1896957.20303		-1440357.05648
134		230064.87328		1900999.94765		-1440870.20108
135		231519.52373		1904366.58892		-1441327.54145
136		232647.72169		1907022.37384		-1441726.93046
137		233432.30748		1908930.82157		-1442066.20661
138		233855.21968		1910053.64574		-1442343.20637
139		233897.44775		1910350.67443		-1442555.77892
140		233538.98218		1909779.76824		-1442701.80388
141		232758.76197		1908296.73657		-1442779.21262
142		231534.61948		1905855.25242		-1442786.01347
143		229843.22219		1902406.76625		-1442720.32186
144		227660.01162		1897900.41925		-1442580.396
145		224959.13885		1892282.95695		-1442364.67925
146		221713.39677		1885498.64375		-1442071.85022
147		217894.14873		1877489.17963		-1441700.88216
148		213471.2535		1868193.62023		-1441251.11324
149		208412.98615		1857548.30205		-1440722.32974
150		202685.95499		1845486.77465		-1440114.86467
151		196255.01391		1831939.74246		-1439429.71464
152		189083.17033		1816835.01932		-1438668.67866
153		181131.48818		1800097.49944		-1437834.52307
154		172358.98585		1781649.14968		-1436931.17798
155		162722.52875		1761409.02904		-1435963.97155
156		152176.71624		1739293.34256		-1434939.91007
157		140673.76269		1715215.53897		-1433868.0136
158		128163.37214		1689086.46339		-1432759.71911
159		114592.60655		1660814.57939		-1431629.36628
160		99905.74706		1630306.27848		-1430494.78435
161		84044.14793		1597466.2995		-1429378.00365
162		66946.08288		1562198.28671		-1428306.12095
163		48546.58335		1524405.52259		-1427312.35589
164		28777.26824		1483991.88155		-1426437.34506
165		7566.16477		1440863.06309		-1425730.73354
166		-15162.48013		1394928.1791		-1425253.13937
167		-39488.39829		1346101.79093		-1425078.58751
168		-65495.50914		1294306.51797		-1425297.53625
169		-73235.92413		1274176.68628		-1420648.53453
170		-81584.00811		1252538.92857		-1415706.9448
171		-90571.65499		1229329.97328		-1410473.28325
172		-100232.43165		1204486.09162		-1404950.95492
173		-110601.66572		1177943.63751		-1399146.96895
174		-121716.53782		1149639.74245		-1393072.81809
175		-133616.17869		1119513.20546		-1386745.56284
176		-146341.77142		1087505.62883		-1380189.17167
177		-159936.65901		1053562.86435		-1373436.18237
178		-174446.45757		1017636.85226		-1366529.76739
179		-189919.17541		979687.95769		-1359526.3085
180		-206405.33845		939687.93715		-1352498.61404
181		-223958.12212		897623.70272		-1345539.94696
182		-242633.49019		853502.09298		-1338769.07335
183		-242633.49019		853502.09298		-1338769.07335
184		-242633.49019		853502.09298		-1338769.07335
185		-242633.49019		853502.09298		-1338769.07335
186		-242633.49019		853502.09298		-1338769.07335
187		-242633.49019		853502.09298		-1338769.07335
188		-242633.49019		853502.09298		-1338769.07335
189		-242633.49019		853502.09298		-1338769.07335
190		-242633.49019		853502.09298		-1338769.07335
191		-242633.49019		853502.09298		-1338769.07335
192		-242633.49019		853502.09298		-1338769.07335
193		-242633.49019		853502.09298		-1338769.07335
194		-242633.49019		853502.09298		-1338769.07335
195		-242633.49019		853502.09298		-1338769.07335
196		-242633.49019		853502.09298		-1338769.07335
197		-242633.49019		853502.09298		-1338769.07335
198		-242633.49019		853502.09298		-1338769.07335
199		-242633.49019		853502.09298		-1338769.07335
200		-242633.49019		853502.09298		-1338769.07335
201		-242633.49019		853502.09298		-1338769.07335
202		-242633.49019		853502.09298		-1338769.07335
203		-242633.49019		853502.09298		-1338769.07335
204		-242633.49019		853502.09298		-1338769.07335
205		-242633.49019		853502.09298		-1338769.07335
206		-242633.49019		853502.09298		-1338769.07335
207		-242633.49019		853502.09298		-1338769.07335
208		-242633.49019		853502.09298		-1338769.07335
209		-242633.49019		853502.09298		-1338769.07335
210		-242633.49019		853502.09298		-1338769.07335
211		-242633.49019		853502.09298		-1338769.07335
212		-242633.49019		853502.09298		-1338769.07335
213		-242633.49019		853502.09298		-1338769.07335
214		-242633.49019		853502.09298		-1338769.07335
215		-242633.49019		853502.09298		-1338769.07335
216		-242633.49019		853502.09298		-1338769.07335
217		-242633.49019		853502.09298		-1338769.07335
218		-242633.49019		853502.09298		-1338769.07335
219		-242633.49019		853502.09298		-1338769.07335
220		-242633.49019		853502.09298		-1338769.07335
221		-242633.49019		853502.09298		-1338769.07335
222		-242633.49019		853502.09298		-1338769.07335
223		-242633.49019		853502.09298		-1338769.07335
224		-242633.49019		853502.09298		-1338769.07335
225		-242633.49019		853502.09298		-1338769.07335
226		-242633.49019		853502.09298		-1338769.07335
227		-242633.49019		853502.09298		-1338769.07335
228		-242633.49019		853502.09298		-1338769.07335
229		-242633.49019		853502.09298		-1338769.07335
230		-242633.49019		853502.09298		-1338769.07335
231		-242633.49019		853502.09298		-1338769.07335
232		-242633.49019		853502.09298		-1338769.07335
233		-242633.49019		853502.09298		-1338769.07335
234		-242633.49019		853502.09298		-1338769.07335
235		-242633.49019		853502.09298		-1338769.07335
236		-242633.49019		853502.09298		-1338769.07335
237		-242633.49019		853502.09298		-1338769.07335
238		-242633.49019		853502.09298		-1338769.07335
239		-242633.49019		853502.09298		-1338769.07335
240		-242633.49019		853502.09298		-1338769.07335
241		-242633.49019		853502.09298		-1338769.07335
242		-242633.49019		853502.09298		-1338769.07335
243		-242633.49019		853502.09298		-1338769.07335
244		-242633.49019		853502.09298		-1338769.07335
245		-242633.49019		853502.09298		-1338769.07335
246		-242633.49019		853502.09298		-1338769.07335
247		-242633.49019		853502.09298		-1338769.07335
248		-242633.49019		853502.09298		-1338769.07335
249		-242633.49019		853502.09298		-1338769.07335
250		-242633.49019		853502.09298		-1338769.07335
