step	mediator-max-opt_cov_err_sq_T_mean	mediator-max-opt_cov_err_sq_T_std_up	mediator-max-opt_cov_err_sq_T_std_down
1		35.73486		36.71465		34.75506
2		34.88571		35.85571		33.91572
3		34.38343		34.94331		33.82355
4		34.38343		34.94331		33.82355
5		34.38343		34.94331		33.82355
6		34.38343		34.94331		33.82355
7		34.38343		34.94331		33.82355
8		34.38343		34.94331		33.82355
9		34.38343		34.94331		33.82355
10		34.38343		34.94331		33.82355
11		34.38343		34.94331		33.82355
12		34.38343		34.94331		33.82355
13		34.38343		34.94331		33.82355
14		34.38343		34.94331		33.82355
15		34.38343		34.94331		33.82355
16		34.38343		34.94331		33.82355
17		34.38343		34.94331		33.82355
18		34.38343		34.94331		33.82355
19		34.38343		34.94331		33.82355
20		34.38343		34.94331		33.82355
21		34.38343		34.94331		33.82355
22		34.38343		34.94331		33.82355
23		34.38343		34.94331		33.82355
24		34.38343		34.94331		33.82355
25		34.38343		34.94331		33.82355
26		34.38343		34.94331		33.82355
27		34.38343		34.94331		33.82355
28		34.38343		34.94331		33.82355
29		34.38343		34.94331		33.82355
30		34.38343		34.94331		33.82355
31		34.38361		34.94327		33.82394
32		34.21218		35.02804		33.39631
33		34.21218		35.02804		33.39631
34		34.21218		35.02804		33.39631
35		34.21218		35.02804		33.39631
36		34.21218		35.02804		33.39631
37		34.21218		35.02804		33.39631
38		34.21226		35.0282		33.39633
39		34.04084		34.79431		33.28736
40		34.04084		34.79431		33.28736
41		34.04084		34.79431		33.28736
42		34.04084		34.79431		33.28736
43		34.04084		34.79431		33.28736
44		34.04084		34.79431		33.28736
45		34.04084		34.79431		33.28736
46		34.04084		34.79431		33.28736
47		34.04084		34.79431		33.28736
48		34.04084		34.79431		33.28736
49		34.04084		34.79431		33.28736
50		34.04084		34.79431		33.28736
51		34.04084		34.79431		33.28736
52		34.04084		34.79431		33.28736
53		34.04084		34.79431		33.28736
54		34.04084		34.79431		33.28736
55		34.04084		34.79431		33.28736
56		34.04084		34.79431		33.28736
57		34.04084		34.79431		33.28736
58		34.04084		34.79431		33.28736
59		34.04084		34.79431		33.28736
60		34.04084		34.79431		33.28736
61		34.04084		34.79431		33.28736
62		34.04084		34.79431		33.28736
63		34.04084		34.79431		33.28736
64		34.04084		34.79431		33.28736
65		34.04084		34.79431		33.28736
66		34.04081		34.79426		33.28736
67		33.86938		34.51053		33.22823
68		33.86938		34.51053		33.22823
69		33.86938		34.51053		33.22823
70		33.86938		34.51053		33.22823
71		33.86938		34.51053		33.22823
72		33.86938		34.51053		33.22823
73		33.86938		34.51053		33.22823
74		33.86938		34.51053		33.22823
75		33.86938		34.51053		33.22823
76		33.86938		34.51053		33.22823
77		33.86938		34.51053		33.22823
78		33.86938		34.51053		33.22823
79		33.86938		34.51053		33.22823
80		33.86938		34.51053		33.22823
81		33.86938		34.51053		33.22823
82		33.86938		34.51053		33.22823
83		33.86938		34.51053		33.22823
84		33.86938		34.51053		33.22823
85		33.86938		34.51053		33.22823
86		33.86938		34.51053		33.22823
87		33.86938		34.51053		33.22823
88		33.86938		34.51053		33.22823
89		33.86938		34.51053		33.22823
90		33.86938		34.51053		33.22823
91		33.86938		34.51053		33.22823
92		33.86938		34.51053		33.22823
93		33.86938		34.51053		33.22823
94		33.86938		34.51053		33.22823
95		33.86938		34.51053		33.22823
96		33.86938		34.51053		33.22823
97		33.86938		34.51053		33.22823
98		33.86938		34.51053		33.22823
99		33.86938		34.51053		33.22823
100		33.86938		34.51053		33.22823
101		33.86938		34.51053		33.22823
102		33.86938		34.51053		33.22823
103		33.86938		34.51053		33.22823
104		33.86938		34.51053		33.22823
105		33.86938		34.51053		33.22823
106		33.86938		34.51053		33.22823
107		33.86938		34.51053		33.22823
108		33.86938		34.51053		33.22823
109		33.86938		34.51053		33.22823
110		33.86938		34.51053		33.22823
111		33.86938		34.51053		33.22823
112		33.86938		34.51053		33.22823
113		33.86938		34.51053		33.22823
114		33.86938		34.51053		33.22823
115		33.86938		34.51053		33.22823
116		33.86938		34.51053		33.22823
117		33.86938		34.51053		33.22823
118		33.86938		34.51053		33.22823
119		33.86938		34.51053		33.22823
120		33.86938		34.51053		33.22823
121		33.86938		34.51053		33.22823
122		33.86938		34.51053		33.22823
123		33.86938		34.51053		33.22823
124		33.86938		34.51053		33.22823
125		33.86938		34.51053		33.22823
126		33.86938		34.51053		33.22823
127		33.86938		34.51053		33.22823
128		33.86938		34.51053		33.22823
129		33.86938		34.51053		33.22823
130		33.86938		34.51053		33.22823
131		33.86938		34.51053		33.22823
132		33.86938		34.51053		33.22823
133		33.86938		34.51053		33.22823
134		33.86938		34.51053		33.22823
135		33.86938		34.51053		33.22823
136		33.86938		34.51053		33.22823
137		33.86938		34.51053		33.22823
138		33.86938		34.51053		33.22823
139		33.86938		34.51053		33.22823
140		33.86938		34.51053		33.22823
141		33.86938		34.51053		33.22823
142		33.86938		34.51053		33.22823
143		33.86938		34.51053		33.22823
144		33.86938		34.51053		33.22823
145		33.86938		34.51053		33.22823
146		33.86938		34.51053		33.22823
147		33.86938		34.51053		33.22823
148		33.86938		34.51053		33.22823
149		33.86938		34.51053		33.22823
150		33.86938		34.51053		33.22823
151		33.86938		34.51053		33.22823
152		33.86938		34.51053		33.22823
153		33.86938		34.51053		33.22823
154		33.86938		34.51053		33.22823
155		33.86938		34.51053		33.22823
156		33.86938		34.51053		33.22823
157		33.86938		34.51053		33.22823
158		33.86938		34.51053		33.22823
159		33.86938		34.51053		33.22823
160		33.86938		34.51053		33.22823
161		33.86938		34.51053		33.22823
162		33.86938		34.51053		33.22823
163		33.86938		34.51053		33.22823
164		33.86938		34.51053		33.22823
165		33.86938		34.51053		33.22823
166		33.86938		34.51053		33.22823
167		33.86938		34.51053		33.22823
168		33.86935		34.51045		33.22824
169		33.69792		34.14022		33.25562
170		33.69792		34.14022		33.25562
171		33.69792		34.14022		33.25562
172		33.69792		34.14022		33.25562
173		33.69792		34.14022		33.25562
174		33.69792		34.14022		33.25562
175		33.69792		34.14022		33.25562
176		33.69792		34.14022		33.25562
177		33.69792		34.14022		33.25562
178		33.69792		34.14022		33.25562
179		33.69792		34.14022		33.25562
180		33.69792		34.14022		33.25562
181		33.69792		34.14022		33.25562
182		33.69789		34.14018		33.25559
183		33.52646		34.08618		32.96673
184		33.52646		34.08618		32.96673
185		33.52646		34.08618		32.96673
186		33.52646		34.08618		32.96673
187		33.52646		34.08618		32.96673
188		33.52646		34.08618		32.96673
189		33.52646		34.08618		32.96673
190		33.52646		34.08618		32.96673
191		33.52646		34.08618		32.96673
192		33.52646		34.08618		32.96673
193		33.52646		34.08618		32.96673
194		33.52646		34.08618		32.96673
195		33.52646		34.08618		32.96673
196		33.52646		34.08618		32.96673
197		33.52646		34.08618		32.96673
198		33.52646		34.08618		32.96673
199		33.52646		34.08618		32.96673
200		33.52646		34.08618		32.96673
201		33.52646		34.08618		32.96673
202		33.52646		34.08618		32.96673
203		33.52646		34.08618		32.96673
204		33.52646		34.08618		32.96673
205		33.52646		34.08618		32.96673
206		33.52646		34.08618		32.96673
207		33.52646		34.08618		32.96673
208		33.52646		34.08618		32.96673
209		33.52646		34.08618		32.96673
210		33.52646		34.08618		32.96673
211		33.52646		34.08618		32.96673
212		33.52646		34.08618		32.96673
213		33.52646		34.08618		32.96673
214		33.52646		34.08618		32.96673
215		33.52646		34.08618		32.96673
216		33.52646		34.08618		32.96673
217		33.52646		34.08618		32.96673
218		33.52646		34.08618		32.96673
219		33.52646		34.08618		32.96673
220		33.52646		34.08618		32.96673
221		33.52646		34.08618		32.96673
222		33.52646		34.08618		32.96673
223		33.52646		34.08618		32.96673
224		33.52646		34.08618		32.96673
225		33.52646		34.08618		32.96673
226		33.52646		34.08618		32.96673
227		33.52646		34.08618		32.96673
228		33.52646		34.08618		32.96673
229		33.52646		34.08618		32.96673
230		33.52646		34.08618		32.96673
231		33.52646		34.08618		32.96673
232		33.52646		34.08618		32.96673
233		33.52646		34.08618		32.96673
234		33.52646		34.08618		32.96673
235		33.52646		34.08618		32.96673
236		33.52646		34.08618		32.96673
237		33.52646		34.08618		32.96673
238		33.52646		34.08618		32.96673
239		33.52646		34.08618		32.96673
240		33.52646		34.08618		32.96673
241		33.52646		34.08618		32.96673
242		33.52646		34.08618		32.96673
243		33.52646		34.08618		32.96673
244		33.52646		34.08618		32.96673
245		33.52646		34.08618		32.96673
246		33.52646		34.08618		32.96673
247		33.52646		34.08618		32.96673
248		33.52646		34.08618		32.96673
249		33.52646		34.08618		32.96673
250		33.52646		34.08618		32.96673
