step	mediator-max-opt_reward_mean	mediator-max-opt_reward_std_up	mediator-max-opt_reward_std_down
1		0.0		0.0		0.0
2		26.6		79.8		-26.6
3		26.6		79.8		-26.6
4		26.6		79.8		-26.6
5		26.6		79.8		-26.6
6		26.6		79.8		-26.6
7		26.6		79.8		-26.6
8		26.6		79.8		-26.6
9		26.6		79.8		-26.6
10		26.6		79.8		-26.6
11		26.6		79.8		-26.6
12		26.6		79.8		-26.6
13		26.6		79.8		-26.6
14		26.6		79.8		-26.6
15		26.6		79.8		-26.6
16		26.6		79.8		-26.6
17		26.6		79.8		-26.6
18		26.6		79.8		-26.6
19		26.6		79.8		-26.6
20		26.6		79.8		-26.6
21		26.6		79.8		-26.6
22		26.6		79.8		-26.6
23		26.6		79.8		-26.6
24		1226.6		3613.8558		-1160.6558
25		2426.6		7213.57715		-2360.37715
26		3626.6		10813.4846		-3560.2846
27		4826.6		14413.43839		-4760.23839
28		6026.6		18013.41068		-5960.21068
29		7226.6		21613.39222		-7160.19222
30		8426.6		25213.37903		-8360.17903
31		9626.6		28813.36915		-9560.16915
32		10826.6		32413.36146		-10760.16146
33		12026.6		36013.35531		-11960.15531
34		13226.6		39613.35028		-13160.15028
35		14426.6		43213.34609		-14360.14609
36		15626.6		46813.34254		-15560.14254
37		16826.6		50413.3395		-16760.1395
38		18026.6		54013.33687		-17960.13687
39		19226.6		57613.33456		-19160.13456
40		20426.6		61213.33253		-20360.13253
41		21626.6		64813.33072		-21560.13072
42		22826.6		68413.3291		-22760.1291
43		24026.6		72013.32765		-23960.12765
44		25226.6		75613.32633		-25160.12633
45		26426.6		79213.32513		-26360.12513
46		27626.6		82813.32404		-27560.12404
47		28826.6		86413.32304		-28760.12304
48		30026.6		90013.32212		-29960.12212
49		31226.6		93613.32127		-31160.12127
50		32426.6		97213.32048		-32360.12048
51		33626.6		100813.31975		-33560.11975
52		34826.6		104413.31907		-34760.11907
53		36026.6		108013.31843		-35960.11843
54		37226.6		111613.31783		-37160.11783
55		38426.6		115213.31728		-38360.11728
56		39626.6		118813.31675		-39560.11675
57		42026.6		123046.15585		-38992.95585
58		44426.6		127342.7067		-38489.5067
59		46826.6		131698.6983		-38045.4983
60		49226.6		136110.11622		-37656.91622
61		51626.6		140573.20033		-37320.00033
62		54026.6		145084.43893		-37031.23893
63		56426.6		149640.56006		-36787.36006
64		58826.6		154238.52101		-36585.32101
65		61226.6		158875.49651		-36422.29651
66		63626.6		163548.86634		-36295.66634
67		66026.6		168256.20251		-36203.00251
68		68426.6		172995.25663		-36142.05663
69		70826.6		177763.94741		-36110.74741
70		73226.6		182560.34863		-36107.14863
71		75626.6		187382.67773		-36129.47773
72		78026.6		192229.28486		-36176.08486
73		80426.6		197098.64271		-36245.44271
74		82826.6		201989.33692		-36336.13692
75		85226.6		206900.05721		-36446.85721
76		87626.6		211829.58914		-36576.38914
77		91226.6		217144.47399		-34691.27399
78		94826.6		222504.00391		-32850.80391
79		98426.6		227906.35884		-31053.15884
80		102026.6		233349.77553		-29296.57553
81		105626.6		238832.54923		-27579.34923
82		109226.6		244353.03483		-25899.83483
83		112826.6		249909.64735		-24256.44735
84		116426.6		255500.862		-22647.662
85		120026.6		261125.21385		-21072.01385
86		123626.6		266781.29713		-19528.09713
87		127226.6		272467.76424		-18014.56424
88		130826.6		278183.32455		-16530.12455
89		134426.6		283926.74298		-15073.54298
90		138026.6		289696.83845		-13643.63845
91		141626.6		295492.48222		-12239.28222
92		146426.6		301410.64547		-8557.44547
93		151226.6		307357.69553		-4904.49553
94		156026.6		313333.00047		-1279.80047
95		160826.6		319335.93181		2317.26819
96		165626.6		325365.8654		5887.3346
97		170426.6		331422.18239		9431.01761
98		175226.6		337504.27003		12948.92997
99		180026.6		343611.52238		16441.67762
100		184826.6		349743.34102		19909.85898
101		189626.6		355899.13565		23354.06435
102		194426.6		362078.32457		26774.87543
103		199226.6		368280.33522		30172.86478
104		204026.6		374504.60454		33548.59546
105		208826.6		380750.57933		36902.62067
106		213626.6		387017.71658		40235.48342
107		218426.6		393305.48366		43547.71634
108		223226.6		399613.35855		46839.84145
109		228026.6		405940.82998		50112.37002
110		232826.6		412287.39759		53365.80241
111		237626.6		418652.57192		56600.62808
112		242426.6		425035.87455		59817.32545
113		247226.6		431436.83802		63016.36198
114		252026.6		437855.00588		66198.19412
115		256826.6		444289.9326		69363.2674
116		261626.6		450741.18355		72512.01645
117		266426.6		457208.33484		75644.86516
118		272426.6		463208.33484		81644.86516
119		278426.6		469208.33484		87644.86516
120		284426.6		475208.33484		93644.86516
121		290426.6		481208.33484		99644.86516
122		296426.6		487208.33484		105644.86516
123		302426.6		493208.33484		111644.86516
124		308426.6		499208.33484		117644.86516
125		314426.6		505208.33484		123644.86516
126		320426.6		511208.33484		129644.86516
127		326426.6		517208.33484		135644.86516
128		332426.6		523208.33484		141644.86516
129		338426.6		529208.33484		147644.86516
130		344426.6		535208.33484		153644.86516
131		350426.6		541208.33484		159644.86516
132		356426.6		547208.33484		165644.86516
133		362426.6		553208.33484		171644.86516
134		368426.6		559208.33484		177644.86516
135		374426.6		565208.33484		183644.86516
136		380426.6		571208.33484		189644.86516
137		386426.6		577208.33484		195644.86516
138		392426.6		583208.33484		201644.86516
139		398426.6		589208.33484		207644.86516
140		404426.6		595208.33484		213644.86516
141		410426.6		601208.33484		219644.86516
142		416426.6		607208.33484		225644.86516
143		422426.6		613208.33484		231644.86516
144		428426.6		619208.33484		237644.86516
145		434426.6		625208.33484		243644.86516
146		440426.6		631208.33484		249644.86516
147		446426.6		637208.33484		255644.86516
148		452426.6		643208.33484		261644.86516
149		458426.6		649208.33484		267644.86516
150		464426.6		655208.33484		273644.86516
151		470426.6		661208.33484		279644.86516
152		476426.6		667208.33484		285644.86516
153		482426.6		673208.33484		291644.86516
154		488426.6		679208.33484		297644.86516
155		494426.6		685208.33484		303644.86516
156		500426.6		691208.33484		309644.86516
157		506426.6		697208.33484		315644.86516
158		512426.6		703208.33484		321644.86516
159		518426.6		709208.33484		327644.86516
160		524426.6		715208.33484		333644.86516
161		530426.6		721208.33484		339644.86516
162		536426.6		727208.33484		345644.86516
163		542426.6		733208.33484		351644.86516
164		548426.6		739208.33484		357644.86516
165		554426.6		745208.33484		363644.86516
166		560426.6		751208.33484		369644.86516
167		566426.6		757208.33484		375644.86516
168		572426.6		763208.33484		381644.86516
169		578426.6		769208.33484		387644.86516
170		584426.6		775208.33484		393644.86516
171		590426.6		781208.33484		399644.86516
172		596426.6		787208.33484		405644.86516
173		602426.6		793208.33484		411644.86516
174		608426.6		799208.33484		417644.86516
175		614426.6		805208.33484		423644.86516
176		620426.6		811208.33484		429644.86516
177		626426.6		817208.33484		435644.86516
178		632426.6		823208.33484		441644.86516
179		638426.6		829208.33484		447644.86516
180		644426.6		835208.33484		453644.86516
181		650426.6		841208.33484		459644.86516
182		656426.6		847208.33484		465644.86516
183		662426.6		853208.33484		471644.86516
184		668426.6		859208.33484		477644.86516
185		674426.6		865208.33484		483644.86516
186		680426.6		871208.33484		489644.86516
187		686426.6		877208.33484		495644.86516
188		692426.6		883208.33484		501644.86516
189		698426.6		889208.33484		507644.86516
190		704426.6		895208.33484		513644.86516
191		710426.6		901208.33484		519644.86516
192		716426.6		907208.33484		525644.86516
193		722426.6		913208.33484		531644.86516
194		728426.6		919208.33484		537644.86516
195		734426.6		925208.33484		543644.86516
196		740426.6		931208.33484		549644.86516
197		746426.6		937208.33484		555644.86516
198		752426.6		943208.33484		561644.86516
199		758426.6		949208.33484		567644.86516
200		764426.6		955208.33484		573644.86516
201		770426.6		961208.33484		579644.86516
202		776426.6		967208.33484		585644.86516
203		782426.6		973208.33484		591644.86516
204		788426.6		979208.33484		597644.86516
205		794426.6		985208.33484		603644.86516
206		800426.6		991208.33484		609644.86516
207		806426.6		997208.33484		615644.86516
208		812426.6		1003208.33484		621644.86516
209		818426.6		1009208.33484		627644.86516
210		824426.6		1015208.33484		633644.86516
211		830426.6		1021208.33484		639644.86516
212		836426.6		1027208.33484		645644.86516
213		842426.6		1033208.33484		651644.86516
214		848426.6		1039208.33484		657644.86516
215		854426.6		1045208.33484		663644.86516
216		860426.6		1051208.33484		669644.86516
217		866426.6		1057208.33484		675644.86516
218		872426.6		1063208.33484		681644.86516
219		878426.6		1069208.33484		687644.86516
220		884426.6		1075208.33484		693644.86516
221		890426.6		1081208.33484		699644.86516
222		896426.6		1087208.33484		705644.86516
223		902426.6		1093208.33484		711644.86516
224		908426.6		1099208.33484		717644.86516
225		914426.6		1105208.33484		723644.86516
226		920426.6		1111208.33484		729644.86516
227		926426.6		1117208.33484		735644.86516
228		932426.6		1123208.33484		741644.86516
229		938426.6		1129208.33484		747644.86516
230		944426.6		1135208.33484		753644.86516
231		950426.6		1141208.33484		759644.86516
232		956426.6		1147208.33484		765644.86516
233		962426.6		1153208.33484		771644.86516
234		968426.6		1159208.33484		777644.86516
235		974426.6		1165208.33484		783644.86516
236		980426.6		1171208.33484		789644.86516
237		986426.6		1177208.33484		795644.86516
238		992426.6		1183208.33484		801644.86516
239		998426.6		1189208.33484		807644.86516
240		1004426.6		1195208.33484		813644.86516
241		1010426.6		1201208.33484		819644.86516
242		1016426.6		1207208.33484		825644.86516
243		1022426.6		1213208.33484		831644.86516
244		1028426.6		1219208.33484		837644.86516
245		1034426.6		1225208.33484		843644.86516
246		1040426.6		1231208.33484		849644.86516
247		1046426.6		1237208.33484		855644.86516
248		1052426.6		1243208.33484		861644.86516
249		1058426.6		1249208.33484		867644.86516
250		1064426.6		1255208.33484		873644.86516
