step	mediator-max-opt_cov_err_sq_T_mean	mediator-max-opt_cov_err_sq_T_std_up	mediator-max-opt_cov_err_sq_T_std_down
1		35.33486		36.31465		34.35506
2		34.48971		35.45971		33.51972
3		34.48971		35.45971		33.51972
4		34.48971		35.45971		33.51972
5		34.48971		35.45971		33.51972
6		34.48971		35.45971		33.51972
7		34.48971		35.45971		33.51972
8		34.48971		35.45971		33.51972
9		34.48971		35.45971		33.51972
10		34.48971		35.45971		33.51972
11		34.48971		35.45971		33.51972
12		34.48971		35.45971		33.51972
13		34.48971		35.45971		33.51972
14		34.48971		35.45971		33.51972
15		34.48971		35.45971		33.51972
16		34.48971		35.45971		33.51972
17		34.48971		35.45971		33.51972
18		34.48971		35.45971		33.51972
19		34.48971		35.45971		33.51972
20		34.48971		35.45971		33.51972
21		34.48971		35.45971		33.51972
22		34.48971		35.45971		33.51972
23		34.48971		35.45971		33.51972
24		34.48971		35.45971		33.51972
25		34.48971		35.45971		33.51972
26		34.48971		35.45971		33.51972
27		34.48971		35.45971		33.51972
28		34.48971		35.45971		33.51972
29		34.48971		35.45971		33.51972
30		34.48971		35.45971		33.51972
31		34.48971		35.45971		33.51972
32		34.48971		35.45971		33.51972
33		34.48971		35.45971		33.51972
34		34.48971		35.45971		33.51972
35		34.48971		35.45971		33.51972
36		34.48971		35.45971		33.51972
37		34.48971		35.45971		33.51972
38		34.48971		35.45971		33.51972
39		34.48971		35.45971		33.51972
40		34.48971		35.45971		33.51972
41		34.48971		35.45971		33.51972
42		34.48971		35.45971		33.51972
43		34.48971		35.45971		33.51972
44		34.48971		35.45971		33.51972
45		34.48971		35.45971		33.51972
46		34.48971		35.45971		33.51972
47		34.48971		35.45971		33.51972
48		34.48971		35.45971		33.51972
49		34.48971		35.45971		33.51972
50		34.48971		35.45971		33.51972
51		34.48971		35.45971		33.51972
52		34.48971		35.45971		33.51972
53		34.48971		35.45971		33.51972
54		34.48971		35.45971		33.5197
55		34.31828		35.47154		33.16501
56		34.31828		35.47154		33.16501
57		34.31828		35.47154		33.16501
58		34.31828		35.47154		33.16501
59		34.31828		35.47154		33.16501
60		34.31828		35.47154		33.16501
61		34.31828		35.47154		33.16501
62		34.31828		35.47154		33.16501
63		34.31828		35.47154		33.16501
64		34.31828		35.47154		33.16501
65		34.31828		35.47154		33.16501
66		34.31828		35.47154		33.16501
67		34.31828		35.47154		33.16501
68		34.31828		35.47154		33.16501
69		34.31828		35.47154		33.16501
70		34.31828		35.47154		33.16501
71		34.31828		35.47154		33.16501
72		34.31828		35.47154		33.16501
73		34.31828		35.47154		33.16501
74		34.31828		35.47154		33.16501
75		34.31828		35.47154		33.16501
76		34.31828		35.47154		33.16501
77		34.31828		35.47154		33.16501
78		34.31828		35.47154		33.16501
79		34.31828		35.47154		33.16501
80		34.31828		35.47154		33.16501
81		34.31828		35.47154		33.16501
82		34.31828		35.47154		33.16501
83		34.31828		35.47154		33.16501
84		34.31828		35.47154		33.16501
85		34.31828		35.47154		33.16501
86		34.31828		35.47154		33.16501
87		34.31828		35.47154		33.16501
88		34.31828		35.47154		33.16501
89		34.31828		35.47154		33.16501
90		34.31828		35.47154		33.16501
91		34.31828		35.47154		33.16501
92		34.31828		35.47154		33.16501
93		34.31828		35.47154		33.16501
94		34.31824		35.47152		33.16495
95		34.14681		35.43539		32.85823
96		34.14681		35.43539		32.85823
97		34.14681		35.43539		32.85823
98		34.14681		35.43539		32.85823
99		34.14681		35.43539		32.85823
100		34.14681		35.43539		32.85823
101		34.14681		35.43539		32.85823
102		34.14681		35.43539		32.85823
103		34.14681		35.43539		32.85823
104		34.14681		35.43539		32.85823
105		34.14681		35.43539		32.85823
106		34.14681		35.43539		32.85823
107		34.14681		35.43539		32.85823
108		34.14681		35.43539		32.85823
109		34.14681		35.43539		32.85823
110		34.14681		35.43539		32.85823
111		34.14681		35.43539		32.85823
112		34.14681		35.43539		32.85823
113		34.14681		35.43539		32.85823
114		34.14681		35.43539		32.85823
115		34.14681		35.43539		32.85823
116		34.14681		35.43539		32.85823
117		34.14681		35.43539		32.85823
118		34.14681		35.43539		32.85823
119		34.14681		35.43539		32.85823
120		34.14681		35.43539		32.85823
121		34.14681		35.43539		32.85823
122		34.14681		35.43539		32.85823
123		34.14681		35.43539		32.85823
124		34.14681		35.43539		32.85823
125		34.14681		35.43539		32.85823
126		34.14681		35.43539		32.85823
127		34.14681		35.43539		32.85823
128		34.14681		35.43539		32.85823
129		34.14681		35.43539		32.85823
130		34.14681		35.43539		32.85823
131		34.14681		35.43539		32.85823
132		34.14681		35.43539		32.85823
133		34.14681		35.43539		32.85823
134		34.14681		35.43539		32.85823
135		34.14681		35.43539		32.85823
136		34.14681		35.43539		32.85823
137		34.14681		35.43539		32.85823
138		34.14681		35.43539		32.85823
139		34.14681		35.43539		32.85823
140		34.14681		35.43539		32.85823
141		34.14681		35.43539		32.85823
142		34.14681		35.43539		32.85823
143		34.14681		35.43539		32.85823
144		34.14681		35.43539		32.85823
145		34.14681		35.43539		32.85823
146		34.14681		35.43539		32.85823
147		34.14681		35.43539		32.85823
148		34.14681		35.43539		32.85823
149		34.14681		35.43539		32.85823
150		34.14681		35.43539		32.85823
151		34.14681		35.43539		32.85823
152		34.14681		35.43539		32.85823
153		34.14681		35.43539		32.85823
154		34.14681		35.43539		32.85823
155		34.14681		35.43539		32.85823
156		34.14681		35.43539		32.85823
157		34.14681		35.43539		32.85823
158		34.14681		35.43539		32.85823
159		34.14681		35.43539		32.85823
160		34.14681		35.43539		32.85823
161		34.14681		35.43539		32.85823
162		34.14681		35.43539		32.85823
163		34.14681		35.43539		32.85823
164		34.14681		35.43539		32.85823
165		34.14681		35.43539		32.85823
166		34.14681		35.43539		32.85823
167		34.14681		35.43539		32.85823
168		34.14681		35.43539		32.85823
169		34.14681		35.43539		32.85823
170		34.14681		35.43539		32.85823
171		34.14681		35.43539		32.85823
172		34.14681		35.43539		32.85823
173		34.14681		35.43539		32.85823
174		34.14681		35.43539		32.85823
175		34.14681		35.43539		32.85823
176		34.14681		35.43539		32.85823
177		34.14681		35.43539		32.85823
178		34.14681		35.43539		32.85823
179		34.14681		35.43539		32.85823
180		34.14681		35.43539		32.85823
181		34.14681		35.43539		32.85823
182		34.14681		35.43539		32.85823
183		34.14681		35.43539		32.85823
184		34.14681		35.43539		32.85823
185		34.14681		35.43539		32.85823
186		34.14681		35.43539		32.85823
187		34.14681		35.43539		32.85823
188		34.14681		35.43539		32.85823
189		34.14681		35.43539		32.85823
190		34.14681		35.43539		32.85823
191		34.14681		35.43539		32.85823
192		34.14681		35.43539		32.85823
193		34.14681		35.43539		32.85823
194		34.14681		35.43539		32.85823
195		34.14681		35.43539		32.85823
196		34.14681		35.43539		32.85823
197		34.14681		35.43539		32.85823
198		34.14681		35.43539		32.85823
199		34.14681		35.43539		32.85823
200		34.14681		35.43539		32.85823
201		34.14681		35.43539		32.85823
202		34.14681		35.43539		32.85823
203		34.14681		35.43539		32.85823
204		34.14681		35.43539		32.85823
205		34.14681		35.43539		32.85823
206		34.14681		35.43539		32.85823
207		34.14681		35.43539		32.85823
208		34.14681		35.43539		32.85823
209		34.14681		35.43539		32.85823
210		34.14681		35.43539		32.85823
211		34.14681		35.43539		32.85823
212		34.14681		35.43539		32.85823
213		34.14681		35.43539		32.85823
214		34.14681		35.43539		32.85823
215		34.14681		35.43539		32.85823
216		34.14681		35.43539		32.85823
217		34.14681		35.43539		32.85823
218		34.14681		35.43539		32.85823
219		34.14681		35.43539		32.85823
220		34.14681		35.43539		32.85823
221		34.14681		35.43539		32.85823
222		34.14681		35.43539		32.85823
223		34.14681		35.43539		32.85823
224		34.14681		35.43539		32.85823
225		34.14681		35.43539		32.85823
226		34.14681		35.43539		32.85823
227		34.14681		35.43539		32.85823
228		34.14681		35.43539		32.85823
229		34.14681		35.43539		32.85823
230		34.14681		35.43539		32.85823
231		34.14681		35.43539		32.85823
232		34.14681		35.43539		32.85823
233		34.14681		35.43539		32.85823
234		34.14681		35.43539		32.85823
235		34.14681		35.43539		32.85823
236		34.14681		35.43539		32.85823
237		34.14681		35.43539		32.85823
238		34.14681		35.43539		32.85823
239		34.14681		35.43539		32.85823
240		34.14681		35.43539		32.85823
241		34.14681		35.43539		32.85823
242		34.14681		35.43539		32.85823
243		34.14681		35.43539		32.85823
244		34.14681		35.43539		32.85823
245		34.14681		35.43539		32.85823
246		34.14681		35.43539		32.85823
247		34.14681		35.43539		32.85823
248		34.14681		35.43539		32.85823
249		34.14681		35.43539		32.85823
250		34.14681		35.43539		32.85823
