step	mediator-random_reward_mean	mediator-random_reward_std_up	mediator-random_reward_std_down
1		180.0		490.80541		-130.80541
2		386.6		994.94056		-221.74056
3		566.6		1485.02378		-351.82378
4		756.6		1980.63196		-467.43196
5		946.6		2476.24252		-583.04252
6		1136.6		2971.85427		-698.65427
7		1336.6		3471.35484		-798.15484
8		1536.6		3970.97841		-897.77841
9		1736.6		4470.68453		-997.48453
10		1936.6		4970.44875		-1097.24875
11		2136.6		5470.25539		-1197.05539
12		2336.6		5970.09394		-1296.89394
13		2536.6		6469.95712		-1396.75712
14		2736.6		6969.83969		-1496.63969
15		2936.6		7469.73779		-1596.53779
16		3136.6		7969.64855		-1696.44855
17		3336.6		8469.56973		-1796.36973
18		3536.6		8969.49962		-1896.29962
19		3736.6		9469.43684		-1996.23684
20		3936.6		9969.38031		-2096.18031
21		4136.6		10469.32913		-2196.12913
22		4336.6		10969.28258		-2296.08258
23		4536.6		11469.24006		-2396.04006
24		4736.6		11969.20107		-2496.00107
25		4936.6		12469.16518		-2595.96518
26		5136.6		12969.13205		-2695.93205
27		5336.6		13469.10135		-2795.90135
28		5536.6		13969.07284		-2895.87284
29		5736.6		14469.04629		-2995.84629
30		5936.6		14969.0215		-3095.8215
31		6136.6		15468.99831		-3195.79831
32		6336.6		15968.97656		-3295.77656
33		6536.6		16468.95613		-3395.75613
34		6736.6		16968.93689		-3495.73689
35		6936.6		17468.91875		-3595.71875
36		7136.6		17968.90161		-3695.70161
37		7336.6		18468.8854		-3795.6854
38		7536.6		18968.87004		-3895.67004
39		7736.6		19468.85546		-3995.65546
40		7936.6		19968.84161		-4095.64161
41		8136.6		20468.82844		-4195.62844
42		8336.6		20968.81589		-4295.61589
43		8536.6		21468.80392		-4395.60392
44		8736.6		21968.7925		-4495.5925
45		8936.6		22468.78158		-4595.58158
46		9136.6		22968.77113		-4695.57113
47		9336.6		23468.76113		-4795.56113
48		9536.6		23968.75155		-4895.55155
49		9736.6		24468.74235		-4995.54235
50		9936.6		24968.73352		-5095.53352
51		10136.6		25468.72504		-5195.52504
52		10336.6		25968.71688		-5295.51688
53		10536.6		26468.70903		-5395.50903
54		10736.6		26968.70147		-5495.50147
55		10936.6		27468.69419		-5595.49419
56		11136.6		27968.68716		-5695.48716
57		11336.6		28468.68038		-5795.48038
58		11536.6		28968.67384		-5895.47384
59		11736.6		29468.66751		-5995.46751
60		11936.6		29968.6614		-6095.4614
61		12136.6		30468.65548		-6195.45548
62		12336.6		30968.64976		-6295.44976
63		12536.6		31468.64422		-6395.44422
64		12736.6		31968.63885		-6495.43885
65		12936.6		32468.63364		-6595.43364
66		13136.6		32968.6286		-6695.4286
67		13336.6		33468.6237		-6795.4237
68		13536.6		33968.61895		-6895.41895
69		13736.6		34468.61433		-6995.41433
70		13936.6		34968.60985		-7095.40985
71		14136.6		35468.60549		-7195.40549
72		14336.6		35968.60125		-7295.40125
73		14536.6		36468.59713		-7395.39713
74		14736.6		36968.59312		-7495.39312
75		14936.6		37468.58922		-7595.38922
76		15136.6		37968.58542		-7695.38542
77		15336.6		38468.58172		-7795.38172
78		15536.6		38968.57811		-7895.37811
79		15736.6		39468.5746		-7995.3746
80		15936.6		39968.57117		-8095.37117
81		16136.6		40468.56783		-8195.36783
82		16336.6		40968.56456		-8295.36456
83		16536.6		41468.56138		-8395.36138
84		16736.6		41968.55827		-8495.35827
85		16936.6		42468.55524		-8595.35524
86		17136.6		42968.55227		-8695.35227
87		17336.6		43468.54938		-8795.34938
88		17536.6		43968.54655		-8895.34655
89		17736.6		44468.54378		-8995.34378
90		17936.6		44968.54107		-9095.34107
91		18136.6		45468.53843		-9195.33843
92		18336.6		45968.53584		-9295.33584
93		18536.6		46468.53331		-9395.33331
94		18736.6		46968.53083		-9495.33083
95		18936.6		47468.5284		-9595.3284
96		19136.6		47968.52602		-9695.32602
97		19336.6		48468.5237		-9795.3237
98		19536.6		48968.52142		-9895.32142
99		19736.6		49468.51918		-9995.31918
100		19936.6		49968.51699		-10095.31699
101		20136.6		50468.51485		-10195.31485
102		20336.6		50968.51274		-10295.31274
103		20536.6		51468.51068		-10395.31068
104		20736.6		51968.50866		-10495.30866
105		20936.6		52468.50667		-10595.30667
106		21136.6		52968.50472		-10695.30472
107		21336.6		53468.50281		-10795.30281
108		21536.6		53968.50093		-10895.30093
109		21736.6		54468.49909		-10995.29909
110		21936.6		54968.49728		-11095.29728
111		22136.6		55468.49551		-11195.29551
112		22336.6		55968.49377		-11295.29377
113		22536.6		56468.49205		-11395.29205
114		22736.6		56968.49037		-11495.29037
115		22936.6		57468.48872		-11595.28872
116		23136.6		57968.48709		-11695.28709
117		23336.6		58468.48549		-11795.28549
118		23536.6		58968.48392		-11895.28392
119		23736.6		59468.48238		-11995.28238
120		23936.6		59968.48086		-12095.28086
121		24136.6		60468.47937		-12195.27937
122		24336.6		60968.4779		-12295.2779
123		24536.6		61468.47645		-12395.27645
124		24736.6		61968.47503		-12495.27503
125		24936.6		62468.47363		-12595.27363
126		25136.6		62968.47225		-12695.27225
127		25336.6		63468.4709		-12795.2709
128		25536.6		63968.46956		-12895.26956
129		25736.6		64468.46825		-12995.26825
130		25936.6		64968.46696		-13095.26696
131		26136.6		65468.46568		-13195.26568
132		26336.6		65968.46443		-13295.26443
133		26536.6		66468.4632		-13395.2632
134		26736.6		66968.46198		-13495.26198
135		26936.6		67468.46078		-13595.26078
136		27136.6		67968.4596		-13695.2596
137		27336.6		68468.45843		-13795.25843
138		27536.6		68968.45729		-13895.25729
139		27736.6		69468.45616		-13995.25616
140		27936.6		69968.45504		-14095.25504
141		28136.6		70468.45394		-14195.25394
142		28336.6		70968.45286		-14295.25286
143		28536.6		71468.45179		-14395.25179
144		28736.6		71968.45074		-14495.25074
145		28936.6		72468.4497		-14595.2497
146		29136.6		72968.44867		-14695.24867
147		29336.6		73468.44766		-14795.24766
148		29536.6		73968.44667		-14895.24667
149		29736.6		74468.44568		-14995.24568
150		29936.6		74968.44471		-15095.24471
151		30136.6		75468.44376		-15195.24376
152		30336.6		75968.44281		-15295.24281
153		30536.6		76468.44188		-15395.24188
154		30736.6		76968.44096		-15495.24096
155		30936.6		77468.44005		-15595.24005
156		31136.6		77968.43915		-15695.23915
157		31336.6		78468.43827		-15795.23827
158		31536.6		78968.43739		-15895.23739
159		31736.6		79468.43653		-15995.23653
160		31936.6		79968.43567		-16095.23567
161		32136.6		80468.43483		-16195.23483
162		32336.6		80968.434		-16295.234
163		32536.6		81468.43318		-16395.23318
164		32736.6		81968.43237		-16495.23237
165		32936.6		82468.43157		-16595.23157
166		33136.6		82968.43077		-16695.23077
167		33336.6		83468.42999		-16795.22999
168		33536.6		83968.42922		-16895.22922
169		33736.6		84468.42845		-16995.22845
170		33936.6		84968.4277		-17095.2277
171		34136.6		85468.42695		-17195.22695
172		34336.6		85968.42621		-17295.22621
173		34536.6		86468.42549		-17395.22549
174		34736.6		86968.42476		-17495.22476
175		34936.6		87468.42405		-17595.22405
176		35136.6		87968.42335		-17695.22335
177		35336.6		88468.42265		-17795.22265
178		35536.6		88968.42196		-17895.22196
179		35736.6		89468.42128		-17995.22128
180		35936.6		89968.42061		-18095.22061
181		36136.6		90468.41994		-18195.21994
182		36336.6		90968.41928		-18295.21928
183		36536.6		91468.41863		-18395.21863
184		36736.6		91968.41799		-18495.21799
185		36936.6		92468.41735		-18595.21735
186		37136.6		92968.41672		-18695.21672
187		37336.6		93468.4161		-18795.2161
188		37536.6		93968.41548		-18895.21548
189		37736.6		94468.41487		-18995.21487
190		37936.6		94968.41426		-19095.21426
191		38136.6		95468.41367		-19195.21367
192		38336.6		95968.41307		-19295.21307
193		38536.6		96468.41249		-19395.21249
194		38736.6		96968.41191		-19495.21191
195		38936.6		97468.41134		-19595.21134
196		39136.6		97968.41077		-19695.21077
197		39336.6		98468.41021		-19795.21021
198		39536.6		98968.40965		-19895.20965
199		39736.6		99468.4091		-19995.2091
200		39936.6		99968.40855		-20095.20855
201		40136.6		100468.40801		-20195.20801
202		40336.6		100968.40748		-20295.20748
203		40536.6		101468.40695		-20395.20695
204		40736.6		101968.40643		-20495.20643
205		40936.6		102468.40591		-20595.20591
206		41136.6		102968.40539		-20695.20539
207		41336.6		103468.40488		-20795.20488
208		41536.6		103968.40438		-20895.20438
209		41736.6		104468.40388		-20995.20388
210		41936.6		104968.40339		-21095.20339
211		42136.6		105468.4029		-21195.2029
212		42336.6		105968.40241		-21295.20241
213		42536.6		106468.40193		-21395.20193
214		42736.6		106968.40146		-21495.20146
215		42936.6		107468.40098		-21595.20098
216		43136.6		107968.40052		-21695.20052
217		43336.6		108468.40005		-21795.20005
218		43536.6		108968.39959		-21895.19959
219		43736.6		109468.39914		-21995.19914
220		43936.6		109968.39869		-22095.19869
221		44136.6		110468.39824		-22195.19824
222		44336.6		110968.3978		-22295.1978
223		44536.6		111468.39736		-22395.19736
224		44736.6		111968.39693		-22495.19693
225		44936.6		112468.3965		-22595.1965
226		45136.6		112968.39607		-22695.19607
227		45336.6		113468.39565		-22795.19565
228		45536.6		113968.39523		-22895.19523
229		45736.6		114468.39481		-22995.19481
230		45936.6		114968.3944		-23095.1944
231		46136.6		115468.39399		-23195.19399
232		46336.6		115968.39359		-23295.19359
233		46536.6		116468.39319		-23395.19319
234		46736.6		116968.39279		-23495.19279
235		46936.6		117468.39239		-23595.19239
236		47136.6		117968.392		-23695.192
237		47336.6		118468.39161		-23795.19161
238		47536.6		118968.39123		-23895.19123
239		47736.6		119468.39085		-23995.19085
240		47936.6		119968.39047		-24095.19047
241		48136.6		120468.39009		-24195.19009
242		48336.6		120968.38972		-24295.18972
243		48536.6		121468.38935		-24395.18935
244		48736.6		121968.38899		-24495.18899
245		48936.6		122468.38862		-24595.18862
246		49136.6		122968.38826		-24695.18826
247		49336.6		123468.38791		-24795.18791
248		49536.6		123968.38755		-24895.18755
249		49736.6		124468.3872		-24995.1872
250		49936.6		124968.38685		-25095.18685
