step	mediator-random_inst_loss_mean	mediator-random_inst_loss_std_up	mediator-random_inst_loss_std_down
1		-2081.08008		36647.97529		-40810.13544
2		-2552.75116		38036.3955		-43141.89782
3		-3654.28889		39091.21523		-46399.79302
4		-5005.39887		39913.75298		-49924.55071
5		13761.05207		20641.5781		6880.52603
6		13761.03691		20641.55537		6880.51846
7		13761.02098		20641.53147		6880.51049
8		13761.00423		20641.50634		6880.50211
9		13760.98661		20641.47991		6880.4933
10		13760.96808		20641.45211		6880.48404
11		13760.94859		20641.42289		6880.4743
12		13760.9281		20641.39215		6880.46405
13		13760.90656		20641.35983		6880.45328
14		13760.8839		20641.32585		6880.44195
15		13760.86008		20641.29011		6880.43004
16		13760.83503		20641.25254		6880.41751
17		13760.80868		20641.21303		6880.40434
18		13760.78099		20641.17148		6880.39049
19		13760.75186		20641.1278		6880.37593
20		13760.72124		20641.08186		6880.36062
21		13760.68904		20641.03357		6880.34452
22		13760.65519		20640.98279		6880.3276
23		13760.6196		20640.92939		6880.3098
24		13760.58217		20640.87326		6880.29109
25		13760.54282		20640.81424		6880.27141
26		13760.50145		20640.75218		6880.25073
27		13760.45796		20640.68694		6880.22898
28		13760.41223		20640.61835		6880.20612
29		13760.36415		20640.54623		6880.18208
30		13760.31361		20640.47042		6880.15681
31		13760.26047		20640.39071		6880.13024
32		13760.20461		20640.30692		6880.10231
33		13760.14588		20640.21882		6880.07294
34		13760.08414		20640.12622		6880.04207
35		13760.01924		20640.02886		6880.00962
36		13759.95101		20639.92652		6879.97551
37		13759.87929		20639.81894		6879.93965
38		13759.8039		20639.70585		6879.90195
39		13759.72465		20639.58697		6879.86232
40		13759.64134		20639.46201		6879.82067
41		13759.55377		20639.33065		6879.77688
42		13759.46172		20639.19258		6879.73086
43		13759.36497		20639.04745		6879.68248
44		13759.26327		20638.8949		6879.63163
45		13759.15638		20638.73457		6879.57819
46		13759.04403		20638.56604		6879.52201
47		13758.92594		20638.38891		6879.46297
48		13758.80183		20638.20275		6879.40092
49		13758.67139		20638.00708		6879.33569
50		13758.5343		20637.80144		6879.26715
51		13758.39022		20637.58532		6879.19511
52		13758.23879		20637.35819		6879.1194
53		13758.07966		20637.11949		6879.03983
54		13757.91242		20636.86864		6878.95621
55		13757.73668		20636.60502		6878.86834
56		13757.55199		20636.32799		6878.776
57		13757.35791		20636.03687		6878.67896
58		13757.15397		20635.73096		6878.57699
59		13756.93967		20635.4095		6878.46983
60		13756.71448		20635.07172		6878.35724
61		13756.47786		20634.71679		6878.23893
62		13756.22923		20634.34385		6878.11462
63		13755.96799		20633.95199		6877.984
64		13755.69351		20633.54027		6877.84676
65		13755.40512		20633.10769		6877.70256
66		13755.10213		20632.65319		6877.55106
67		13754.78379		20632.17569		6877.3919
68		13754.44935		20631.67402		6877.22467
69		13754.09799		20631.14698		6877.04899
70		13753.72887		20630.5933		6876.86443
71		13753.34109		20630.01164		6876.67055
72		13752.93374		20629.4006		6876.46687
73		13752.50582		20628.75873		6876.25291
74		13752.05631		20628.08447		6876.02816
75		13751.58414		20627.37621		6875.79207
76		13751.08817		20626.63226		6875.54409
77		13750.56722		20625.85083		6875.28361
78		13750.02005		20625.03007		6875.01002
79		13749.44534		20624.16801		6874.72267
80		13748.84174		20623.26261		6874.42087
81		13748.2078		20622.3117		6874.1039
82		13747.54202		20621.31303		6873.77101
83		13746.84282		20620.26423		6873.42141
84		13746.10855		20619.16282		6873.05427
85		13745.33746		20618.00619		6872.66873
86		13744.52774		20616.79161		6872.26387
87		13743.67747		20615.51621		6871.83874
88		13742.78466		20614.17699		6871.39233
89		13741.8472		20612.7708		6870.9236
90		13740.86289		20611.29433		6870.43144
91		13739.82942		20609.74413		6869.91471
92		13738.74438		20608.11656		6869.37219
93		13737.60522		20606.40783		6868.80261
94		13736.40929		20604.61393		6868.20464
95		13735.1538		20602.7307		6867.5769
96		13733.83583		20600.75375		6866.91792
97		13732.45233		20598.67849		6866.22616
98		13731.00007		20596.50011		6865.50004
99		13729.47571		20594.21356		6864.73785
100		13727.87572		20591.81358		6863.93786
101		13726.19641		20589.29461		6863.0982
102		13724.43392		20586.65087		6862.21696
103		13722.58419		20583.87628		6861.29209
104		13720.64299		20580.96448		6860.32149
105		13718.60587		20577.9088		6859.30293
106		13716.46818		20574.70227		6858.23409
107		13714.22505		20571.33758		6857.11253
108		13711.87138		20567.80707		6855.93569
109		13709.40182		20564.10272		6854.70091
110		13706.81077		20560.21616		6853.40539
111		13704.09239		20556.13859		6852.0462
112		13701.24054		20551.86081		6850.62027
113		13698.24881		20547.37321		6849.1244
114		13695.11047		20542.66571		6847.55524
115		13691.81851		20537.72776		6845.90925
116		13688.36555		20532.54833		6844.18278
117		13684.74392		20527.11588		6842.37196
118		13680.94555		20521.41833		6840.47278
119		13676.96203		20515.44304		6838.48101
120		13672.78453		20509.1768		6836.39227
121		13668.40385		20502.60577		6834.20192
122		13663.81034		20495.71551		6831.90517
123		13658.99393		20488.4909		6829.49697
124		13653.94408		20480.91612		6826.97204
125		13648.64976		20472.97465		6824.32488
126		13643.09947		20464.64921		6821.54974
127		13637.28117		20455.92175		6818.64058
128		13631.18226		20446.77339		6815.59113
129		13624.78961		20437.18442		6812.39481
130		13618.08948		20427.13422		6809.04474
131		13611.06752		20416.60128		6805.53376
132		13603.70874		20405.56311		6801.85437
133		13595.99749		20393.99623		6797.99874
134		13587.91741		20381.87611		6793.9587
135		13579.45144		20369.17716		6789.72572
136		13570.58176		20355.87264		6785.29088
137		13561.28977		20341.93465		6780.64488
138		13551.55606		20327.33409		6775.77803
139		13541.36037		20312.04056		6770.68019
140		13530.68158		20296.02238		6765.34079
141		13519.49765		20279.24647		6759.74882
142		13507.78558		20261.67836		6753.89279
143		13495.5214		20243.2821		6747.7607
144		13482.68013		20224.0202		6741.34007
145		13469.23573		20203.85359		6734.61786
146		13455.16104		20182.74156		6727.58052
147		13440.42779		20160.64169		6720.2139
148		13425.00652		20137.50977		6712.50326
149		13408.86654		20113.2998		6704.43327
150		13391.9759		20087.96385		6695.98795
151		13374.30136		20061.45204		6687.15068
152		13355.8083		20033.71245		6677.90415
153		13336.4607		20004.69105		6668.23035
154		13316.22111		19974.33167		6658.11056
155		13295.05058		19942.57587		6647.52529
156		13272.90859		19909.36289		6636.4543
157		13249.75306		19874.62959		6624.87653
158		13225.54024		19838.31036		6612.77012
159		13200.2247		19800.33705		6600.11235
160		13173.75926		19760.63889		6586.87963
161		13146.09495		19719.14242		6573.04747
162		13117.18093		19675.7714		6558.59047
163		13086.9645		19630.44676		6543.48225
164		13055.39099		19583.08648		6527.69549
165		13022.40371		19533.60557		6511.20186
166		12987.94396		19481.91594		6493.97198
167		12951.95091		19427.92637		6475.97546
168		12914.36162		19371.54243		6457.18081
169		12875.11091		19312.66637		6437.55546
170		12834.13141		19251.19711		6417.0657
171		12791.35344		19187.03017		6395.67672
172		12746.70503		19120.05754		6373.35251
173		12700.11183		19050.16774		6350.05591
174		12651.49711		18977.24566		6325.74855
175		12600.78173		18901.1726		6300.39087
176		12547.88411		18821.82616		6273.94205
177		12492.72019		18739.08029		6246.3601
178		12435.20347		18652.8052		6217.60173
179		12375.24493		18562.86739		6187.62246
180		12312.75309		18469.12964		6156.37655
181		12247.63401		18371.45101		6123.817
182		12179.79126		18269.68689		6089.89563
183		12109.12602		18163.68903		6054.56301
184		12035.53707		18053.3056		6017.76853
185		11958.92085		17938.38127		5979.46042
186		11879.17154		17818.75732		5939.58577
187		11796.18115		17694.27173		5898.09058
188		11709.83959		17564.75939		5854.9198
189		11620.0348		17430.0522		5810.0174
190		11526.6529		17289.97934		5763.32645
191		11429.57833		17144.3675		5714.78917
192		11328.69408		16993.04112		5664.34704
193		11223.88184		16835.82275		5611.94092
194		11115.02228		16672.53342		5557.51114
195		11001.99534		16502.99301		5500.99767
196		10884.6805		16327.02075		5442.34025
197		10762.95715		16144.43573		5381.47858
198		10636.705		15955.0575		5318.3525
199		10505.80447		15758.70671		5252.90224
200		10370.13722		15555.20583		5185.06861
201		10229.58666		15344.37999		5114.79333
202		10084.03857		15126.05786		5042.01929
203		9933.38175		14900.07263		4966.69088
204		9777.50875		14666.26312		4888.75437
205		9616.31667		14424.475		4808.15833
206		9449.70807		14174.5621		4724.85403
207		9277.59191		13916.38787		4638.79596
208		9099.88465		13649.82698		4549.94233
209		8916.5114		13374.7671		4458.2557
210		8727.40721		13091.11081		4363.7036
211		8532.51845		12798.77767		4266.25922
212		8331.80438		12497.70657		4165.90219
213		8125.2388		12187.8582		4062.6194
214		7912.81185		11869.21777		3956.40592
215		7694.53203		11541.79804		3847.26601
216		7470.42832		11205.64249		3735.21416
217		7240.55258		10860.82888		3620.27629
218		7004.98205		10507.47307		3502.49102
219		6763.82213		10145.7332		3381.91107
220		6517.20943		9775.81414		3258.60471
221		6265.31497		9397.97245		3132.65748
222		6008.34776		9012.52164		3004.17388
223		5746.55863		8619.83795		2873.27932
224		5480.24437		8220.36655		2740.12218
225		5209.7522		7814.6283		2604.8761
226		4935.48467		7403.227		2467.74233
227		4657.90488		6986.85732		2328.95244
228		4377.54219		6566.31329		2188.7711
229		4094.99833		6142.4975		2047.49917
230		3810.95403		5716.43105		1905.47702
231		3526.17618		5289.26427		1763.08809
232		3241.52555		4862.28832		1620.76277
233		2957.9651		4436.94765		1478.98255
234		2676.56899		4014.85348		1338.28449
235		2398.53221		3597.79832		1199.26611
236		2125.18108		3187.77162		1062.59054
237		1857.9844		2786.9766		928.9922
238		1598.56564		2397.84845		799.28282
239		1348.71589		2023.07384		674.35795
240		1110.40797		1665.61196		555.20399
241		885.81144		1328.71716		442.90572
242		677.30889		1015.96333		338.65444
243		487.51337		731.27005		243.75668
244		319.28721		478.93081		159.6436
245		175.76216		263.64325		87.88108
246		60.36113		90.5417		30.18057
247		0.0		0.0		0.0
248		0.0		0.0		0.0
249		0.0		0.0		0.0
250		0.0		0.0		0.0
