step	mediator-random_cov_err_sq_T_mean	mediator-random_cov_err_sq_T_std_up	mediator-random_cov_err_sq_T_std_down
1		33.98323		33.98323		33.98323
2		33.98323		33.98323		33.98323
3		33.98323		33.98323		33.98323
4		33.98323		33.98323		33.98323
5		33.98323		33.98323		33.98323
6		33.98323		33.98323		33.98323
7		33.98323		33.98323		33.98323
8		33.98323		33.98323		33.98323
9		33.98323		33.98323		33.98323
10		33.98323		33.98323		33.98323
11		33.98323		33.98323		33.98323
12		33.98323		33.98323		33.98323
13		33.98323		33.98323		33.98323
14		33.98323		33.98323		33.98323
15		33.98323		33.98323		33.98323
16		33.98323		33.98323		33.98323
17		33.98323		33.98323		33.98323
18		33.98323		33.98323		33.98323
19		33.98323		33.98323		33.98323
20		33.98323		33.98323		33.98323
21		33.98323		33.98323		33.98323
22		33.98323		33.98323		33.98323
23		33.98323		33.98323		33.98323
24		33.98323		33.98323		33.98323
25		33.98323		33.98323		33.98323
26		33.98323		33.98323		33.98323
27		33.98323		33.98323		33.98323
28		33.98323		33.98323		33.98323
29		33.98323		33.98323		33.98323
30		33.98323		33.98323		33.98323
31		33.98323		33.98323		33.98323
32		33.98323		33.98323		33.98323
33		33.98323		33.98323		33.98323
34		33.98323		33.98323		33.98323
35		33.98323		33.98323		33.98323
36		33.98323		33.98323		33.98323
37		33.98323		33.98323		33.98323
38		33.98323		33.98323		33.98323
39		33.98323		33.98323		33.98323
40		33.98323		33.98323		33.98323
41		33.98323		33.98323		33.98323
42		33.98323		33.98323		33.98323
43		33.98323		33.98323		33.98323
44		33.98323		33.98323		33.98323
45		33.98323		33.98323		33.98323
46		33.98323		33.98323		33.98323
47		33.98323		33.98323		33.98323
48		33.98323		33.98323		33.98323
49		33.98323		33.98323		33.98323
50		33.98323		33.98323		33.98323
51		33.98323		33.98323		33.98323
52		33.98323		33.98323		33.98323
53		33.98323		33.98323		33.98323
54		33.98323		33.98323		33.98323
55		33.98323		33.98323		33.98323
56		33.98323		33.98323		33.98323
57		33.98323		33.98323		33.98323
58		33.98323		33.98323		33.98323
59		33.98323		33.98323		33.98323
60		33.98323		33.98323		33.98323
61		33.98323		33.98323		33.98323
62		33.98323		33.98323		33.98323
63		33.98323		33.98323		33.98323
64		33.98323		33.98323		33.98323
65		33.98323		33.98323		33.98323
66		33.98323		33.98323		33.98323
67		33.98323		33.98323		33.98323
68		33.98323		33.98323		33.98323
69		33.98323		33.98323		33.98323
70		33.98323		33.98323		33.98323
71		33.98323		33.98323		33.98323
72		33.98323		33.98323		33.98323
73		33.98323		33.98323		33.98323
74		33.98323		33.98323		33.98323
75		33.98323		33.98323		33.98323
76		33.98323		33.98323		33.98323
77		33.98323		33.98323		33.98323
78		33.98323		33.98323		33.98323
79		33.98323		33.98323		33.98323
80		33.98323		33.98323		33.98323
81		33.98323		33.98323		33.98323
82		33.98323		33.98323		33.98323
83		33.98323		33.98323		33.98323
84		33.98323		33.98323		33.98323
85		33.98323		33.98323		33.98323
86		33.98323		33.98323		33.98323
87		33.98323		33.98323		33.98323
88		33.98323		33.98323		33.98323
89		33.98323		33.98323		33.98323
90		33.98323		33.98323		33.98323
91		33.98323		33.98323		33.98323
92		33.98323		33.98323		33.98323
93		33.98323		33.98323		33.98323
94		33.98323		33.98323		33.98323
95		33.98323		33.98323		33.98323
96		33.98323		33.98323		33.98323
97		33.98323		33.98323		33.98323
98		33.98323		33.98323		33.98323
99		33.98323		33.98323		33.98323
100		33.98323		33.98323		33.98323
101		33.98323		33.98323		33.98323
102		33.98323		33.98323		33.98323
103		33.98323		33.98323		33.98323
104		33.98323		33.98323		33.98323
105		33.98323		33.98323		33.98323
106		33.98323		33.98323		33.98323
107		33.98323		33.98323		33.98323
108		33.98323		33.98323		33.98323
109		33.98323		33.98323		33.98323
110		33.98323		33.98323		33.98323
111		33.98323		33.98323		33.98323
112		33.98323		33.98323		33.98323
113		33.98323		33.98323		33.98323
114		33.98323		33.98323		33.98323
115		33.98323		33.98323		33.98323
116		33.98323		33.98323		33.98323
117		33.98323		33.98323		33.98323
118		33.98323		33.98323		33.98323
119		33.98323		33.98323		33.98323
120		33.98323		33.98323		33.98323
121		33.98323		33.98323		33.98323
122		33.98323		33.98323		33.98323
123		33.98323		33.98323		33.98323
124		33.98323		33.98323		33.98323
125		33.98323		33.98323		33.98323
126		33.98323		33.98323		33.98323
127		33.98323		33.98323		33.98323
128		33.98323		33.98323		33.98323
129		33.98323		33.98323		33.98323
130		33.98323		33.98323		33.98323
131		33.98323		33.98323		33.98323
132		33.98323		33.98323		33.98323
133		33.98323		33.98323		33.98323
134		33.98323		33.98323		33.98323
135		33.98323		33.98323		33.98323
136		33.98323		33.98323		33.98323
137		33.98323		33.98323		33.98323
138		33.98323		33.98323		33.98323
139		33.98323		33.98323		33.98323
140		33.98323		33.98323		33.98323
141		33.98323		33.98323		33.98323
142		33.98323		33.98323		33.98323
143		33.98323		33.98323		33.98323
144		33.98323		33.98323		33.98323
145		33.98323		33.98323		33.98323
146		33.98323		33.98323		33.98323
147		33.98323		33.98323		33.98323
148		33.98323		33.98323		33.98323
149		33.98323		33.98323		33.98323
150		33.98323		33.98323		33.98323
151		33.98323		33.98323		33.98323
152		33.98323		33.98323		33.98323
153		33.98323		33.98323		33.98323
154		33.98323		33.98323		33.98323
155		33.98323		33.98323		33.98323
156		33.98323		33.98323		33.98323
157		33.98323		33.98323		33.98323
158		33.98323		33.98323		33.98323
159		33.98323		33.98323		33.98323
160		33.98323		33.98323		33.98323
161		33.98323		33.98323		33.98323
162		33.98323		33.98323		33.98323
163		33.98323		33.98323		33.98323
164		33.98323		33.98323		33.98323
165		33.98323		33.98323		33.98323
166		33.98323		33.98323		33.98323
167		33.98323		33.98323		33.98323
168		33.98323		33.98323		33.98323
169		33.98323		33.98323		33.98323
170		33.98323		33.98323		33.98323
171		33.98323		33.98323		33.98323
172		33.98323		33.98323		33.98323
173		33.98323		33.98323		33.98323
174		33.98323		33.98323		33.98323
175		33.98323		33.98323		33.98323
176		33.98323		33.98323		33.98323
177		33.98323		33.98323		33.98323
178		33.98323		33.98323		33.98323
179		33.98323		33.98323		33.98323
180		33.98323		33.98323		33.98323
181		33.98323		33.98323		33.98323
182		33.98323		33.98323		33.98323
183		33.98323		33.98323		33.98323
184		33.98323		33.98323		33.98323
185		33.98323		33.98323		33.98323
186		33.98323		33.98323		33.98323
187		33.98323		33.98323		33.98323
188		33.98323		33.98323		33.98323
189		33.98323		33.98323		33.98323
190		33.98323		33.98323		33.98323
191		33.98323		33.98323		33.98323
192		33.98323		33.98323		33.98323
193		33.98323		33.98323		33.98323
194		33.98323		33.98323		33.98323
195		33.98323		33.98323		33.98323
196		33.98323		33.98323		33.98323
197		33.98323		33.98323		33.98323
198		33.98323		33.98323		33.98323
199		33.98323		33.98323		33.98323
200		33.98323		33.98323		33.98323
201		33.98323		33.98323		33.98323
202		33.98323		33.98323		33.98323
203		33.98323		33.98323		33.98323
204		33.98323		33.98323		33.98323
205		33.98323		33.98323		33.98323
206		33.98323		33.98323		33.98323
207		33.98323		33.98323		33.98323
208		33.98323		33.98323		33.98323
209		33.98323		33.98323		33.98323
210		33.98323		33.98323		33.98323
211		33.98323		33.98323		33.98323
212		33.98323		33.98323		33.98323
213		33.98323		33.98323		33.98323
214		33.98323		33.98323		33.98323
215		33.98323		33.98323		33.98323
216		33.98323		33.98323		33.98323
217		33.98323		33.98323		33.98323
218		33.98323		33.98323		33.98323
219		33.98323		33.98323		33.98323
220		33.98323		33.98323		33.98323
221		33.98323		33.98323		33.98323
222		33.98323		33.98323		33.98323
223		33.98323		33.98323		33.98323
224		33.98323		33.98323		33.98323
225		33.98323		33.98323		33.98323
226		33.98323		33.98323		33.98323
227		33.98323		33.98323		33.98323
228		33.98323		33.98323		33.98323
229		33.98323		33.98323		33.98323
230		33.98323		33.98323		33.98323
231		33.98323		33.98323		33.98323
232		33.98323		33.98323		33.98323
233		33.98323		33.98323		33.98323
234		33.98323		33.98323		33.98323
235		33.98323		33.98323		33.98323
236		33.98323		33.98323		33.98323
237		33.98323		33.98323		33.98323
238		33.98323		33.98323		33.98323
239		33.98323		33.98323		33.98323
240		33.98323		33.98323		33.98323
241		33.98323		33.98323		33.98323
242		33.98323		33.98323		33.98323
243		33.98323		33.98323		33.98323
244		33.98323		33.98323		33.98323
245		33.98323		33.98323		33.98323
246		33.98323		33.98323		33.98323
247		33.98323		33.98323		33.98323
248		33.98323		33.98323		33.98323
249		33.98323		33.98323		33.98323
250		33.98323		33.98323		33.98323
