step	mediator-random_cum_inst_loss_mean	mediator-random_cum_inst_loss_std_up	mediator-random_cum_inst_loss_std_down
1		-15225.76314		14614.40136		-45065.92765
2		-31252.88224		29997.98174		-92503.74622
3		-49131.93703		45182.82114		-143446.6952
4		-68960.39781		60158.45951		-198079.25512
5		-90840.86486		74913.88629		-256595.61601
6		-114881.3385		89437.51142		-319200.18843
7		-141195.50327		103717.13484		-386108.14138
8		-169903.02711		117739.91435		-457545.96857
9		-201129.87625		131492.3319		-533752.0844
10		-214840.58718		137760.2071		-567441.38146
11		-230079.63684		145529.82714		-605689.10082
12		-246927.46409		154764.72959		-648619.65776
13		-265468.7414		165414.31628		-696351.79909
14		-285792.59772		177421.25421		-749006.44964
15		-307992.85295		190727.25528		-806712.96119
16		-312000.20876		199859.26778		-823859.6853
17		-316823.51969		209688.27412		-843335.3135
18		-322505.73074		220316.46892		-865327.9304
19		-329092.04714		231846.3639		-890030.45818
20		-336630.05337		244379.68343		-917639.79017
21		-345169.83833		258016.39836		-948356.07501
22		-354764.1272		272853.95451		-982382.2089
23		-365468.42014		288986.73663		-1019923.57691
24		-377341.1384		306505.78787		-1061188.06466
25		-370275.73		322023.56381		-1062575.02381
26		-363241.81894		337479.41699		-1063963.05486
27		-356241.06294		352869.65215		-1065351.77803
28		-349275.20698		368190.41259		-1066740.82654
29		-342346.08787		383437.67149		-1068129.84723
30		-335455.63911		398607.22305		-1069518.50127
31		-328605.89594		413694.67326		-1070906.46515
32		-321799.00073		428695.43053		-1072293.43198
33		-315037.20859		443604.69588		-1073679.11306
34		-308322.89333		458417.45307		-1075063.23973
35		-301658.55369		473128.45827		-1076445.56565
36		-295046.81992		487732.22959		-1077825.86944
37		-288490.46071		502223.03631		-1079203.95773
38		-281992.39045		516594.88786		-1080579.66875
39		-275555.67693		530841.52259		-1081952.87644
40		-269183.54939		544956.39634		-1083323.49513
41		-262879.40704		558932.67084		-1084691.48493
42		-256646.82798		572763.20193		-1086056.85788
43		-250489.57862		586440.52768		-1087419.68493
44		-244411.62363		599956.85657		-1088780.10382
45		-238417.13629		613304.05551		-1090138.32809
46		-232510.50958		626473.63805		-1091494.6572
47		-226696.36763		639456.75279		-1092849.48805
48		-220979.57798		652244.17193		-1094203.3279
49		-215365.26434		664826.28036		-1095556.80904
50		-209858.82007		677193.06516		-1096910.7053
51		-204465.92239		689334.10585		-1098265.95064
52		-199192.54732		701238.56552		-1099623.66017
53		-194044.9854		712895.18298		-1100985.15379
54		-189029.85824		724292.26637		-1102351.98284
55		-184154.13593		735417.68827		-1103725.96014
56		-179425.15544		746258.8829		-1105109.19377
57		-174850.63984		756802.84559		-1106504.12527
58		-170438.71869		767036.13508		-1107913.57247
59		-166197.94942		776944.87909		-1109340.77794
60		-162137.33983		786514.78383		-1110789.46349
61		-158266.37178		795731.14801		-1112263.89158
62		-154595.0262		804578.8822		-1113768.9346
63		-151133.80929		813042.53435		-1115310.15293
64		-147893.78021		821106.32256		-1116893.88298
65		-144886.58016		828754.17612		-1118527.33644
66		-142124.46301		835969.78624		-1120218.71226
67		-139620.32757		842736.66781		-1121977.32294
68		-137387.75149		849038.23403		-1123813.73701
69		-135441.02703		854857.88566		-1125739.93973
70		-133795.19867		860179.11709		-1127769.51443
71		-132466.10264		864985.6417		-1129917.84699
72		-131470.40867		869261.53909		-1132202.35642
73		-130825.66379		872991.42731		-1134642.75488
74		-130550.33854		876160.66341		-1137261.34049
75		-130663.87558		878755.576		-1140083.32717
76		-131186.74082		880763.73392		-1143137.21557
77		-132140.4773		882174.2553		-1146455.20989
78		-133547.76184		882978.16186		-1150073.68555
79		-135432.46479		883168.78329		-1154033.71287
80		-137819.71275		882742.21671		-1158381.64222
81		-140735.95476		881697.84642		-1163169.75593
82		-144209.03184		880038.92851		-1168456.99219
83		-148268.25031		877773.24473		-1174309.74535
84		-152944.45886		874913.8286		-1180802.74632
85		-158270.12974		871479.76552		-1188020.02501
86		-164279.44423		867497.06603		-1196055.95448
87		-171008.38252		862999.60835		-1205016.37339
88		-178494.81848		858030.14197		-1215019.77893
89		-186778.61924		852641.33857		-1226198.57705
90		-195901.75013		846896.86964		-1238700.3699
91		-205908.38511		840872.48208		-1252689.25231
92		-216845.02302		834657.03383		-1268347.07986
93		-228760.60987		828353.44121		-1285874.66096
94		-241706.66773		822079.48014		-1305492.81561
95		-255737.43025		815968.37408		-1327443.23457
96		-270909.98535		810169.09613		-1351989.06682
97		-267117.95017		821347.8052		-1355583.70554
98		-263327.99794		832523.06833		-1359179.06421
99		-259540.23721		843694.50682		-1362774.98125
100		-255754.7822		854861.7266		-1366371.29099
101		-251971.75303		866024.31734		-1369967.8234
102		-248191.27611		877181.85145		-1373564.40367
103		-244413.48439		888333.88313		-1377160.8519
104		-240638.51773		899479.94723		-1380756.9827
105		-236866.52329		910619.5582		-1384352.60479
106		-233097.65586		921752.20891		-1387947.52062
107		-229332.07824		932877.36941		-1391541.5259
108		-225569.96175		943994.48568		-1395134.40918
109		-221811.48656		955102.97828		-1398725.95141
110		-218056.84223		966202.24092		-1402315.92537
111		-214306.22813		977291.639		-1405904.09526
112		-210559.854		988370.50808		-1409490.21608
113		-206817.94049		999438.15218		-1413074.03316
114		-203080.71966		1010493.84214		-1416655.28147
115		-199348.43565		1021536.81381		-1420233.68511
116		-195621.34525		1032566.26612		-1423808.95662
117		-191899.71858		1043581.35914		-1427380.79629
118		-188183.83976		1054581.21199		-1430948.89151
119		-184474.00766		1065564.90066		-1434512.91598
120		-180770.53665		1076531.45568		-1438072.52899
121		-177073.7574		1087479.85975		-1441627.37455
122		-173384.01771		1098409.04516		-1445177.08057
123		-169701.68341		1109317.89118		-1448721.258
124		-166027.13931		1120205.22119		-1452259.49981
125		-162360.79013		1131069.79983		-1455791.38008
126		-158703.06157		1141910.3298		-1459316.45295
127		-155054.4014		1152725.44871		-1462834.2515
128		-151415.28054		1163513.7256		-1466344.28667
129		-147786.19432		1174273.65738		-1469846.04601
130		-144167.6637		1185003.66505		-1473338.99246
131		-140560.23663		1195702.08975		-1476822.56302
132		-136964.4894		1206367.18859		-1480296.16738
133		-133381.0281		1216997.13024		-1483759.18645
134		-129810.49021		1227589.9904		-1487210.97081
135		-126253.54615		1238143.74688		-1490650.83918
136		-122710.90103		1248656.27459		-1494078.07665
137		-119183.2964		1259125.34015		-1497491.93296
138		-115671.51217		1269548.59631		-1500891.62065
139		-112176.36852		1279923.57602		-1504276.31305
140		-108698.72803		1290247.68624		-1507645.1423
141		-105239.49784		1300518.20145		-1510997.19713
142		-101799.63193		1310732.25676		-1514331.52063
143		-98380.13357		1320886.84072		-1517647.10786
144		-94982.05781		1330978.78777		-1520942.90338
145		-91606.51414		1341004.77028		-1524217.79855
146		-88254.66933		1350961.29019		-1527470.62884
147		-84927.75035		1360844.67023		-1530700.17092
148		-81627.04744		1370651.0447		-1533905.13958
149		-78353.9174		1380376.34974		-1537084.18454
150		-75109.78697		1390016.31319		-1540235.88713
151		-71896.15645		1399566.44381		-1543358.75671
152		-68714.60343		1409022.0201		-1546451.22696
153		-65566.78682		1418378.07838		-1549511.65202
154		-62454.45094		1427629.40048		-1552538.30236
155		-59379.42998		1436770.50054		-1555529.36049
156		-56343.65253		1445795.61141		-1558482.91646
157		-53349.14646		1454698.67016		-1561396.96308
158		-50398.044		1463473.30295		-1564269.39096
159		-47492.58708		1472112.80909		-1567097.98324
160		-44635.13291		1480610.14435		-1569880.41017
161		-41828.15994		1488957.90335		-1572614.22323
162		-39074.274		1497148.30115		-1575296.84915
163		-36376.21486		1505173.15377		-1577925.58349
164		-33736.86303		1513023.85791		-1580497.58397
165		-31159.247		1520691.36947		-1583009.86348
166		-28646.55076		1528166.18111		-1585459.28262
167		-26202.12173		1535438.2986		-1587842.54206
168		-23829.47915		1542497.21605		-1590156.17435
169		-21532.3228		1549331.88982		-1592396.53541
170		-19314.54222		1555930.71113		-1594559.79558
171		-17180.2264		1562281.4774		-1596641.9302
172		-15133.67391		1568371.36197		-1598638.70979
173		-13179.40361		1574186.88243		-1600545.68965
174		-11322.16584		1579713.86738		-1602358.19905
175		-9566.95421		1584937.42139		-1604071.32982
176		-7919.01801		1589841.88834		-1605679.92436
177		-6383.87514		1594410.81292		-1607178.5632
178		-4967.32584		1598626.90008		-1608561.55175
179		-3675.46699		1602471.97265		-1609822.90663
180		-2514.7072		1605926.9267		-1610956.3411
181		-1491.78263		1608971.68479		-1611955.25005
182		-613.7736		1611585.14682		-1612812.69401
183		111.87792		1613745.13848		-1613521.38264
184		677.35001		1615428.35724		-1614073.65721
185		1074.42152		1616610.3155		-1614461.47247
186		1294.45184		1617265.28117		-1614676.37749
187		1328.35969		1617366.21514		-1614709.49576
188		1166.60079		1616884.70581		-1614551.50422
189		799.14446		1615790.90044		-1614192.61151
190		215.44901		1614053.43313		-1613622.53511
191		-595.56408		1611639.34933		-1612830.47749
192		-1645.53728		1608514.02673		-1611805.10129
193		-2946.70545		1604641.09241		-1610534.50331
194		-4511.92578		1599982.33599		-1609006.18755
195		-6354.70914		1594497.61874		-1607207.03701
196		-8489.25303		1588144.77839		-1605123.28446
197		-10930.47621		1580879.52958		-1602740.48201
198		-13694.05496		1572655.35972		-1600043.46964
199		-16796.46123		1563423.42008		-1597016.34254
200		-20255.00267		1553132.41213		-1593642.41747
201		-24087.8646		1541728.46879		-1589904.19799
202		-28314.15414		1529155.03063		-1585783.3389
203		-32953.94645		1515352.71683		-1581260.60974
204		-38028.33335		1500259.19099		-1576315.8577
205		-43559.47426		1483809.02159		-1570927.97011
206		-49570.6497		1465933.53729		-1565074.83669
207		-56086.31748		1446560.67719		-1558733.31215
208		-63132.17158		1425614.83623		-1551879.1794
209		-70735.20402		1403016.70619		-1544487.11422
210		-78923.76969		1378683.11278		-1536530.65216
211		-87727.65448		1352526.84979		-1527982.15875
212		-97178.14669		1324456.51126		-1518812.80465
213		-107308.11199		1294376.32352		-1508992.54749
214		-118152.07199		1262185.97922		-1498490.12321
215		-129746.28683		1227780.4765		-1487273.05017
216		-142128.84163		1191049.96755		-1475307.65081
217		-155339.73729		1151879.6226		-1462559.09718
218		-169420.98574		1110149.51737		-1448991.48885
219		-184416.70976		1065734.55581		-1434567.97534
220		-200373.2478		1018504.44412		-1419250.93973
221		-200373.2478		1018504.44412		-1419250.93973
222		-200373.2478		1018504.44412		-1419250.93973
223		-200373.2478		1018504.44412		-1419250.93973
224		-200373.2478		1018504.44412		-1419250.93973
225		-200373.2478		1018504.44412		-1419250.93973
226		-200373.2478		1018504.44412		-1419250.93973
227		-200373.2478		1018504.44412		-1419250.93973
228		-200373.2478		1018504.44412		-1419250.93973
229		-200373.2478		1018504.44412		-1419250.93973
230		-200373.2478		1018504.44412		-1419250.93973
231		-200373.2478		1018504.44412		-1419250.93973
232		-200373.2478		1018504.44412		-1419250.93973
233		-200373.2478		1018504.44412		-1419250.93973
234		-200373.2478		1018504.44412		-1419250.93973
235		-200373.2478		1018504.44412		-1419250.93973
236		-200373.2478		1018504.44412		-1419250.93973
237		-200373.2478		1018504.44412		-1419250.93973
238		-200373.2478		1018504.44412		-1419250.93973
239		-200373.2478		1018504.44412		-1419250.93973
240		-200373.2478		1018504.44412		-1419250.93973
241		-200373.2478		1018504.44412		-1419250.93973
242		-200373.2478		1018504.44412		-1419250.93973
243		-200373.2478		1018504.44412		-1419250.93973
244		-200373.2478		1018504.44412		-1419250.93973
245		-200373.2478		1018504.44412		-1419250.93973
246		-200373.2478		1018504.44412		-1419250.93973
247		-200373.2478		1018504.44412		-1419250.93973
248		-200373.2478		1018504.44412		-1419250.93973
249		-200373.2478		1018504.44412		-1419250.93973
250		-200373.2478		1018504.44412		-1419250.93973
