step	mediator-random_cov_err_sq_T_mean	mediator-random_cov_err_sq_T_std_up	mediator-random_cov_err_sq_T_std_down
1		31.10629		31.10629		31.10629
2		31.10629		31.10629		31.10629
3		31.10629		31.10629		31.10629
4		31.10629		31.10629		31.10629
5		31.10629		31.10629		31.10629
6		31.10629		31.10629		31.10629
7		31.10629		31.10629		31.10629
8		31.10629		31.10629		31.10629
9		31.10629		31.10629		31.10629
10		31.10629		31.10629		31.10629
11		31.10629		31.10629		31.10629
12		31.10629		31.10629		31.10629
13		31.10629		31.10629		31.10629
14		31.10629		31.10629		31.10629
15		31.10629		31.10629		31.10629
16		31.10629		31.10629		31.10629
17		31.10629		31.10629		31.10629
18		31.10629		31.10629		31.10629
19		31.10629		31.10629		31.10629
20		31.10629		31.10629		31.10629
21		31.10629		31.10629		31.10629
22		31.10629		31.10629		31.10629
23		31.10629		31.10629		31.10629
24		31.10629		31.10629		31.10629
25		31.10629		31.10629		31.10629
26		31.10629		31.10629		31.10629
27		31.10629		31.10629		31.10629
28		31.10629		31.10629		31.10629
29		31.10629		31.10629		31.10629
30		31.10629		31.10629		31.10629
31		31.10629		31.10629		31.10629
32		31.10629		31.10629		31.10629
33		31.10629		31.10629		31.10629
34		31.10629		31.10629		31.10629
35		31.10629		31.10629		31.10629
36		31.10629		31.10629		31.10629
37		31.10629		31.10629		31.10629
38		31.10629		31.10629		31.10629
39		31.10629		31.10629		31.10629
40		31.10629		31.10629		31.10629
41		31.10629		31.10629		31.10629
42		31.10629		31.10629		31.10629
43		31.10629		31.10629		31.10629
44		31.10629		31.10629		31.10629
45		31.10629		31.10629		31.10629
46		31.10629		31.10629		31.10629
47		31.10629		31.10629		31.10629
48		31.10629		31.10629		31.10629
49		31.10629		31.10629		31.10629
50		31.10629		31.10629		31.10629
51		31.10629		31.10629		31.10629
52		31.10629		31.10629		31.10629
53		31.10629		31.10629		31.10629
54		31.10629		31.10629		31.10629
55		31.10629		31.10629		31.10629
56		31.10629		31.10629		31.10629
57		31.10629		31.10629		31.10629
58		31.10629		31.10629		31.10629
59		31.10629		31.10629		31.10629
60		31.10629		31.10629		31.10629
61		31.10629		31.10629		31.10629
62		31.10629		31.10629		31.10629
63		31.10629		31.10629		31.10629
64		31.10629		31.10629		31.10629
65		31.10629		31.10629		31.10629
66		31.10629		31.10629		31.10629
67		31.10629		31.10629		31.10629
68		31.10629		31.10629		31.10629
69		31.10629		31.10629		31.10629
70		31.10629		31.10629		31.10629
71		31.10629		31.10629		31.10629
72		31.10629		31.10629		31.10629
73		31.10629		31.10629		31.10629
74		31.10629		31.10629		31.10629
75		31.10629		31.10629		31.10629
76		31.10629		31.10629		31.10629
77		31.10629		31.10629		31.10629
78		31.10629		31.10629		31.10629
79		31.10629		31.10629		31.10629
80		31.10629		31.10629		31.10629
81		31.10629		31.10629		31.10629
82		31.10629		31.10629		31.10629
83		31.10629		31.10629		31.10629
84		31.10629		31.10629		31.10629
85		31.10629		31.10629		31.10629
86		31.10629		31.10629		31.10629
87		31.10629		31.10629		31.10629
88		31.10629		31.10629		31.10629
89		31.10629		31.10629		31.10629
90		31.10629		31.10629		31.10629
91		31.10629		31.10629		31.10629
92		31.10629		31.10629		31.10629
93		31.10629		31.10629		31.10629
94		31.10629		31.10629		31.10629
95		31.10629		31.10629		31.10629
96		31.10629		31.10629		31.10629
97		31.10629		31.10629		31.10629
98		31.10629		31.10629		31.10629
99		31.10629		31.10629		31.10629
100		31.10629		31.10629		31.10629
101		31.10629		31.10629		31.10629
102		31.10629		31.10629		31.10629
103		31.10629		31.10629		31.10629
104		31.10629		31.10629		31.10629
105		31.10629		31.10629		31.10629
106		31.10629		31.10629		31.10629
107		31.10629		31.10629		31.10629
108		31.10629		31.10629		31.10629
109		31.10629		31.10629		31.10629
110		31.10629		31.10629		31.10629
111		31.10629		31.10629		31.10629
112		31.10629		31.10629		31.10629
113		31.10629		31.10629		31.10629
114		31.10629		31.10629		31.10629
115		31.10629		31.10629		31.10629
116		31.10629		31.10629		31.10629
117		31.10629		31.10629		31.10629
118		31.10629		31.10629		31.10629
119		31.10629		31.10629		31.10629
120		31.10629		31.10629		31.10629
121		31.10629		31.10629		31.10629
122		31.10629		31.10629		31.10629
123		31.10629		31.10629		31.10629
124		31.10629		31.10629		31.10629
125		31.10629		31.10629		31.10629
126		31.10629		31.10629		31.10629
127		31.10629		31.10629		31.10629
128		31.10629		31.10629		31.10629
129		31.10629		31.10629		31.10629
130		31.10629		31.10629		31.10629
131		31.10629		31.10629		31.10629
132		31.10629		31.10629		31.10629
133		31.10629		31.10629		31.10629
134		31.10629		31.10629		31.10629
135		31.10629		31.10629		31.10629
136		31.10629		31.10629		31.10629
137		31.10629		31.10629		31.10629
138		31.10629		31.10629		31.10629
139		31.10629		31.10629		31.10629
140		31.10629		31.10629		31.10629
141		31.10629		31.10629		31.10629
142		31.10629		31.10629		31.10629
143		31.10629		31.10629		31.10629
144		31.10629		31.10629		31.10629
145		31.10629		31.10629		31.10629
146		31.10629		31.10629		31.10629
147		31.10629		31.10629		31.10629
148		31.10629		31.10629		31.10629
149		31.10629		31.10629		31.10629
150		31.10629		31.10629		31.10629
151		31.10629		31.10629		31.10629
152		31.10629		31.10629		31.10629
153		31.10629		31.10629		31.10629
154		31.10629		31.10629		31.10629
155		31.10629		31.10629		31.10629
156		31.10629		31.10629		31.10629
157		31.10629		31.10629		31.10629
158		31.10629		31.10629		31.10629
159		31.10629		31.10629		31.10629
160		31.10629		31.10629		31.10629
161		31.10629		31.10629		31.10629
162		31.10629		31.10629		31.10629
163		31.10629		31.10629		31.10629
164		31.10629		31.10629		31.10629
165		31.10629		31.10629		31.10629
166		31.10629		31.10629		31.10629
167		31.10629		31.10629		31.10629
168		31.10629		31.10629		31.10629
169		31.10629		31.10629		31.10629
170		31.10629		31.10629		31.10629
171		31.10629		31.10629		31.10629
172		31.10629		31.10629		31.10629
173		31.10629		31.10629		31.10629
174		31.10629		31.10629		31.10629
175		31.10629		31.10629		31.10629
176		31.10629		31.10629		31.10629
177		31.10629		31.10629		31.10629
178		31.10629		31.10629		31.10629
179		31.10629		31.10629		31.10629
180		31.10629		31.10629		31.10629
181		31.10629		31.10629		31.10629
182		31.10629		31.10629		31.10629
183		31.10629		31.10629		31.10629
184		31.10629		31.10629		31.10629
185		31.10629		31.10629		31.10629
186		31.10629		31.10629		31.10629
187		31.10629		31.10629		31.10629
188		31.10629		31.10629		31.10629
189		31.10629		31.10629		31.10629
190		31.10629		31.10629		31.10629
191		31.10629		31.10629		31.10629
192		31.10629		31.10629		31.10629
193		31.10629		31.10629		31.10629
194		31.10629		31.10629		31.10629
195		31.10629		31.10629		31.10629
196		31.10629		31.10629		31.10629
197		31.10629		31.10629		31.10629
198		31.10629		31.10629		31.10629
199		31.10629		31.10629		31.10629
200		31.10629		31.10629		31.10629
201		31.10629		31.10629		31.10629
202		31.10629		31.10629		31.10629
203		31.10629		31.10629		31.10629
204		31.10629		31.10629		31.10629
205		31.10629		31.10629		31.10629
206		31.10629		31.10629		31.10629
207		31.10629		31.10629		31.10629
208		31.10629		31.10629		31.10629
209		31.10629		31.10629		31.10629
210		31.10629		31.10629		31.10629
211		31.10629		31.10629		31.10629
212		31.10629		31.10629		31.10629
213		31.10629		31.10629		31.10629
214		31.10629		31.10629		31.10629
215		31.10629		31.10629		31.10629
216		31.10629		31.10629		31.10629
217		31.10629		31.10629		31.10629
218		31.10629		31.10629		31.10629
219		31.10629		31.10629		31.10629
220		31.10629		31.10629		31.10629
221		31.10629		31.10629		31.10629
222		31.10629		31.10629		31.10629
223		31.10629		31.10629		31.10629
224		31.10629		31.10629		31.10629
225		31.10629		31.10629		31.10629
226		31.10629		31.10629		31.10629
227		31.10629		31.10629		31.10629
228		31.10629		31.10629		31.10629
229		31.10629		31.10629		31.10629
230		31.10629		31.10629		31.10629
231		31.10629		31.10629		31.10629
232		31.10629		31.10629		31.10629
233		31.10629		31.10629		31.10629
234		31.10629		31.10629		31.10629
235		31.10629		31.10629		31.10629
236		31.10629		31.10629		31.10629
237		31.10629		31.10629		31.10629
238		31.10629		31.10629		31.10629
239		31.10629		31.10629		31.10629
240		31.10629		31.10629		31.10629
241		31.10629		31.10629		31.10629
242		31.10629		31.10629		31.10629
243		31.10629		31.10629		31.10629
244		31.10629		31.10629		31.10629
245		31.10629		31.10629		31.10629
246		31.10629		31.10629		31.10629
247		31.10629		31.10629		31.10629
248		31.10629		31.10629		31.10629
249		31.10629		31.10629		31.10629
250		31.10629		31.10629		31.10629
