step	mediator-max-opt_inst_loss_mean	mediator-max-opt_inst_loss_std_up	mediator-max-opt_inst_loss_std_down
1		124.01891		183.95632		64.0815
2		96.04634		139.39758		52.69509
3		93.72241		139.82393		47.6209
4		89.43143		137.95934		40.90352
5		84.9146		135.99661		33.83259
6		80.16005		133.93058		26.38951
7		75.15525		131.75582		18.55469
8		69.88705		129.46659		10.30751
9		64.34157		127.05687		1.62626
10		58.50422		124.52033		-7.51189
11		52.35965		121.85029		-17.131
12		45.89167		119.03972		-27.25637
13		39.08328		116.08122		-37.91466
14		60.36404		98.61518		22.1129
15		56.1621		94.98545		17.33875
16		49.89426		90.76094		9.02757
17		43.29652		86.31409		0.27896
18		36.35154		81.63319		-8.9301
19		29.04104		76.70593		-18.62385
20		21.34577		71.51934		-28.8278
21		13.24549		66.05977		-39.5688
22		4.71887		60.31286		-50.87511
23		24.19098		77.88718		-29.50522
24		18.08519		76.32948		-40.15909
25		9.8133		71.12308		-51.49647
26		29.55354		100.67302		-41.56594
27		52.17748		128.153		-23.79804
28		47.54467		128.91873		-33.82939
29		40.82327		126.48018		-44.83363
30		33.74812		123.91328		-56.41704
31		26.3006		121.21129		-68.6101
32		46.90858		94.16136		-0.34419
33		60.44595		122.42881		-1.53692
34		84.69581		130.07495		39.31666
35		81.77448		130.18568		33.36329
36		76.85466		127.81381		25.89551
37		71.6759		125.31711		18.03469
38		66.22457		122.689		9.76014
39		68.93382		114.90688		22.96076
40		65.18292		110.95254		19.41329
41		59.38985		107.56841		11.2113
42		61.73938		102.64435		20.83441
43		57.60983		99.16239		16.05726
44		51.41818		95.15772		7.67864
45		44.90065		90.94228		-1.14097
46		38.0401		86.50497		-10.42477
47		39.26596		85.48449		-6.95258
48		42.40108		84.47007		0.33209
49		37.25372		80.95036		-6.44292
50		29.9907		75.98716		-16.00577
51		30.7929		79.28893		-17.70313
52		41.92956		82.36452		1.4946
53		38.60213		79.69529		-2.49103
54		31.41008		74.66604		-11.84588
55		50.73447		79.1171		22.35185
56		47.87046		77.33718		18.40374
57		41.16621		72.18382		10.14861
58		34.10911		66.75922		1.45901
59		43.57556		70.10777		17.04336
60		48.78226		90.34909		7.21542
61		60.86572		100.01509		21.71636
62		58.53494		99.29667		17.7732
63		52.39198		95.29907		9.48489
64		45.92571		91.09106		0.76035
65		39.11911		86.66159		-8.42338
66		40.40175		86.21877		-5.41527
67		43.59665		85.07278		2.12053
68		38.51222		81.51581		-4.49137
69		31.31543		76.58237		-13.95151
70		23.73987		71.38927		-23.90954
71		15.76559		65.92286		-34.39168
72		7.37161		60.16874		-45.42552
73		-1.46415		54.11177		-57.04008
74		-2.31747		56.49515		-61.13008
75		8.62905		47.92778		-30.66968
76		1.70422		41.92918		-38.52075
77		1.01766		48.06917		-46.03385
78		-6.30778		44.96614		-57.5817
79		2.58398		56.70569		-51.53773
80		13.78847		49.39102		-21.81407
81		24.03016		75.36543		-27.3051
82		19.76066		77.53106		-38.00974
83		11.57695		72.3879		-49.23399
84		19.8575		101.99842		-62.28343
85		15.36838		105.94414		-75.20738
86		25.40099		114.51784		-63.71586
87		37.80638		103.11662		-27.50387
88		32.41719		98.7651		-33.93072
89		24.89961		94.73952		-44.94029
90		16.98638		90.50206		-56.52931
91		8.65665		86.04159		-68.72828
92		18.33601		83.01616		-46.34414
93		11.92207		79.25922		-55.41508
94		30.22078		91.26344		-30.82189
95		26.2771		89.30222		-36.74802
96		26.88385		83.24365		-29.47596
97		20.91979		78.51539		-36.67581
98		12.79709		73.42403		-47.82986
99		12.69436		71.00899		-45.62027
100		42.87847		91.91939		-6.16245
101		39.60098		92.18081		-12.97885
102		32.4615		87.80869		-22.88569
103		33.39375		83.93338		-17.14589
104		46.2198		85.26719		7.17242
105		49.72092		83.83608		15.60576
106		63.4063		92.73953		34.07307
107		59.36448		92.07933		26.64963
108		53.26518		87.70187		18.8285
109		46.84487		83.09401		10.59573
110		58.53413		103.23763		13.83063
111		54.23588		103.51364		4.95812
112		47.86666		99.73798		-4.00467
113		41.16221		95.76361		-13.43918
114		42.55239		91.66848		-6.56371
115		37.41299		87.88496		-13.05898
116		38.60584		98.84381		-21.63213
117		33.25873		98.71959		-32.20213
118		25.78545		94.69162		-43.12072
119		26.36632		87.01252		-34.27988
120		28.82251		102.17146		-44.52643
121		22.96049		102.99728		-57.07629
122		23.39268		99.66261		-52.87724
123		34.13986		118.11467		-49.83495
124		38.84994		122.94632		-45.24645
125		41.96316		130.75632		-46.82999
126		45.24024		125.81619		-35.33571
127		48.6898		125.42754		-28.04794
128		43.87343		123.94292		-36.19606
129		45.4063		128.51218		-37.69958
130		40.41711		128.09058		-47.25635
131		33.32058		125.60844		-58.96727
132		34.29804		134.11651		-65.52043
133		47.1717		118.44694		-24.10355
134		50.72291		128.79074		-27.34492
135		46.01354		129.99123		-37.96415
136		39.21156		127.60913		-49.18601
137		40.49907		132.07629		-51.07814
138		53.6991		116.50363		-9.10544
139		49.14637		112.0966		-13.80387
140		42.50927		108.77268		-23.75413
141		43.97035		114.75892		-26.81822
142		38.90558		114.17263		-36.36146
143		40.17699		124.86275		-44.50877
144		34.91257		125.63915		-55.814
145		27.52633		123.02799		-67.97532
146		28.19883		126.49713		-70.09947
147		22.30398		125.66621		-81.05825
148		14.25413		123.05648		-94.54821
149		24.2281		152.17978		-103.72359
150		55.01924		146.42317		-36.38468
151		52.38074		147.06416		-42.30267
152		54.36137		158.7178		-49.99506
153		78.29099		153.00006		3.58192
154		75.03257		152.20697		-2.14183
155		69.75791		150.99412		-11.4783
156		64.20563		149.71743		-21.30617
157		58.36113		148.37355		-31.65129
158		52.20903		146.95894		-42.54089
159		45.73313		145.46988		-54.00363
160		57.36388		136.38316		-21.65541
161		53.00403		134.07538		-28.06731
162		46.56997		131.90823		-38.76828
163		39.79728		129.62703		-50.03246
164		32.66813		127.22576		-61.8895
165		43.61125		128.38668		-41.16418
166		66.97507		113.49496		20.45518
167		63.12108		110.50724		15.73492
168		57.2195		107.09967		7.33933
169		51.00731		103.51275		-1.49814
170		62.91565		103.23787		22.59342
171		58.848		101.369		16.327
172		61.16901		106.03636		16.30165
173		57.00943		105.0929		8.92597
174		50.78619		101.40036		0.17201
175		44.2354		97.51347		-9.04268
176		37.33983		93.42202		-18.74235
177		30.08134		89.11522		-28.95254
178		22.44083		84.58175		-39.7001
179		14.39818		79.80968		-51.01332
180		5.93223		74.78644		-62.92198
181		33.91569		81.66063		-13.82926
182		48.61397		98.88602		-1.65809
183		52.24109		114.0051		-9.52292
184		47.61163		114.70384		-19.48059
185		40.89376		111.51714		-29.72963
186		52.2698		100.01013		4.52948
187		47.64185		96.01989		-0.73619
188		49.37306		105.12672		-6.3806
189		73.04014		121.60789		24.47238
190		69.50536		122.04722		16.9635
191		63.93979		119.24701		8.63257
192		58.0813		116.29942		-0.13683
193		68.80944		135.79537		1.82352
194		66.89674		139.41493		-5.62144
195		61.19388		137.52881		-15.14105
196		55.19087		135.54343		-25.16169
197		77.3194		109.61616		45.02263
198		74.00984		105.20607		42.81361
199		68.68135		101.51949		35.84321
200		71.5199		106.9627		36.07711
201		67.90511		106.44382		29.36641
202		62.25532		102.82238		21.68826
203		64.75566		116.2487		13.26263
204		60.78486		117.42019		4.14953
205		54.76032		114.37645		-4.85581
206		48.4187		111.17252		-14.33513
207		41.74331		107.79996		-24.31335
208		43.16407		111.1847		-24.85657
209		46.50435		117.04373		-24.03503
210		60.02044		102.50258		17.53831
211		55.80042		97.78008		13.82076
212		57.96103		101.54271		14.37934
213		62.0801		108.4441		15.7161
214		57.96848		107.52695		8.41001
215		70.2432		92.13026		48.35613
216		66.56121		87.81356		45.30886
217		79.28818		113.52255		45.0538
218		76.08224		115.14879		37.01569
219		79.31032		117.34882		41.27181
220		76.10555		116.43356		35.77753
221		70.88736		113.3379		28.43682
222		65.39453		110.07931		20.70975
223		59.6126		106.64921		12.57599
224		53.52636		103.03858		4.01414
225		47.11979		99.23792		-4.99834
226		40.37604		95.23723		-14.48515
227		33.27735		91.02597		-24.47127
228		25.80504		86.59307		-34.98298
229		17.93946		81.92685		-46.04793
230		28.10739		76.89466		-20.67988
231		22.20773		72.87564		-28.46018
232		14.15281		67.48745		-39.18183
233		22.56893		69.35592		-24.21806
234		18.22252		66.42017		-29.97513
235		28.40534		77.47378		-20.66309
236		30.96886		73.35084		-11.41313
237		33.66729		68.23793		-0.90335
238		28.06026		63.49888		-7.37836
239		20.31337		57.61718		-16.99044
240		20.60624		50.28747		-9.075
241		14.31178		44.36918		-15.74562
242		5.84129		37.48065		-25.79808
243		-3.07502		30.22957		-36.37962
244		-12.46061		22.59686		-47.51808
245		-13.89269		18.75113		-46.53652
246		-13.55531		14.19297		-41.30359
247		-13.20116		19.33605		-45.73836
248		-12.81797		24.44407		-50.08001
249		5.757		10.45757		1.05643
250		0.0		0.0		0.0
