step	mediator-max-opt_reward_mean	mediator-max-opt_reward_std_up	mediator-max-opt_reward_std_down
1		0.0		0.0		0.0
2		0.0		0.0		0.0
3		90.0		163.48469		16.51531
4		150.0		150.0		150.0
5		240.0		313.48469		166.51531
6		300.0		300.0		300.0
7		360.0		433.48469		286.51531
8		420.0		480.0		360.0
9		450.0		450.0		450.0
10		510.0		583.48469		436.51531
11		600.0		600.0		600.0
12		660.0		733.48469		586.51531
13		750.0		750.0		750.0
14		810.0		883.48469		736.51531
15		900.0		900.0		900.0
16		960.0		1033.48469		886.51531
17		1020.0		1080.0		960.0
18		1110.0		1183.48469		1036.51531
19		1170.0		1230.0		1110.0
20		1260.0		1333.48469		1186.51531
21		1320.0		1380.0		1260.0
22		1380.0		1440.0		1320.0
23		1410.0		1483.48469		1336.51531
24		1470.0		1530.0		1410.0
25		1530.0		1590.0		1470.0
26		1590.0		1663.48469		1516.51531
27		1680.0		1740.0		1620.0
28		1740.0		1813.48469		1666.51531
29		1800.0		1894.86833		1705.13167
30		1860.0		1933.48469		1786.51531
31		1950.0		2044.86833		1855.13167
32		1980.0		2040.0		1920.0
33		2070.0		2130.0		2010.0
34		2130.0		2190.0		2070.0
35		2130.0		2190.0		2070.0
36		2250.0		2344.86833		2155.13167
37		2250.0		2344.86833		2155.13167
38		2370.0		2482.24972		2257.75028
39		2400.0		2494.86833		2305.13167
40		2490.0		2642.97059		2337.02941
41		2520.0		2666.96938		2373.03062
42		2610.0		2730.0		2490.0
43		2670.0		2816.96938		2523.03062
44		2700.0		2794.86833		2605.13167
45		2820.0		2966.96938		2673.03062
46		2820.0		2966.96938		2673.03062
47		2970.0		3116.96938		2823.03062
48		2970.0		3116.96938		2823.03062
49		3090.0		3242.97059		2937.02941
50		3120.0		3266.96938		2973.03062
51		3210.0		3330.0		3090.0
52		3240.0		3392.97059		3087.02941
53		3360.0		3480.0		3240.0
54		3360.0		3480.0		3240.0
55		3510.0		3630.0		3390.0
56		3510.0		3630.0		3390.0
57		3630.0		3776.96938		3483.03062
58		3660.0		3780.0		3540.0
59		3750.0		3884.16408		3615.83592
60		3810.0		3930.0		3690.0
61		3840.0		3992.97059		3687.02941
62		3960.0		4080.0		3840.0
63		3960.0		4080.0		3840.0
64		4080.0		4192.24972		3967.75028
65		4110.0		4230.0		3990.0
66		4230.0		4342.24972		4117.75028
67		4260.0		4380.0		4140.0
68		4350.0		4444.86833		4255.13167
69		4410.0		4530.0		4290.0
70		4470.0		4582.24972		4357.75028
71		4530.0		4642.24972		4417.75028
72		4620.0		4732.24972		4507.75028
73		4680.0		4792.24972		4567.75028
74		4740.0		4813.48469		4666.51531
75		4830.0		4942.24972		4717.75028
76		4890.0		4963.48469		4816.51531
77		4980.0		5092.24972		4867.75028
78		5040.0		5113.48469		4966.51531
79		5130.0		5242.24972		5017.75028
80		5190.0		5263.48469		5116.51531
81		5220.0		5332.24972		5107.75028
82		5340.0		5413.48469		5266.51531
83		5370.0		5482.24972		5257.75028
84		5490.0		5563.48469		5416.51531
85		5490.0		5563.48469		5416.51531
86		5610.0		5683.48469		5536.51531
87		5610.0		5683.48469		5536.51531
88		5760.0		5833.48469		5686.51531
89		5760.0		5833.48469		5686.51531
90		5820.0		5880.0		5760.0
91		5880.0		5940.0		5820.0
92		5940.0		6013.48469		5866.51531
93		6030.0		6090.0		5970.0
94		6090.0		6163.48469		6016.51531
95		6180.0		6240.0		6120.0
96		6240.0		6313.48469		6166.51531
97		6270.0		6382.24972		6157.75028
98		6360.0		6480.0		6240.0
99		6420.0		6532.24972		6307.75028
100		6510.0		6630.0		6390.0
101		6540.0		6613.48469		6466.51531
102		6600.0		6694.86833		6505.13167
103		6660.0		6733.48469		6586.51531
104		6750.0		6844.86833		6655.13167
105		6810.0		6883.48469		6736.51531
106		6900.0		6994.86833		6805.13167
107		6960.0		7033.48469		6886.51531
108		7050.0		7144.86833		6955.13167
109		7110.0		7183.48469		7036.51531
110		7200.0		7294.86833		7105.13167
111		7260.0		7333.48469		7186.51531
112		7350.0		7444.86833		7255.13167
113		7380.0		7440.0		7320.0
114		7440.0		7513.48469		7366.51531
115		7530.0		7590.0		7470.0
116		7590.0		7663.48469		7516.51531
117		7620.0		7732.24972		7507.75028
118		7740.0		7813.48469		7666.51531
119		7770.0		7882.24972		7657.75028
120		7890.0		7963.48469		7816.51531
121		7920.0		8032.24972		7807.75028
122		7980.0		8040.0		7920.0
123		8040.0		8160.0		7920.0
124		8100.0		8194.86833		8005.13167
125		8190.0		8310.0		8070.0
126		8220.0		8332.24972		8107.75028
127		8280.0		8392.24972		8167.75028
128		8370.0		8482.24972		8257.75028
129		8430.0		8542.24972		8317.75028
130		8460.0		8533.48469		8386.51531
131		8580.0		8692.24972		8467.75028
132		8580.0		8692.24972		8467.75028
133		8700.0		8794.86833		8605.13167
134		8730.0		8842.24972		8617.75028
135		8820.0		8932.24972		8707.75028
136		8820.0		8932.24972		8707.75028
137		8940.0		9092.97059		8787.02941
138		8970.0		9082.24972		8857.75028
139		9060.0		9212.97059		8907.02941
140		9120.0		9232.24972		9007.75028
141		9210.0		9362.97059		9057.02941
142		9270.0		9382.24972		9157.75028
143		9300.0		9434.16408		9165.83592
144		9420.0		9532.24972		9307.75028
145		9450.0		9584.16408		9315.83592
146		9510.0		9662.97059		9357.02941
147		9600.0		9734.16408		9465.83592
148		9660.0		9812.97059		9507.02941
149		9720.0		9832.24972		9607.75028
150		9810.0		9962.97059		9657.02941
151		9870.0		9982.24972		9757.75028
152		9930.0		10042.24972		9817.75028
153		10020.0		10132.24972		9907.75028
154		10080.0		10192.24972		9967.75028
155		10170.0		10282.24972		10057.75028
156		10200.0		10294.86833		10105.13167
157		10260.0		10380.0		10140.0
158		10320.0		10432.24972		10207.75028
159		10380.0		10526.96938		10233.03062
160		10470.0		10582.24972		10357.75028
161		10500.0		10594.86833		10405.13167
162		10560.0		10680.0		10440.0
163		10650.0		10744.86833		10555.13167
164		10710.0		10830.0		10590.0
165		10800.0		10894.86833		10705.13167
166		10860.0		10980.0		10740.0
167		10920.0		11032.24972		10807.75028
168		10980.0		11092.24972		10867.75028
169		11070.0		11182.24972		10957.75028
170		11130.0		11242.24972		11017.75028
171		11190.0		11310.0		11070.0
172		11280.0		11392.24972		11167.75028
173		11340.0		11460.0		11220.0
174		11430.0		11542.24972		11317.75028
175		11460.0		11533.48469		11386.51531
176		11550.0		11644.86833		11455.13167
177		11580.0		11692.24972		11467.75028
178		11700.0		11794.86833		11605.13167
179		11730.0		11842.24972		11617.75028
180		11850.0		11944.86833		11755.13167
181		11880.0		11992.24972		11767.75028
182		11910.0		12030.0		11790.0
183		11970.0		12144.92856		11795.07144
184		12060.0		12180.0		11940.0
185		12090.0		12242.97059		11937.02941
186		12210.0		12330.0		12090.0
187		12240.0		12392.97059		12087.02941
188		12330.0		12504.92856		12155.07144
189		12390.0		12542.97059		12237.02941
190		12480.0		12654.92856		12305.07144
191		12510.0		12713.4699		12306.5301
192		12630.0		12804.92856		12455.07144
193		12660.0		12863.4699		12456.5301
194		12780.0		12954.92856		12605.07144
195		12780.0		12954.92856		12605.07144
196		12870.0		13016.96938		12723.03062
197		12930.0		13104.92856		12755.07144
198		13020.0		13166.96938		12873.03062
199		13050.0		13214.31677		12885.68323
200		13140.0		13260.0		13020.0
201		13140.0		13260.0		13020.0
202		13260.0		13380.0		13140.0
203		13290.0		13410.0		13170.0
204		13380.0		13492.24972		13267.75028
205		13440.0		13560.0		13320.0
206		13500.0		13594.86833		13405.13167
207		13590.0		13710.0		13470.0
208		13650.0		13744.86833		13555.13167
209		13710.0		13830.0		13590.0
210		13800.0		13894.86833		13705.13167
211		13860.0		13980.0		13740.0
212		13920.0		13980.0		13860.0
213		13980.0		14092.24972		13867.75028
214		14070.0		14130.0		14010.0
215		14130.0		14242.24972		14017.75028
216		14190.0		14310.0		14070.0
217		14280.0		14392.24972		14167.75028
218		14310.0		14430.0		14190.0
219		14430.0		14542.24972		14317.75028
220		14460.0		14580.0		14340.0
221		14580.0		14692.24972		14467.75028
222		14610.0		14730.0		14490.0
223		14670.0		14816.96938		14523.03062
224		14760.0		14880.0		14640.0
225		14790.0		14942.97059		14637.02941
226		14910.0		15030.0		14790.0
227		14940.0		15092.97059		14787.02941
228		15060.0		15180.0		14940.0
229		15090.0		15242.97059		14937.02941
230		15150.0		15339.73666		14960.26334
231		15180.0		15326.96938		15033.03062
232		15240.0		15392.97059		15087.02941
233		15330.0		15476.96938		15183.03062
234		15390.0		15542.97059		15237.02941
235		15480.0		15626.96938		15333.03062
236		15510.0		15630.0		15390.0
237		15630.0		15776.96938		15483.03062
238		15660.0		15780.0		15540.0
239		15720.0		15832.24972		15607.75028
240		15810.0		15930.0		15690.0
241		15870.0		15982.24972		15757.75028
242		15900.0		15994.86833		15805.13167
243		16020.0		16132.24972		15907.75028
244		16050.0		16144.86833		15955.13167
245		16170.0		16282.24972		16057.75028
246		16170.0		16282.24972		16057.75028
247		16320.0		16432.24972		16207.75028
248		16320.0		16432.24972		16207.75028
249		16470.0		16582.24972		16357.75028
250		16470.0		16582.24972		16357.75028
