step	mediator-max-opt_reward_mean	mediator-max-opt_reward_std_up	mediator-max-opt_reward_std_down
1		-0.8		-0.4		-1.2
2		-1.8		-1.4		-2.2
3		7.4		28.2		-13.4
4		6.4		27.2		-14.4
5		5.4		26.2		-15.4
6		4.4		25.2		-16.4
7		3.4		24.2		-17.4
8		2.4		23.2		-18.4
9		1.4		22.2		-19.4
10		30.6		89.35917		-28.15917
11		29.6		88.35917		-29.15917
12		28.6		87.35917		-30.15917
13		27.6		86.35917		-31.15917
14		26.6		85.35917		-32.15917
15		25.6		84.35917		-33.15917
16		24.6		83.35917		-34.15917
17		23.6		82.35917		-35.15917
18		83.0		146.40662		19.59338
19		82.0		145.40662		18.59338
20		81.0		144.40662		17.59338
21		80.0		143.40662		16.59338
22		109.2		177.82186		40.57814
23		108.2		176.82186		39.57814
24		107.2		175.82186		38.57814
25		106.2		174.82186		37.57814
26		105.2		173.82186		36.57814
27		104.2		172.82186		35.57814
28		103.2		171.82186		34.57814
29		102.2		170.82186		33.57814
30		101.2		169.82186		32.57814
31		130.4		228.13965		32.66035
32		129.4		227.13965		31.66035
33		128.4		226.13965		30.66035
34		127.4		225.13965		29.66035
35		126.4		224.13965		28.66035
36		125.4		223.13965		27.66035
37		124.4		222.13965		26.66035
38		123.4		221.13965		25.66035
39		122.4		220.13965		24.66035
40		121.4		219.13965		23.66035
41		150.6		275.95486		25.24514
42		149.6		274.95486		24.24514
43		148.6		273.95486		23.24514
44		147.6		272.95486		22.24514
45		146.6		271.95486		21.24514
46		145.6		270.95486		20.24514
47		174.8		336.13865		13.46135
48		204.0		363.38005		44.61995
49		203.0		362.38005		43.61995
50		202.0		361.38005		42.61995
51		231.2		418.84584		43.55416
52		230.2		417.84584		42.55416
53		259.4		407.09645		111.70355
54		258.4		406.09645		110.70355
55		257.4		405.09645		109.70355
56		286.6		411.95486		161.24514
57		285.6		410.95486		160.24514
58		314.8		444.83753		184.76247
59		313.8		443.83753		183.76247
60		343.0		427.62387		258.37613
61		342.0		426.62387		257.37613
62		341.0		425.62387		256.37613
63		340.0		424.62387		255.37613
64		339.0		423.62387		254.37613
65		338.0		422.62387		253.37613
66		337.0		421.62387		252.37613
67		336.0		420.62387		251.37613
68		335.0		419.62387		250.37613
69		364.2		481.7983		246.6017
70		363.2		480.7983		245.6017
71		362.2		479.7983		244.6017
72		361.2		478.7983		243.6017
73		360.2		477.7983		242.6017
74		359.2		476.7983		241.6017
75		358.2		475.7983		240.6017
76		387.4		554.11485		220.68515
77		386.4		553.11485		219.68515
78		385.4		552.11485		218.68515
79		384.4		551.11485		217.68515
80		383.4		550.11485		216.68515
81		382.4		549.11485		215.68515
82		381.4		548.11485		214.68515
83		380.4		547.11485		213.68515
84		379.4		546.11485		212.68515
85		378.4		545.11485		211.68515
86		377.4		544.11485		210.68515
87		406.6		628.08282		185.11718
88		405.6		627.08282		184.11718
89		404.6		626.08282		183.11718
90		403.6		625.08282		182.11718
91		402.6		624.08282		181.11718
92		401.6		623.08282		180.11718
93		400.6		622.08282		179.11718
94		399.6		621.08282		178.11718
95		398.6		620.08282		177.11718
96		397.6		619.08282		176.11718
97		396.6		618.08282		175.11718
98		395.6		617.08282		174.11718
99		424.8		627.60572		221.99428
100		423.8		626.60572		220.99428
101		422.8		625.60572		219.99428
102		421.8		624.60572		218.99428
103		451.0		652.25109		249.74891
104		450.0		651.25109		248.74891
105		449.0		650.25109		247.74891
106		448.0		649.25109		246.74891
107		447.0		648.25109		245.74891
108		476.2		671.26348		281.13652
109		505.4		712.50828		298.29172
110		504.4		711.50828		297.29172
111		503.4		710.50828		296.29172
112		502.4		709.50828		295.29172
113		531.6		766.19378		297.00622
114		530.6		765.19378		296.00622
115		529.6		764.19378		295.00622
116		558.8		753.70859		363.89141
117		557.8		752.70859		362.89141
118		556.8		751.70859		361.89141
119		555.8		750.70859		360.89141
120		554.8		749.70859		359.89141
121		553.8		748.70859		358.89141
122		552.8		747.70859		357.89141
123		551.8		746.70859		356.89141
124		581.0		816.80076		345.19924
125		580.0		815.80076		344.19924
126		609.2		819.03174		399.36826
127		638.4		837.78164		439.01836
128		637.4		836.78164		438.01836
129		636.4		835.78164		437.01836
130		635.4		834.78164		436.01836
131		664.6		911.6098		417.5902
132		663.6		910.6098		416.5902
133		662.6		909.6098		415.5902
134		661.6		908.6098		414.5902
135		660.6		907.6098		413.5902
136		659.6		906.6098		412.5902
137		658.6		905.6098		411.5902
138		657.6		904.6098		410.5902
139		686.8		903.84783		469.75217
140		685.8		902.84783		468.75217
141		684.8		901.84783		467.75217
142		683.8		900.84783		466.75217
143		682.8		899.84783		465.75217
144		681.8		898.84783		464.75217
145		680.8		897.84783		463.75217
146		679.8		896.84783		462.75217
147		709.0		944.80076		473.19924
148		708.0		943.80076		472.19924
149		737.2		1020.94453		453.45547
150		736.2		1019.94453		452.45547
151		735.2		1018.94453		451.45547
152		764.4		1023.46416		505.33584
153		763.4		1022.46416		504.33584
154		762.4		1021.46416		503.33584
155		761.4		1020.46416		502.33584
156		760.4		1019.46416		501.33584
157		759.4		1018.46416		500.33584
158		788.6		1035.6098		541.5902
159		787.6		1034.6098		540.5902
160		786.6		1033.6098		539.5902
161		785.6		1032.6098		538.5902
162		814.8		1064.21884		565.38116
163		813.8		1063.21884		564.38116
164		843.0		1072.0441		613.9559
165		842.0		1071.0441		612.9559
166		841.0		1070.0441		611.9559
167		840.0		1069.0441		610.9559
168		869.2		1112.36529		626.03471
169		868.2		1111.36529		625.03471
170		867.2		1110.36529		624.03471
171		866.2		1109.36529		623.03471
172		865.2		1108.36529		622.03471
173		864.2		1107.36529		621.03471
174		863.2		1106.36529		620.03471
175		862.2		1105.36529		619.03471
176		861.2		1104.36529		618.03471
177		860.2		1103.36529		617.03471
178		859.2		1102.36529		616.03471
179		858.2		1101.36529		615.03471
180		857.2		1100.36529		614.03471
181		856.2		1099.36529		613.03471
182		855.2		1098.36529		612.03471
183		854.2		1097.36529		611.03471
184		853.2		1096.36529		610.03471
185		852.2		1095.36529		609.03471
186		851.2		1094.36529		608.03471
187		850.2		1093.36529		607.03471
188		849.2		1092.36529		606.03471
189		878.4		1077.78164		679.01836
190		907.6		1154.6098		660.5902
191		936.8		1153.84783		719.75217
192		935.8		1152.84783		718.75217
193		934.8		1151.84783		717.75217
194		964.0		1235.74032		692.25968
195		963.0		1234.74032		691.25968
196		962.0		1233.74032		690.25968
197		961.0		1232.74032		689.25968
198		960.0		1231.74032		688.25968
199		959.0		1230.74032		687.25968
200		958.0		1229.74032		686.25968
201		957.0		1228.74032		685.25968
202		986.2		1235.7399		736.6601
203		985.2		1234.7399		735.6601
204		984.2		1233.7399		734.6601
205		983.2		1232.7399		733.6601
206		982.2		1231.7399		732.6601
207		981.2		1230.7399		731.6601
208		980.2		1229.7399		730.6601
209		979.2		1228.7399		729.6601
210		1008.4		1267.46416		749.33584
211		1007.4		1266.46416		748.33584
212		1006.4		1265.46416		747.33584
213		1005.4		1264.46416		746.33584
214		1004.4		1263.46416		745.33584
215		1003.4		1262.46416		744.33584
216		1062.8		1329.87707		795.72293
217		1061.8		1328.87707		794.72293
218		1060.8		1327.87707		793.72293
219		1059.8		1326.87707		792.72293
220		1058.8		1325.87707		791.72293
221		1088.0		1353.89848		822.10152
222		1087.0		1352.89848		821.10152
223		1086.0		1351.89848		820.10152
224		1085.0		1350.89848		819.10152
225		1084.0		1349.89848		818.10152
226		1143.4		1413.75872		873.04128
227		1142.4		1412.75872		872.04128
228		1141.4		1411.75872		871.04128
229		1140.4		1410.75872		870.04128
230		1139.4		1409.75872		869.04128
231		1138.4		1408.75872		868.04128
232		1137.4		1407.75872		867.04128
233		1166.6		1473.772		859.428
234		1165.6		1472.772		858.428
235		1164.6		1471.772		857.428
236		1163.6		1470.772		856.428
237		1162.6		1469.772		855.428
238		1161.6		1468.772		854.428
239		1170.8		1463.65177		877.94823
240		1169.8		1462.65177		876.94823
241		1168.8		1461.65177		875.94823
242		1178.0		1457.28838		898.71162
243		1177.0		1456.28838		897.71162
244		1176.0		1455.28838		896.71162
245		1185.2		1451.79737		918.60263
246		1214.4		1479.77114		949.02886
247		1223.6		1476.00887		971.19113
248		1222.6		1475.00887		970.19113
249		1221.6		1474.00887		969.19113
250		1220.6		1473.00887		968.19113
