step	mediator-max-opt_runtime_mean	mediator-max-opt_runtime_std_up	mediator-max-opt_runtime_std_down
1		0.00025		0.00037		0.00013
2		0.56341		0.84046		0.28636
3		0.63462		0.96429		0.30494
4		0.75996		1.01615		0.50377
5		0.83273		1.17264		0.49282
6		0.90415		1.29372		0.51459
7		0.91414		1.30351		0.52476
8		0.92532		1.31439		0.53625
9		0.93622		1.325		0.54744
10		0.94597		1.33476		0.55719
11		0.95591		1.34468		0.56714
12		0.96549		1.35435		0.57663
13		0.97515		1.36418		0.58611
14		0.98474		1.37423		0.59525
15		1.04368		1.49771		0.58964
16		1.10193		1.54439		0.65948
17		1.16197		1.67838		0.64557
18		1.32131		1.84407		0.79855
19		1.38043		1.96932		0.79155
20		1.60795		2.11614		1.09977
21		1.80737		2.25221		1.36253
22		1.95153		2.30227		1.60079
23		2.2607		2.56136		1.96004
24		2.64803		3.03256		2.2635
25		3.01115		3.36205		2.66025
26		3.42054		3.78396		3.05712
27		3.86536		4.22658		3.50413
28		4.25911		4.67256		3.84566
29		4.65682		5.12124		4.1924
30		5.10425		5.57153		4.63698
31		5.51926		6.05232		4.9862
32		5.95711		6.48596		5.42826
33		6.36389		6.98356		5.74423
34		6.76781		7.45814		6.07749
35		7.20977		7.92061		6.49892
36		7.61959		8.39415		6.84502
37		8.05516		8.86034		7.24997
38		8.46377		9.33714		7.5904
39		8.88982		9.79364		7.98599
40		9.28287		10.26302		8.30272
41		9.71507		10.74004		8.6901
42		10.10179		11.2007		9.00287
43		10.49376		11.66841		9.31911
44		10.91248		12.11844		9.70652
45		11.29698		12.57779		10.01617
46		11.71476		13.02225		10.40727
47		12.09544		13.48846		10.70243
48		12.49201		13.94972		11.0343
49		12.91413		14.41224		11.41601
50		13.29428		14.87469		11.71386
51		13.66419		15.32357		12.0048
52		14.03817		15.7709		12.30544
53		14.43544		16.20636		12.66452
54		14.77619		16.64208		12.9103
55		15.19975		17.07499		13.32451
56		15.53456		17.50789		13.56123
57		15.96263		17.94357		13.9817
58		16.28583		18.36475		14.20692
59		16.68468		18.80424		14.56512
60		17.04076		19.23209		14.84943
61		17.42254		19.64978		15.1953
62		17.76841		20.05033		15.48648
63		18.14756		20.46707		15.82806
64		18.45058		20.85571		16.04544
65		18.8388		21.29387		16.38373
66		19.22591		21.71213		16.73968
67		19.61316		22.1435		17.08282
68		19.99582		22.54906		17.44258
69		20.37204		22.97471		17.76937
70		20.75475		23.3767		18.1328
71		21.11137		23.79842		18.42432
72		21.4882		24.14339		18.833
73		21.83366		24.56041		19.10691
74		22.17963		24.91727		19.44199
75		22.55008		25.31003		19.79013
76		22.93031		25.74894		20.11168
77		23.30064		26.15437		20.44692
78		23.65156		26.58328		20.71984
79		24.054		26.99548		21.11252
80		24.38705		27.39439		21.37971
81		24.79171		27.8149		21.76852
82		25.13303		28.24053		22.02552
83		25.50985		28.67364		22.34606
84		25.86842		29.06876		22.66807
85		26.20699		29.46907		22.94492
86		26.61026		29.88253		23.33798
87		26.95919		30.30408		23.6143
88		27.35391		30.71279		23.99503
89		27.68883		31.12293		24.25472
90		28.08907		31.53217		24.64597
91		28.4226		31.94303		24.90216
92		28.79133		32.36814		25.21452
93		29.16535		32.76989		25.5608
94		29.52725		33.16841		25.88609
95		29.89843		33.57042		26.22645
96		30.26334		33.96966		26.55701
97		30.63132		34.37996		26.88267
98		30.96024		34.77321		27.14727
99		31.35495		35.1748		27.5351
100		31.69706		35.58693		27.80718
101		32.0795		35.97082		28.18817
102		32.41759		36.37629		28.45888
103		32.81151		36.76554		28.85748
104		33.16232		37.19466		29.12999
105		33.55499		37.59722		29.51275
106		33.8852		38.00016		29.77023
107		34.25984		38.41915		30.10054
108		34.62422		38.85036		30.39808
109		34.99827		39.26775		30.72878
110		35.36997		39.7067		31.03324
111		35.7449		40.09673		31.39307
112		36.13237		40.49536		31.76937
113		36.49301		40.89685		32.08917
114		36.87881		41.29332		32.4643
115		37.23803		41.67681		32.79925
116		37.59801		42.06675		33.12927
117		37.99018		42.44244		33.53793
118		38.36575		42.84462		33.88688
119		38.7519		43.23077		34.27302
120		39.1033		43.60698		34.59962
121		39.4844		43.99912		34.96968
122		39.8279		44.37282		35.28299
123		40.21618		44.77179		35.66057
124		40.56378		45.15276		35.9748
125		40.94366		45.52954		36.35778
126		41.29316		45.91059		36.67573
127		41.67273		46.29454		37.05092
128		42.02687		46.68099		37.37274
129		42.42472		47.05448		37.79497
130		42.78424		47.45567		38.11282
131		43.1523		47.83322		38.47138
132		43.51205		48.23851		38.78559
133		43.89165		48.62688		39.15642
134		44.25012		49.02057		39.47967
135		44.61426		49.39249		39.83603
136		44.95059		49.77556		40.12561
137		45.30589		50.14448		40.4673
138		45.66124		50.51704		40.80544
139		46.03517		50.88357		41.18678
140		46.36696		51.25127		41.48265
141		46.73859		51.63058		41.8466
142		47.0775		52.01386		42.14113
143		47.44223		52.38993		42.49453
144		47.77694		52.75515		42.79873
145		48.14529		53.1451		43.14549
146		48.47002		53.50491		43.43513
147		48.86141		53.90857		43.81425
148		49.19192		54.27867		44.10517
149		49.5647		54.68187		44.44752
150		49.90053		55.05954		44.74151
151		50.27234		55.45858		45.08609
152		50.60677		55.81806		45.39548
153		50.95685		56.18346		45.73023
154		51.30666		56.55524		46.05808
155		51.66505		56.92537		46.40474
156		52.01466		57.32499		46.70432
157		52.36698		57.67221		47.06175
158		52.69898		58.06282		47.33515
159		53.05827		58.41466		47.70189
160		53.38946		58.79722		47.98171
161		53.72056		59.1281		48.31302
162		54.05216		59.51281		48.5915
163		54.38993		59.85821		48.92165
164		54.7003		60.2057		49.1949
165		55.0475		60.56798		49.52701
166		55.37588		60.95056		49.8012
167		55.71453		61.29499		50.13408
168		56.03548		61.65761		50.41335
169		56.39276		62.00934		50.77618
170		56.7208		62.35624		51.08536
171		57.06919		62.71427		51.42412
172		57.36299		63.03582		51.69017
173		57.72581		63.39702		52.05459
174		58.02062		63.72115		52.32009
175		58.37024		64.08699		52.65349
176		58.68552		64.42287		52.94818
177		59.03269		64.79482		53.27057
178		59.34672		65.14404		53.5494
179		59.69267		65.50592		53.87943
180		60.00352		65.85916		54.14788
181		60.33308		66.19652		54.46964
182		60.6485		66.54672		54.75028
183		60.9875		66.89297		55.08202
184		61.29191		67.23751		55.34631
185		61.60719		67.60551		55.60887
186		61.93743		67.94909		55.92578
187		62.24266		68.28163		56.20369
188		62.54724		68.63589		56.45858
189		62.87821		68.96263		56.7938
190		63.1783		69.31509		57.0415
191		63.5049		69.64681		57.36299
192		63.80849		69.99826		57.61872
193		64.1593		70.3476		57.971
194		64.48054		70.71897		58.24211
195		64.80822		71.05534		58.5611
196		65.11049		71.39572		58.82526
197		65.44819		71.72946		59.16692
198		65.76554		72.07323		59.45785
199		66.10416		72.43177		59.77654
200		66.42264		72.80955		60.03574
201		66.7578		73.15813		60.35747
202		67.07819		73.52727		60.6291
203		67.41973		73.88319		60.95627
204		67.72658		74.2432		61.20995
205		68.08015		74.62188		61.53842
206		68.38205		74.96861		61.79548
207		68.71133		75.33632		62.08633
208		69.02737		75.65014		62.40461
209		69.34884		76.02653		62.67114
210		69.68717		76.35389		63.02046
211		70.01555		76.7269		63.30419
212		70.3289		77.08858		63.56922
213		70.64234		77.40551		63.87917
214		70.96108		77.77043		64.15172
215		71.28163		78.099		64.46425
216		71.58125		78.43121		64.73129
217		71.90986		78.7775		65.04221
218		72.21939		79.13177		65.30701
219		72.50569		79.46802		65.54336
220		72.85246		79.81947		65.88545
221		73.15026		80.1558		66.14473
222		73.47198		80.50011		66.44385
223		73.78494		80.87187		66.69801
224		74.09775		81.18913		67.00636
225		74.40792		81.55548		67.26036
226		74.72319		81.87158		67.57481
227		75.04307		82.24024		67.84589
228		75.36656		82.57812		68.15501
229		75.65992		82.92574		68.3941
230		76.00432		83.28324		68.7254
231		76.29504		83.59624		68.99385
232		76.60312		83.95836		69.24788
233		76.91109		84.26566		69.55652
234		77.23738		84.6563		69.81846
235		77.56576		84.97855		70.15296
236		77.86547		85.32672		70.40423
237		78.19977		85.67903		70.7205
238		78.47863		85.99693		70.96033
239		78.8243		86.3582		71.29039
240		79.10497		86.67126		71.53869
241		79.44207		87.03632		71.84783
242		79.77892		87.34217		72.21567
243		80.10091		87.68786		72.51396
244		80.42994		88.01401		72.84587
245		80.77886		88.34918		73.20855
246		81.10959		88.65502		73.56416
247		81.45264		88.97669		73.92859
248		81.76214		89.28214		74.24214
249		82.09419		89.64049		74.54789
250		82.40698		89.95792		74.85604
