step	mediator-max-opt_cum_inst_loss_mean	mediator-max-opt_cum_inst_loss_std_up	mediator-max-opt_cum_inst_loss_std_down
1		20.36287		94.95559		-54.22984
2		5.00825		157.2797		-147.26321
3		1.75872		203.48372		-199.96627
4		-9.04083		241.62628		-259.70793
5		-29.63252		272.67925		-331.94428
6		-60.53172		296.22217		-417.28562
7		-83.83346		325.94626		-493.61318
8		-115.7406		352.18048		-583.66168
9		-158.5508		372.73993		-689.84154
10		-194.39043		426.02536		-814.80623
11		-221.04787		463.26874		-905.36448
12		-256.48732		494.23384		-1007.20848
13		-284.56826		540.40313		-1109.53966
14		-321.50615		583.2014		-1226.21369
15		-351.16438		607.08145		-1309.41022
16		-389.76258		623.88292		-1403.40807
17		-439.616		634.45476		-1513.68675
18		-482.86954		628.15313		-1593.8922
19		-517.33108		625.5274		-1660.18957
20		-560.9854		616.4594		-1738.43019
21		-597.71356		609.62657		-1805.05368
22		-643.75377		596.27055		-1883.7781
23		-701.44091		575.09227		-1977.97408
24		-771.38795		545.71302		-2088.48892
25		-835.79267		521.88447		-2193.4698
26		-892.51862		503.97269		-2289.00992
27		-941.16165		474.6862		-2357.00949
28		-999.74383		437.77496		-2437.26263
29		-1052.18555		407.43798		-2511.80908
30		-1114.76635		369.67034		-2599.20304
31		-1171.41713		374.90326		-2717.73752
32		-1238.42853		378.56161		-2855.41868
33		-1318.19059		375.28264		-3011.66382
34		-1356.03193		436.71558		-3148.77945
35		-1381.10693		498.94996		-3261.16382
36		-1396.43317		563.74222		-3356.60856
37		-1419.94506		624.33013		-3464.22024
38		-1435.47066		687.76598		-3558.70731
39		-1403.84993		777.75985		-3585.45972
40		-1374.25446		866.8183		-3615.32721
41		-1352.32506		951.85567		-3656.5058
42		-1338.46524		1032.67035		-3709.60083
43		-1333.09969		1109.04892		-3775.24831
44		-1336.6755		1180.76547		-3854.11646
45		-1349.66324		1247.5809		-3946.90738
46		-1372.5583		1309.24219		-4054.35879
47		-1368.98712		1379.53159		-4117.50584
48		-1370.76224		1447.99611		-4189.52059
49		-1381.85453		1513.27936		-4276.98842
50		-1402.75436		1575.26912		-4380.77785
51		-1433.97794		1633.83714		-4501.79301
52		-1457.62111		1704.72452		-4619.96674
53		-1471.44017		1775.39948		-4718.27982
54		-1493.36554		1841.5915		-4828.32258
55		-1507.22114		1903.76089		-4918.20316
56		-1529.18497		1960.31936		-5018.6893
57		-1543.08105		2020.46863		-5106.63073
58		-1565.08749		2076.71265		-5206.88764
59		-1579.02843		2142.84003		-5300.8969
60		-1582.63461		2205.63472		-5370.90394
61		-1575.36209		2275.13484		-5425.85903
62		-1556.63832		2341.95895		-5455.23559
63		-1525.86059		2419.68484		-5471.40602
64		-1482.39449		2505.60334		-5470.39232
65		-1444.01969		2588.8695		-5476.90888
66		-1412.84891		2668.38351		-5494.08133
67		-1389.26131		2744.02317		-5522.54579
68		-1373.656		2815.66218		-5562.97418
69		-1366.4531		2883.16967		-5616.07587
70		-1368.09485		2946.40946		-5682.59916
71		-1360.59926		3012.91952		-5734.11804
72		-1360.08816		3075.5899		-5795.76622
73		-1368.7739		3133.49751		-5871.04532
74		-1368.69305		3194.26957		-5931.65567
75		-1375.98694		3251.32894		-6003.30281
76		-1392.88845		3303.80574		-6089.58265
77		-1419.90327		3351.55644		-6191.36298
78		-1439.11617		3390.50009		-6268.73244
79		-1466.71928		3423.12882		-6356.56738
80		-1486.55143		3463.16404		-6436.26691
81		-1496.35889		3493.96641		-6486.6842
82		-1514.06153		3517.39668		-6545.51974
83		-1541.91963		3533.55884		-6617.39811
84		-1525.12523		3601.02141		-6651.27187
85		-1511.1364		3669.09131		-6691.36412
86		-1505.63507		3731.91828		-6743.18842
87		-1509.06794		3789.25504		-6807.39092
88		-1521.90522		3840.84267		-6884.65312
89		-1544.6419		3886.4099		-6975.6937
90		-1577.79899		3925.67244		-7081.27043
91		-1603.47745		3953.80054		-7160.75544
92		-1619.43891		3988.89689		-7227.77471
93		-1625.17196		4045.68282		-7296.02673
94		-1620.13825		4106.44431		-7346.72081
95		-1622.2186		4162.98117		-7407.41837
96		-1615.1847		4219.62577		-7449.99517
97		-1615.1596		4271.41644		-7501.73563
98		-1605.90942		4313.15667		-7524.97552
99		-1566.65642		4400.99384		-7534.30667
100		-1530.87171		4489.81219		-7551.55561
101		-1483.97985		4589.49096		-7557.45067
102		-1423.55151		4682.56466		-7529.66768
103		-1367.32172		4771.26545		-7505.90889
104		-1317.35622		4855.85258		-7490.56502
105		-1273.9847		4936.14907		-7484.11846
106		-1219.10672		5015.57347		-7453.7869
107		-1168.71942		5090.55615		-7427.99498
108		-1124.9039		5160.51001		-7410.31781
109		-1088.00605		5225.1938		-7401.20589
110		-1058.38994		5284.35554		-7401.13543
111		-1036.43884		5337.73214		-7410.60983
112		-1022.55617		5385.04891		-7430.16125
113		-980.27159		5437.4017		-7397.94488
114		-941.29576		5485.11133		-7367.70285
115		-909.49231		5526.87906		-7345.86368
116		-866.79125		5607.87451		-7341.45701
117		-810.77428		5691.21308		-7312.76163
118		-759.18803		5770.13454		-7288.5106
119		-714.11047		5844.1853		-7272.40623
120		-675.88415		5913.12761		-7264.8959
121		-644.86966		5976.71279		-7266.4521
122		-621.44657		6034.68072		-7277.57386
123		-606.01443		6086.75937		-7298.78824
124		-598.99382		6132.66428		-7330.65192
125		-600.82745		6172.098		-7373.75289
126		-611.98133		6204.7495		-7428.71215
127		-614.49851		6225.49422		-7454.49123
128		-624.52717		6238.12114		-7487.17548
129		-644.30739		6242.73381		-7531.34859
130		-674.35243		6238.96287		-7587.66773
131		-678.30755		6222.35727		-7578.97237
132		-688.00508		6195.69897		-7571.70914
133		-707.43676		6158.90466		-7573.77818
134		-718.66741		6131.19137		-7568.52618
135		-700.97316		6172.62906		-7574.57538
136		-687.88188		6215.70872		-7591.47249
137		-683.32534		6252.92395		-7619.57463
138		-669.30523		6282.29105		-7620.90151
139		-661.92621		6304.5054		-7628.35783
140		-644.93509		6316.29069		-7606.16086
141		-634.42868		6320.31226		-7589.16963
142		-632.59306		6316.61738		-7581.8035
143		-639.88456		6304.94329		-7584.71242
144		-638.33609		6325.70553		-7602.37771
145		-625.63762		6339.65298		-7590.92823
146		-619.64981		6345.35851		-7584.65814
147		-622.5706		6342.82418		-7587.96537
148		-634.86885		6331.69001		-7601.42771
149		-638.59064		6306.60115		-7583.78243
150		-631.43982		6310.71895		-7573.59859
151		-631.29163		6310.02305		-7572.60632
152		-603.46441		6334.8818		-7541.81063
153		-579.70685		6355.45407		-7514.86778
154		-563.92264		6368.06979		-7495.91506
155		-556.53142		6372.33037		-7485.3932
156		-539.52744		6390.29357		-7469.34845
157		-510.56003		6437.37405		-7458.49411
158		-487.44701		6481.26159		-7456.15561
159		-472.34126		6518.30004		-7462.98256
160		-428.76923		6570.7895		-7428.32796
161		-369.9907		6613.96245		-7353.94386
162		-315.49756		6650.03663		-7281.03176
163		-267.36011		6679.25147		-7213.97169
164		-225.91285		6701.3005		-7153.12619
165		-191.50789		6715.86763		-7098.88342
166		-164.5159		6722.62746		-7051.65926
167		-126.87953		6754.81325		-7008.5723
168		-94.64129		6783.39176		-6972.67434
169		-51.48256		6798.31658		-6901.28169
170		-13.43131		6804.70086		-6831.56348
171		17.39889		6802.8117		-6768.01392
172		40.62799		6792.28993		-6711.03395
173		55.85593		6772.76733		-6661.05547
174		62.66159		6743.86751		-6618.54433
175		79.04919		6698.81923		-6540.72085
176		107.36779		6680.89263		-6466.15704
177		148.24534		6656.1257		-6359.63502
178		183.89534		6621.38987		-6253.59919
179		230.6454		6609.31196		-6148.02116
180		272.47699		6591.36843		-6046.41444
181		325.734		6601.29353		-5949.82553
182		374.415		6606.71772		-5857.88771
183		434.88191		6640.91531		-5771.15149
184		491.15229		6671.94011		-5689.63552
185		541.16053		6695.96791		-5613.64685
186		584.57704		6712.70297		-5543.5489
187		621.05488		6721.84316		-5479.73341
188		650.22886		6723.08075		-5422.62304
189		690.16206		6712.58456		-5332.26045
190		724.81801		6692.69895		-5243.06294
191		752.07421		6663.36779		-5159.21937
192		771.54121		6624.20957		-5081.12715
193		782.80904		6574.84034		-5009.22225
194		785.44617		6514.87644		-4943.9841
195		778.99835		6443.938		-4885.94129
196		781.43492		6389.4455		-4826.57565
197		795.06823		6364.97776		-4774.84131
198		802.04007		6334.96538		-4730.88523
199		800.15512		6295.42013		-4695.10989
200		807.3947		6285.41184		-4670.62244
201		826.0838		6297.16332		-4644.99572
202		856.82504		6299.90008		-4586.25001
203		881.80523		6294.61937		-4531.0089
204		917.32392		6305.34321		-4470.69536
205		947.33302		6310.67173		-4416.00568
206		969.6978		6307.99776		-4368.60215
207		984.01593		6297.01649		-4328.98463
208		989.86391		6277.42173		-4297.69391
209		986.79592		6248.90757		-4275.31573
210		992.79021		6232.93901		-4247.35859
211		991.72099		6210.06763		-4226.62565
212		999.81924		6199.5014		-4199.86292
213		1000.96472		6182.41591		-4180.48648
214		992.94674		6156.42774		-4170.53425
215		1012.178		6148.03267		-4123.67668
216		1045.33467		6155.59753		-4064.92819
217		1072.85743		6157.73927		-4012.02441
218		1092.60501		6152.12527		-3966.91524
219		1104.1682		6138.51645		-3930.18004
220		1107.11623		6116.68214		-3902.44968
221		1119.44317		6113.38751		-3874.50117
222		1125.03989		6104.48112		-3854.40133
223		1121.70744		6087.04454		-3843.62966
224		1108.97585		6060.76536		-3842.81367
225		1104.79792		6051.03282		-3841.43699
226		1093.0211		6035.11983		-3849.07762
227		1071.40071		6010.20918		-3867.40776
228		1039.41865		5975.94456		-3897.10725
229		1014.97708		5957.30775		-3927.35359
230		1000.3176		5926.35288		-3925.71768
231		977.50757		5884.6345		-3929.61936
232		944.27327		5832.23192		-3943.68538
233		918.51354		5795.38454		-3958.35745
234		884.01905		5751.76115		-3983.72306
235		838.4853		5698.56882		-4021.59821
236		781.3313		5635.52483		-4072.86223
237		748.84043		5596.58593		-4098.90507
238		709.10526		5550.9427		-4132.73218
239		676.50252		5486.2365		-4133.23147
240		634.80484		5409.09527		-4139.48558
241		618.58378		5386.52723		-4149.35966
242		595.97474		5360.68031		-4168.73083
243		581.39949		5349.77782		-4186.97884
244		577.12562		5335.5365		-4181.28526
245		565.24781		5312.54484		-4182.04921
246		561.96868		5270.78747		-4146.85012
247		551.13856		5217.41561		-4115.13848
248		548.97009		5192.3014		-4094.36121
249		539.37509		5160.87162		-4082.12144
250		539.37509		5160.87162		-4082.12144
