step	mediator-max-opt_inst_loss_mean	mediator-max-opt_inst_loss_std_up	mediator-max-opt_inst_loss_std_down
1		32.42468		102.99863		-38.14928
2		-11.10548		52.14553		-74.3565
3		-19.06898		45.4536		-83.59156
4		-29.29635		38.62216		-97.21486
5		-40.06201		31.43116		-111.55518
6		-32.94679		30.59383		-96.48742
7		-23.61234		58.26179		-105.48647
8		-13.7866		58.2212		-85.7944
9		-21.89121		53.10721		-96.88963
10		-13.81964		66.60585		-94.24512
11		-21.92598		63.79899		-107.65095
12		-13.85623		52.02337		-79.73584
13		-21.96451		45.60495		-89.53396
14		-32.34428		38.78146		-103.47002
15		-24.82286		41.66669		-91.31241
16		-33.50832		36.71042		-103.72707
17		-44.49566		29.41881		-118.41014
18		-19.16631		51.99793		-90.33055
19		-25.70931		50.07123		-101.48984
20		-36.28617		43.48281		-116.05516
21		-10.52474		56.76382		-77.8133
22		-16.61292		54.00361		-87.22945
23		-26.71103		47.62216		-101.04422
24		-37.34062		40.90485		-115.58608
25		-11.63468		60.00303		-83.27239
26		-17.78128		58.03337		-93.59592
27		-9.49339		40.42028		-59.40706
28		-17.37204		32.72062		-67.46469
29		-9.06261		31.43596		-49.56119
30		-16.91859		26.14185		-59.97902
31		-27.03278		18.29399		-72.35955
32		-19.23182		63.51607		-101.9797
33		-9.17552		78.80608		-97.15712
34		1.41005		83.41217		-80.59208
35		-5.89474		80.13743		-91.9269
36		-15.42873		75.13145		-105.98891
37		-25.46451		69.86199		-120.79101
38		-17.581		65.3701		-100.53211
39		-7.43783		68.58305		-83.45871
40		3.2392		75.51812		-69.03972
41		-3.96931		72.34156		-80.28018
42		5.04552		81.74097		-71.64993
43		-2.06792		79.26188		-83.39772
44		-11.4005		74.20981		-97.01082
45		-21.22427		68.89185		-111.34039
46		-13.11759		61.80339		-88.03858
47		-2.7395		76.57721		-82.05621
48		8.18481		84.19164		-67.82203
49		19.68408		74.15536		-34.7872
50		31.78858		94.44071		-30.86356
51		62.97764		96.69568		29.25961
52		60.75801		94.38935		27.12667
53		54.73205		90.13347		19.33064
54		48.38894		85.65359		11.1243
55		41.71199		80.93793		2.48604
56		53.1311		83.71794		22.54426
57		48.54848		81.90328		15.19368
58		41.87992		76.99023		6.7696
59		34.86038		71.81861		-2.09785
60		27.47139		66.37479		-11.43201
61		19.69351		60.64445		-21.25744
62		11.50626		54.61252		-31.59999
63		2.88811		48.26312		-42.4869
64		12.26386		49.75102		-25.2233
65		23.97782		32.91723		15.03842
66		17.86082		26.97915		8.74249
67		9.57712		19.17536		-0.02112
68		0.85743		10.96084		-9.24598
69		-8.32118		2.31398		-18.95635
70		-17.98289		-6.78797		-29.1778
71		-28.1531		-16.36898		-39.93722
72		-38.85858		-26.45425		-51.26292
73		-31.68003		3.8164		-67.17646
74		-40.72639		0.11113		-81.56392
75		-52.09363		-9.10676		-95.0805
76		-45.61166		13.10173		-104.32505
77		-55.39127		8.82653		-119.60906
78		-67.53034		0.06734		-135.12802
79		-80.30831		-9.15286		-151.46377
80		-75.31132		-11.95563		-138.66702
81		-86.65407		-20.04724		-153.2609
82		-63.54358		33.63239		-160.71955
83		-53.97474		35.37083		-143.3203
84		-64.19451		28.89605		-157.28507
85		-21.45445		72.01351		-114.9224
86		-7.82564		75.82612		-91.47739
87		-15.61651		71.63571		-102.86872
88		-7.21468		53.85826		-68.28763
89		-14.9734		46.62565		-76.57245
90		-6.53773		39.79409		-52.86955
91		4.18667		73.54072		-65.16737
92		-2.97197		72.84852		-78.79247
93		-12.35214		67.45891		-92.16318
94		-3.7785		57.88212		-65.43912
95		7.09112		62.97325		-48.79101
96		0.08534		59.43101		-59.26033
97		9.31358		68.16105		-49.53389
98		20.87226		61.45108		-19.70656
99		51.48678		87.07385		15.89971
100		48.66237		88.52266		8.80207
101		41.9998		83.958		0.04159
102		34.98657		79.1531		-9.17996
103		46.05171		109.91517		-17.81175
104		41.09649		110.93819		-28.7452
105		34.03572		107.55329		-39.48185
106		45.05082		102.66469		-12.56305
107		58.49041		129.56111		-12.58029
108		54.18985		131.07433		-22.69462
109		47.81821		128.74923		-33.11282
110		41.11121		126.30177		-44.07934
111		89.39368		142.33832		36.44904
112		90.40911		143.22875		37.58947
113		85.94374		141.54336		30.34412
114		81.24335		139.76927		22.71744
115		94.74306		127.97429		61.51184
116		92.35055		125.47536		59.22573
117		87.98736		122.85558		53.11913
118		83.39453		120.09792		46.69113
119		78.55997		117.19512		39.92482
120		73.47096		114.13954		32.80238
121		68.11411		110.92314		25.30507
122		62.47531		107.53745		17.41318
123		56.53974		103.97357		9.10592
124		68.73926		115.15836		22.32017
125		64.97813		115.0661		14.89015
126		59.17428		111.89846		6.4501
127		71.51246		91.98005		51.04488
128		67.89728		86.36213		49.43243
129		62.24708		81.68376		42.8104
130		56.2995		76.75916		35.83983
131		50.03888		71.57537		28.50239
132		43.44876		66.11875		20.77878
133		36.5118		60.37494		12.64865
134		29.20973		54.32883		4.09063
135		21.52334		47.96449		-4.91782
136		13.4324		41.2652		-14.4004
137		4.91562		34.2133		-24.38206
138		-4.04941		26.79026		-34.88907
139		-13.48628		18.97653		-45.94908
140		-4.97234		43.30451		-53.24919
141		-12.61303		40.8824		-66.10846
142		-22.50062		33.81036		-78.8116
143		-14.46112		26.02882		-54.95106
144		-22.60123		19.54352		-64.74598
145		3.88047		45.66295		-37.90202
146		16.99794		57.52073		-23.52484
147		10.51358		54.36926		-33.3421
148		20.29067		46.09364		-5.5123
149		13.9796		41.1895		-13.23029
150		5.49163		34.13362		-23.15037
151		15.0044		31.31814		-1.30933
152		8.41511		28.01414		-11.18391
153		36.52925		73.26371		-0.20522
154		51.36508		103.89678		-1.16661
155		46.68951		104.24547		-10.86645
156		39.92311		100.50833		-20.66211
157		32.80058		96.5745		-30.97333
158		25.30318		92.43362		-41.82725
159		17.41119		88.0748		-53.25243
160		9.10382		83.48658		-65.27894
161		0.35922		78.65686		-77.93841
162		-8.84561		73.57295		-91.26418
163		-18.53492		68.22147		-105.2913
164		-28.73418		62.58833		-120.05669
165		-2.57527		82.08796		-87.23851
166		-8.24506		80.97029		-97.46042
167		0.54473		73.87362		-72.78416
168		-6.80559		69.04034		-82.65153
169		-16.38753		63.4503		-96.22536
170		-26.47377		57.56605		-110.51359
171		-18.64339		79.3807		-116.66747
172		-27.00361		77.83613		-131.84335
173		-19.20111		65.60025		-104.00247
174		-27.59069		59.58766		-114.76904
175		-38.26658		53.50011		-130.03326
176		-12.60937		88.27422		-113.49296
177		-18.80727		88.90287		-126.51741
178		-10.57338		96.47507		-117.62184
179		-0.06138		83.39114		-83.51391
180		11.00388		104.36203		-82.35428
181		4.20403		104.03648		-95.62841
182		-4.79844		100.28834		-109.88523
183		-14.27474		96.34293		-124.89241
184		-24.24979		92.18987		-140.68944
185		-16.30235		82.75289		-115.35758
186		-24.53936		77.83412		-126.91284
187		1.84033		92.02225		-88.34159
188		14.85043		81.81446		-52.1136
189		8.25304		76.53742		-60.03135
190		17.91115		76.65973		-40.83743
191		11.47485		73.12406		-50.17436
192		21.30253		78.60078		-35.99572
193		15.04472		75.84747		-45.75803
194		25.06029		67.57225		-17.45166
195		19.00026		62.80041		-24.79989
196		10.77653		56.88195		-35.32889
197		20.56746		76.24369		-35.10877
198		14.27096		74.85146		-46.30953
199		5.79832		69.56726		-57.97062
200		-3.12025		64.00495		-70.24545
201		5.93927		60.90893		-49.03038
202		-1.12713		56.29708		-58.55134
203		-10.4102		50.03634		-70.85674
204		-1.73436		46.79958		-50.26829
205		9.24285		43.36501		-24.87931
206		2.35033		38.36521		-33.66456
207		11.69777		55.14186		-31.74631
208		4.93445		52.84664		-42.97775
209		-4.02959		46.4043		-54.46348
210		-13.46542		39.62289		-66.55372
211		-4.95038		56.97707		-66.87783
212		5.85757		41.73243		-30.0173
213		-1.21313		34.09575		-36.52201
214		-10.50073		26.66651		-47.66797
215		-20.27714		18.84627		-59.40055
216		-30.5681		10.61444		-71.75064
217		-41.4007		1.94935		-84.75074
218		-34.35594		12.89003		-81.6019
219		-25.09565		44.63986		-94.83116
220		-33.79547		42.22219		-109.81312
221		-44.79792		35.22066		-124.81651
222		-37.93196		39.65598		-115.5199
223		-47.30738		34.63161		-129.24637
224		-40.5735		56.47917		-137.62616
225		-50.08794		53.8453		-154.02118
226		-43.5004		70.09689		-157.09769
227		-34.7214		52.42285		-121.86565
228		-43.92784		44.60939		-132.46507
229		-37.01609		27.25105		-101.28323
230		-46.3433		18.87827		-111.56487
231		-21.11119		56.0469		-98.26927
232		-9.30906		51.48003		-70.09815
233		-17.178		45.3322		-79.68821
234		-8.85837		53.31668		-71.03341
235		-16.70359		49.56427		-82.97146
236		-26.80647		42.94918		-96.56212
237		-18.99359		40.47938		-78.46657
238		-8.92476		42.35913		-60.20866
239		1.674		42.28632		-38.93831
240		12.8306		60.81865		-35.15745
241		6.1269		58.62784		-46.37404
242		-2.77437		52.48977		-58.03852
243		6.30335		64.93797		-52.33127
244		-0.74389		62.28006		-63.76784
245		-10.00678		56.33422		-76.34778
246		-19.75727		50.07536		-89.5899
247		-30.02012		43.48792		-103.52815
248		-3.90517		35.30537		-43.1157
249		-9.595		28.785		-47.975
250		0.0		0.0		0.0
