step	mediator-max-opt_inst_loss_mean	mediator-max-opt_inst_loss_std_up	mediator-max-opt_inst_loss_std_down
1		69.47339		115.26859		23.67818
2		17.54376		70.7812		-35.69368
3		-1.98743		66.17715		-70.15201
4		8.13524		72.42233		-56.15185
5		15.38159		90.51241		-59.74922
6		9.37297		87.87268		-69.12674
7		3.0481		70.16585		-64.06965
8		-3.60966		83.50971		-90.72903
9		-27.66328		55.04855		-110.3751
10		-32.52833		49.20802		-114.26467
11		-44.46762		41.16502		-130.10025
12		-67.26256		9.85957		-144.3847
13		-60.57543		20.19357		-141.34443
14		-56.94543		28.46534		-142.35619
15		-49.71528		39.77957		-139.21013
16		-45.51369		49.08328		-140.11066
17		-54.72733		18.08441		-127.53907
18		-64.4259		9.09427		-137.94606
19		-57.58946		14.60157		-129.78049
20		-53.80231		27.37303		-134.97764
21		-46.40673		33.84216		-126.65563
22		-42.03101		47.6278		-131.68982
23		-34.0159		55.16287		-123.19466
24		-28.98803		70.07195		-128.048
25		-20.28644		78.78826		-119.36113
26		-14.53596		94.94188		-124.01381
27		-5.07374		104.96717		-115.11465
28		-15.56805		77.37719		-108.5133
29		-36.84197		32.10645		-105.79039
30		-28.55375		49.70523		-106.81272
31		-23.2384		53.44493		-99.92172
32		-31.27965		56.38098		-118.94028
33		-22.69868		63.7016		-109.09895
34		-51.16607		21.37107		-123.70321
35		-36.81357		39.54132		-113.16845
36		-38.75112		41.62244		-119.12469
37		-40.79066		39.58125		-121.16256
38		-39.52844		44.7704		-123.82728
39		-27.97252		61.05255		-116.9976
40		-43.08112		56.60769		-142.76994
41		-28.3031		76.6325		-133.23869
42		-29.79273		80.66579		-140.25126
43		-14.31532		101.95681		-130.58745
44		-15.06875		107.32296		-137.46047
45		-15.86185		83.57399		-115.29768
46		-30.33304		53.49509		-114.16118
47		-14.88407		73.35607		-103.1242
48		-15.66744		77.21692		-108.55179
49		0.55341		98.32642		-97.21959
50		0.58254		103.50149		-102.33641
51		17.65866		125.9944		-90.67708
52		18.58806		132.62568		-95.44956
53		36.61183		156.65143		-83.42777
54		38.53877		164.89625		-87.8187
55		40.56713		166.01818		-84.88393
56		29.06588		161.41368		-103.28192
57		30.59566		142.12361		-80.93229
58		18.56959		116.73001		-79.59083
59		19.54694		114.09089		-74.99701
60		6.93936		107.75229		-93.87356
61		7.30459		86.85866		-72.24947
62		11.09814		99.71407		-77.5178
63		25.31861		113.71696		-63.07974
64		13.01481		89.59019		-63.56058
65		-3.34566		89.04771		-95.73903
66		-13.74902		95.00332		-122.50136
67		-17.88174		80.6812		-116.44468
68		-12.0047		93.82811		-117.83752
69		-19.45471		66.84196		-105.75139
70		-10.25137		88.15027		-108.65301
71		-3.97274		92.04147		-99.98694
72		-11.00001		82.93618		-104.9362
73		-1.35168		92.08694		-94.79031
74		5.39536		109.1832		-98.39249
75		15.90659		119.71536		-87.90217
76		6.51651		99.35452		-86.32149
77		-13.59506		89.59805		-116.78817
78		-21.12877		80.85633		-123.11387
79		-29.05899		59.79471		-117.91269
80		-20.36114		75.37188		-116.09417
81		-14.6146		83.93687		-113.16607
82		-39.24742		33.98369		-112.47854
83		-27.67672		54.69443		-110.04786
84		-25.72429		55.69042		-107.139
85		-30.48729		54.09126		-115.06585
86		-25.27371		58.85981		-109.40723
87		-33.42208		45.33964		-112.18381
88		-24.95387		55.46138		-105.36911
89		-36.4945		31.40125		-104.39026
90		-24.7789		48.59403		-98.15183
91		-22.67396		52.64201		-97.98994
92		-27.27642		46.9541		-101.50695
93		-21.89384		54.98079		-98.76847
94		-29.86433		44.82902		-104.55768
95		-21.20886		57.60575		-100.02348
96		-15.50694		67.24362		-98.2575
97		-6.09582		81.20122		-93.39287
98		-16.64393		51.22873		-84.51659
99		-3.88356		73.83589		-81.60301
100		-0.67887		74.85406		-76.21179
101		-38.2146		34.19707		-110.62626
102		-26.58953		45.25078		-98.42983
103		-24.57988		55.41502		-104.57479
104		-29.28265		41.69011		-100.25541
105		-24.00566		56.72486		-104.73618
106		-32.0873		51.80949		-115.98409
107		-23.54883		69.54674		-116.64441
108		-17.97006		75.22889		-111.16901
109		-42.77949		28.78854		-114.34753
110		-48.44014		0.87272		-97.75299
111		-44.17144		11.31866		-99.66153
112		-36.26898		18.5325		-91.07046
113		-31.35969		29.91088		-92.63025
114		-22.78292		38.10303		-83.66888
115		-17.16384		50.51397		-84.84166
116		-7.83993		59.79042		-75.47028
117		-18.47983		36.53105		-73.49071
118		-39.907		10.85782		-90.67182
119		-31.7801		21.5729		-85.13309
120		-43.68		-7.80842		-79.55159
121		-32.34259		11.35514		-76.04032
122		-30.63574		9.41633		-70.68781
123		-18.61178		29.48774		-66.71131
124		-16.18226		28.50276		-60.86728
125		-20.44305		31.17062		-72.05672
126		-14.70082		32.78444		-62.18608
127		-22.29273		28.67015		-73.2556
128		-13.23875		34.07574		-60.55325
129		-24.1628		7.29931		-55.62491
130		-11.79817		18.90339		-42.49972
131		-9.01003		25.69304		-43.7131
132		4.15212		38.26457		-29.96033
133		7.77974		46.07676		-30.51728
134		-12.26534		28.03557		-52.56625
135		-2.68361		40.41513		-45.78235
136		3.99333		48.64288		-40.65623
137		14.43077		62.10966		-33.24811
138		22.00847		71.48058		-27.46364
139		33.39408		86.15166		-19.3635
140		41.96985		96.78923		-12.84953
141		54.40606		112.79439		-3.98227
142		47.04226		129.58002		-35.49549
143		46.10908		135.36567		-43.1475
144		55.35406		150.39963		-39.69151
145		51.44925		129.86651		-26.96801
146		47.33892		149.80329		-55.12545
147		60.05771		160.13667		-40.02124
148		52.99137		147.27053		-41.28778
149		69.41676		164.17302		-25.33951
150		76.47936		180.70109		-27.74236
151		94.14096		199.36313		-11.08122
152		102.50483		217.7439		-12.73423
153		104.49073		209.99176		-1.0103
154		82.71752		169.42449		-3.98945
155		52.98016		134.27693		-28.3166
156		48.95041		136.69432		-38.79349
157		61.75402		153.36818		-29.86014
158		71.82241		168.98749		-25.34266
159		68.78436		183.27184		-45.70312
160		82.63186		201.33666		-36.07293
161		76.75363		193.43127		-39.924
162		77.38421		172.39642		-17.628
163		71.22979		181.79173		-39.33215
164		88.61509		199.4321		-22.20192
165		79.64268		175.68437		-16.39901
166		49.74349		125.38471		-25.89773
167		45.54339		109.59115		-18.50438
168		58.16768		124.99157		-8.65621
169		51.00186		101.26348		0.74024
170		50.27708		121.40746		-20.8533
171		59.74142		127.38793		-7.90508
172		39.02207		115.34152		-37.29738
173		20.62132		112.83491		-71.59227
174		14.88847		82.24395		-52.46701
175		25.89935		102.12446		-50.32576
176		34.08065		108.97847		-40.81716
177		46.10164		130.2677		-38.06442
178		55.34623		138.60275		-27.91029
179		51.44101		117.49646		-14.61445
180		47.33025		123.46358		-28.80309
181		43.00313		126.52313		-40.51687
182		38.44827		100.48531		-23.58877
183		16.60823		49.41663		-16.20018
184		-2.9722		43.10084		-49.04525
185		7.09864		51.85296		-37.65568
186		14.29043		65.11503		-36.53416
187		25.26984		75.02505		-24.48538
188		16.37255		49.09804		-16.35293
189		30.87063		66.84939		-5.10813
190		18.85904		72.03623		-34.31816
191		2.80616		34.04968		-28.43735
192		9.77204		44.96403		-25.41996
193		3.46817		27.89897		-20.96262
194		-20.21293		20.3147		-60.74056
195		-7.64041		30.50045		-45.78126
196		-4.63344		40.01928		-49.28616
197		-25.33185		25.08534		-75.74903
198		-16.43782		38.20279		-71.07843
199		-10.48479		45.4301		-66.39969
200		-17.85481		15.6879		-51.39753
201		-8.56728		31.15045		-48.285
202		-2.2		35.16312		-39.56311
203		7.91147		51.65601		-35.83307
204		-1.89944		67.26547		-71.06434
205		-5.40849		59.85245		-70.66943
206		1.12507		71.49769		-69.24756
207		-5.63386		48.93915		-60.20688
208		4.29697		67.81343		-59.21949
209		11.34124		72.11536		-49.43288
210		5.11988		72.52093		-62.28117
211		15.61644		80.80704		-49.57415
212		6.21086		65.70563		-53.28391
213		-13.9162		38.70186		-66.53425
214		-21.46708		18.68208		-61.61623
215		-29.41475		13.98088		-72.81038
216		-20.73494		25.27434		-66.74421
217		-15.00867		33.05431		-63.07166
218		-5.57014		45.35458		-56.49485
219		0.95383		54.19221		-52.28454
220		-5.81552		48.39475		-60.0258
221		-29.9789		19.09166		-79.04946
222		-17.9156		36.27135		-72.10256
223		-32.48862		40.45311		-105.43035
224		-34.19855		29.50065		-97.89775
225		-32.5921		35.84819		-101.03239
226		-37.72013		32.71985		-108.16012
227		-32.89662		42.02171		-107.81496
228		-24.3822		53.68386		-102.44826
229		-35.86833		42.22312		-113.95977
230		-24.07694		58.89263		-107.0465
231		-38.92415		56.42321		-134.27151
232		-40.97279		28.38085		-110.32643
233		-56.66804		-5.0642		-108.27188
234		-59.65057		-20.30078		-99.00035
235		-59.42321		-16.92682		-101.91961
236		-48.69211		-5.07816		-92.30605
237		-47.91888		-0.97496		-94.86279
238		-36.41972		11.90703		-84.74647
239		-51.46655		3.77745		-106.71055
240		-54.17532		-16.2946		-92.05604
241		-53.83673		-11.93019		-95.74326
242		-41.88036		-0.06962		-83.69111
243		-41.05495		4.73915		-86.84904
244		-27.5823		18.43389		-73.59848
245		-40.04264		8.95635		-89.04162
246		-20.78277		30.79511		-72.36064
247		-21.8766		32.4159		-76.1691
248		-23.028		-14.934		-31.122
249		-22.8		-11.4		-34.2
250		0.0		0.0		0.0
