step	mediator-max-opt_reward_mean	mediator-max-opt_reward_std_up	mediator-max-opt_reward_std_down
1		-0.8		-0.4		-1.2
2		-1.8		-1.4		-2.2
3		-2.8		-2.4		-3.2
4		-3.8		-3.4		-4.2
5		-4.8		-4.4		-5.2
6		14.4		55.2		-26.4
7		33.6		83.32565		-16.12565
8		52.8		102.44434		3.15566
9		72.0		112.50185		31.49815
10		71.0		111.50185		30.49815
11		70.0		110.50185		29.49815
12		69.0		109.50185		28.49815
13		68.0		108.50185		27.49815
14		87.2		151.07926		23.32074
15		86.2		150.07926		22.32074
16		125.6		174.91775		76.28225
17		124.6		173.91775		75.28225
18		123.6		172.91775		74.28225
19		142.8		223.45085		62.14915
20		162.0		237.63597		86.36403
21		161.0		236.63597		85.36403
22		180.2		244.07926		116.32074
23		179.2		243.07926		115.32074
24		198.4		297.31936		99.48064
25		197.4		296.31936		98.48064
26		196.4		295.31936		97.48064
27		215.6		318.71857		112.48143
28		234.8		337.87939		131.72061
29		233.8		336.87939		130.72061
30		232.8		335.87939		129.72061
31		231.8		334.87939		128.72061
32		251.0		368.99153		133.00847
33		270.2		381.0231		159.3769
34		289.4		423.51279		155.28721
35		288.4		422.51279		154.28721
36		287.4		421.51279		153.28721
37		286.4		420.51279		152.28721
38		305.6		442.69209		168.50791
39		324.8		461.86261		187.73739
40		323.8		460.86261		186.73739
41		343.0		491.46683		194.53317
42		342.0		490.46683		193.53317
43		341.0		489.46683		192.53317
44		340.0		488.46683		191.53317
45		359.2		515.79808		202.60192
46		358.2		514.79808		201.60192
47		357.2		513.79808		200.60192
48		356.2		512.79808		199.60192
49		355.2		511.79808		198.60192
50		374.4		548.2604		200.5396
51		393.6		581.09997		206.10003
52		412.8		564.15045		261.44955
53		411.8		563.15045		260.44955
54		431.0		605.02299		256.97701
55		430.0		604.02299		255.97701
56		429.0		603.02299		254.97701
57		448.2		591.31869		305.08131
58		447.2		590.31869		304.08131
59		466.4		640.49262		292.30738
60		465.4		639.49262		291.30738
61		464.4		638.49262		290.30738
62		463.4		637.49262		289.30738
63		462.4		636.49262		288.30738
64		461.4		635.49262		287.30738
65		460.4		634.49262		286.30738
66		459.4		633.49262		285.30738
67		458.4		632.49262		284.30738
68		497.8		696.06588		299.53412
69		496.8		695.06588		298.53412
70		495.8		694.06588		297.53412
71		515.0		749.19479		280.80521
72		514.0		748.19479		279.80521
73		513.0		747.19479		278.80521
74		512.0		746.19479		277.80521
75		511.0		745.19479		276.80521
76		510.0		744.19479		275.80521
77		529.2		741.44081		316.95919
78		528.2		740.44081		315.95919
79		527.2		739.44081		314.95919
80		526.2		738.44081		313.95919
81		545.4		751.77306		339.02694
82		544.4		750.77306		338.02694
83		563.6		771.92148		355.27852
84		603.0		837.19479		368.80521
85		602.0		836.19479		367.80521
86		621.2		892.58416		349.81584
87		640.4		907.22024		373.57976
88		659.6		904.05826		415.14174
89		678.8		923.24173		434.35827
90		677.8		922.24173		433.35827
91		676.8		921.24173		432.35827
92		696.0		938.75008		453.24992
93		695.0		937.75008		452.24992
94		694.0		936.75008		451.24992
95		693.0		935.75008		450.24992
96		712.2		991.00057		433.39943
97		711.2		990.00057		432.39943
98		730.4		989.46107		471.33893
99		729.4		988.46107		470.33893
100		728.4		987.46107		469.33893
101		727.4		986.46107		468.33893
102		726.4		985.46107		467.33893
103		725.4		984.46107		466.33893
104		724.4		983.46107		465.33893
105		743.6		988.05826		499.14174
106		742.6		987.05826		498.14174
107		761.8		1006.24173		517.35827
108		781.0		1023.75008		538.24992
109		780.0		1022.75008		537.24992
110		779.0		1021.75008		536.24992
111		778.0		1020.75008		535.24992
112		797.2		1076.00057		518.39943
113		816.4		1083.22024		549.57976
114		815.4		1082.22024		548.57976
115		834.6		1079.05826		590.14174
116		833.6		1078.05826		589.14174
117		852.8		1135.98573		569.61427
118		872.0		1146.3895		597.6105
119		911.4		1178.22024		644.57976
120		910.4		1177.22024		643.57976
121		929.6		1233.64513		625.55487
122		928.6		1232.64513		624.55487
123		947.8		1251.83184		643.76816
124		946.8		1250.83184		642.76816
125		945.8		1249.83184		641.76816
126		944.8		1248.83184		640.76816
127		964.0		1266.67342		661.32658
128		983.2		1276.27091		690.12909
129		1002.4		1298.22873		706.57127
130		1001.4		1297.22873		705.57127
131		1000.4		1296.22873		704.57127
132		999.4		1295.22873		703.57127
133		998.4		1294.22873		702.57127
134		997.4		1293.22873		701.57127
135		1016.6		1306.84514		726.35486
136		1035.8		1296.40038		775.19962
137		1034.8		1295.40038		774.19962
138		1033.8		1294.40038		773.19962
139		1032.8		1293.40038		772.19962
140		1052.0		1318.77481		785.22519
141		1051.0		1317.77481		784.22519
142		1070.2		1333.88269		806.51731
143		1069.2		1332.88269		805.51731
144		1068.2		1331.88269		804.51731
145		1067.2		1330.88269		803.51731
146		1066.2		1329.88269		802.51731
147		1065.2		1328.88269		801.51731
148		1064.2		1327.88269		800.51731
149		1083.4		1379.22873		787.57127
150		1082.4		1378.22873		786.57127
151		1081.4		1377.22873		785.57127
152		1100.6		1397.79125		803.40875
153		1099.6		1396.79125		802.40875
154		1098.6		1395.79125		801.40875
155		1117.8		1421.76539		813.83461
156		1137.0		1446.27528		827.72472
157		1136.0		1445.27528		826.72472
158		1155.2		1474.84318		835.55682
159		1154.2		1473.84318		834.55682
160		1173.4		1462.17992		884.62008
161		1172.4		1461.17992		883.62008
162		1171.4		1460.17992		882.62008
163		1190.6		1466.3554		914.8446
164		1189.6		1465.3554		913.8446
165		1188.6		1464.3554		912.8446
166		1207.8		1452.15908		963.44092
167		1206.8		1451.15908		962.44092
168		1205.8		1450.15908		961.44092
169		1225.0		1499.31588		950.68412
170		1244.2		1530.15412		958.24588
171		1263.4		1537.68642		989.11358
172		1262.4		1536.68642		988.11358
173		1261.4		1535.68642		987.11358
174		1280.6		1570.77553		990.42447
175		1279.6		1569.77553		989.42447
176		1298.8		1588.96161		1008.63839
177		1297.8		1587.96161		1007.63839
178		1296.8		1586.96161		1006.63839
179		1295.8		1585.96161		1005.63839
180		1294.8		1584.96161		1004.63839
181		1314.0		1595.58338		1032.41662
182		1313.0		1594.58338		1031.41662
183		1332.2		1579.84361		1084.55639
184		1371.6		1647.3554		1095.8446
185		1370.6		1646.3554		1094.8446
186		1369.6		1645.3554		1093.8446
187		1368.6		1644.3554		1092.8446
188		1367.6		1643.3554		1091.8446
189		1366.6		1642.3554		1090.8446
190		1406.0		1664.93629		1147.06371
191		1405.0		1663.93629		1146.06371
192		1424.2		1671.84361		1176.55639
193		1443.4		1710.06878		1176.73122
194		1442.4		1709.06878		1175.73122
195		1441.4		1708.06878		1174.73122
196		1440.4		1707.06878		1173.73122
197		1459.6		1720.06082		1199.13918
198		1458.6		1719.06082		1198.13918
199		1457.6		1718.06082		1197.13918
200		1476.8		1759.77166		1193.82834
201		1475.8		1758.77166		1192.82834
202		1474.8		1757.77166		1191.82834
203		1473.8		1756.77166		1190.82834
204		1472.8		1755.77166		1189.82834
205		1471.8		1754.77166		1188.82834
206		1470.8		1753.77166		1187.82834
207		1469.8		1752.77166		1186.82834
208		1468.8		1751.77166		1185.82834
209		1467.8		1750.77166		1184.82834
210		1487.0		1737.85294		1236.14706
211		1506.2		1777.43525		1234.96475
212		1505.2		1776.43525		1233.96475
213		1524.4		1767.03355		1281.76645
214		1523.4		1766.03355		1280.76645
215		1522.4		1765.03355		1279.76645
216		1521.4		1764.03355		1278.76645
217		1540.6		1758.4023		1322.7977
218		1580.0		1814.10852		1345.89148
219		1579.0		1813.10852		1344.89148
220		1598.2		1819.75397		1376.64603
221		1597.2		1818.75397		1375.64603
222		1616.4		1832.33944		1400.46056
223		1615.4		1831.33944		1399.46056
224		1654.8		1890.5765		1419.0235
225		1674.0		1932.93629		1415.06371
226		1673.0		1931.93629		1414.06371
227		1672.0		1930.93629		1413.06371
228		1711.4		1962.30126		1460.49874
229		1710.4		1961.30126		1459.49874
230		1709.4		1960.30126		1458.49874
231		1728.6		2004.3554		1452.8446
232		1727.6		2003.3554		1451.8446
233		1746.8		2022.54075		1471.05925
234		1745.8		2021.54075		1470.05925
235		1765.0		2023.93629		1506.06371
236		1784.2		2070.15412		1498.24588
237		1803.4		2062.38309		1544.41691
238		1842.8		2146.76539		1538.83461
239		1841.8		2145.76539		1537.83461
240		1840.8		2144.76539		1536.83461
241		1839.8		2143.76539		1535.83461
242		1838.8		2142.76539		1534.83461
243		1837.8		2141.76539		1533.83461
244		1836.8		2140.76539		1532.83461
245		1835.8		2139.76539		1531.83461
246		1855.0		2143.80789		1566.19211
247		1854.0		2142.80789		1565.19211
248		1853.0		2141.80789		1564.19211
249		1872.2		2178.81207		1565.58793
250		1891.4		2226.05959		1556.74041
