step	mediator-max-opt_runtime_mean	mediator-max-opt_runtime_std_up	mediator-max-opt_runtime_std_down
1		0.0006		0.00108		0.00011
2		0.00999		0.01209		0.0079
3		0.01996		0.02454		0.01537
4		0.03037		0.0362		0.02453
5		0.03895		0.04499		0.03291
6		0.04832		0.0561		0.04054
7		0.0583		0.06759		0.04901
8		0.06737		0.07863		0.05611
9		0.07702		0.08994		0.06409
10		0.08898		0.10409		0.07386
11		0.09875		0.11605		0.08146
12		0.10831		0.12724		0.08938
13		0.11969		0.14095		0.09842
14		0.12887		0.15173		0.10601
15		0.14025		0.16598		0.11451
16		0.15202		0.18361		0.12043
17		0.16281		0.19962		0.12599
18		0.17331		0.21427		0.13234
19		0.18588		0.23273		0.13903
20		0.19684		0.24845		0.14523
21		0.20809		0.263		0.15319
22		0.21926		0.27846		0.16007
23		0.22913		0.28891		0.16935
24		0.24001		0.30316		0.17686
25		0.25058		0.31636		0.1848
26		0.26075		0.32951		0.192
27		0.27133		0.34167		0.20099
28		0.2809		0.35205		0.20975
29		0.29107		0.36451		0.21764
30		0.30245		0.38023		0.22467
31		0.31339		0.39515		0.23162
32		0.32297		0.40597		0.23997
33		0.33233		0.41524		0.24941
34		0.34172		0.42492		0.25853
35		0.35009		0.43407		0.2661
36		0.35947		0.44481		0.27413
37		0.36767		0.45287		0.28247
38		0.37604		0.46112		0.29096
39		0.38462		0.46992		0.29933
40		0.3936		0.47854		0.30866
41		0.40238		0.48685		0.31791
42		0.41125		0.49606		0.32645
43		0.42063		0.50535		0.33591
44		0.43018		0.51488		0.34548
45		0.43898		0.52339		0.35456
46		0.44894		0.5325		0.36538
47		0.45795		0.54121		0.37469
48		0.46653		0.54956		0.3835
49		0.47531		0.5587		0.39191
50		0.4837		0.56697		0.40042
51		0.49226		0.57591		0.40861
52		0.50165		0.58555		0.41774
53		0.51063		0.59457		0.4267
54		0.52022		0.60431		0.43612
55		0.52938		0.61301		0.44575
56		0.53875		0.62137		0.45614
57		0.54917		0.63165		0.46669
58		0.55874		0.64108		0.47641
59		0.56771		0.64978		0.48564
60		0.57708		0.65909		0.49508
61		0.58567		0.66776		0.50358
62		0.59437		0.67612		0.51261
63		0.60415		0.68582		0.52248
64		0.6187		0.70341		0.53398
65		0.62968		0.71613		0.54323
66		0.63965		0.72824		0.55106
67		0.65003		0.74062		0.55944
68		0.65902		0.7504		0.56763
69		0.66808		0.76035		0.57582
70		0.67645		0.76872		0.58418
71		0.68624		0.78078		0.59171
72		0.69461		0.78926		0.59996
73		0.70358		0.79849		0.60867
74		0.71256		0.80716		0.61795
75		0.72274		0.81624		0.62923
76		0.73359		0.82521		0.64198
77		0.74298		0.83422		0.65173
78		0.75254		0.84375		0.66133
79		0.76211		0.85312		0.6711
80		0.77089		0.86176		0.68002
81		0.78028		0.873		0.68756
82		0.78924		0.88229		0.6962
83		0.79921		0.89225		0.70618
84		0.8082		0.90203		0.71437
85		0.81697		0.91096		0.72299
86		0.82595		0.92109		0.73082
87		0.83516		0.9309		0.73941
88		0.84374		0.93949		0.74798
89		0.8533		0.95048		0.75612
90		0.86248		0.9611		0.76386
91		0.87166		0.97157		0.77176
92		0.88083		0.98185		0.77981
93		0.88961		0.99007		0.78915
94		0.89918		1.00044		0.79793
95		0.90835		1.01015		0.80656
96		0.91774		1.02164		0.81384
97		0.92671		1.03111		0.82231
98		0.9353		1.04		0.83059
99		0.94426		1.04866		0.83986
100		0.95284		1.05832		0.84737
101		0.96263		1.06944		0.85581
102		0.9714		1.07906		0.86374
103		0.97998		1.08796		0.872
104		0.98869		1.09679		0.88059
105		0.99729		1.10619		0.88839
106		1.00617		1.11483		0.89751
107		1.01563		1.1254		0.90586
108		1.02459		1.13533		0.91386
109		1.03258		1.14332		0.92185
110		1.04156		1.15278		0.93033
111		1.05074		1.16276		0.93872
112		1.0603		1.1734		0.9472
113		1.07188		1.18723		0.95652
114		1.08405		1.20045		0.96765
115		1.09502		1.21262		0.97741
116		1.10419		1.22211		0.98627
117		1.11377		1.23234		0.9952
118		1.12256		1.24191		1.00321
119		1.13118		1.25068		1.01169
120		1.13994		1.2607		1.01919
121		1.14834		1.26911		1.02756
122		1.1571		1.27806		1.03615
123		1.16729		1.28966		1.04493
124		1.17628		1.29957		1.05298
125		1.18535		1.30921		1.06148
126		1.19431		1.31864		1.06999
127		1.20271		1.32705		1.07837
128		1.21149		1.33582		1.08716
129		1.22027		1.34543		1.09512
130		1.22987		1.35549		1.10424
131		1.23855		1.36442		1.11268
132		1.24791		1.37383		1.122
133		1.2561		1.38213		1.13006
134		1.26624		1.3913		1.14117
135		1.27581		1.40044		1.15119
136		1.28501		1.41042		1.1596
137		1.29456		1.42187		1.16724
138		1.30433		1.4339		1.17476
139		1.3165		1.44851		1.1845
140		1.32609		1.46006		1.19212
141		1.33625		1.473		1.19951
142		1.34722		1.48773		1.20671
143		1.35759		1.49976		1.21542
144		1.36697		1.50914		1.2248
145		1.37701		1.51912		1.23489
146		1.38619		1.52816		1.24422
147		1.39595		1.54002		1.25189
148		1.40554		1.54954		1.26155
149		1.41499		1.5598		1.27018
150		1.42455		1.57006		1.27904
151		1.43485		1.58133		1.28836
152		1.44382		1.59034		1.2973
153		1.4545		1.6029		1.3061
154		1.46368		1.61261		1.31475
155		1.4725		1.62189		1.32311
156		1.48072		1.62995		1.33148
157		1.4897		1.6391		1.3403
158		1.50086		1.6523		1.34941
159		1.51067		1.66414		1.35721
160		1.52044		1.67488		1.366
161		1.5292		1.68428		1.37413
162		1.53837		1.69331		1.38344
163		1.54756		1.70281		1.3923
164		1.55673		1.7131		1.40035
165		1.56659		1.72292		1.41027
166		1.57915		1.73445		1.42386
167		1.59132		1.74711		1.43554
168		1.6015		1.75873		1.44427
169		1.61247		1.77068		1.45426
170		1.62324		1.78267		1.46381
171		1.63322		1.79411		1.47233
172		1.64319		1.80533		1.48105
173		1.65296		1.8162		1.48972
174		1.66354		1.82949		1.4976
175		1.67271		1.83915		1.50628
176		1.68209		1.84853		1.51565
177		1.69147		1.85869		1.52426
178		1.70069		1.86922		1.53216
179		1.71027		1.87976		1.54078
180		1.71904		1.88906		1.54902
181		1.72822		1.89846		1.55797
182		1.7368		1.90737		1.56623
183		1.74637		1.9177		1.57504
184		1.75599		1.9287		1.58327
185		1.76476		1.93803		1.5915
186		1.77435		1.94875		1.59996
187		1.78415		1.95918		1.60911
188		1.79376		1.96961		1.6179
189		1.80255		1.97933		1.62577
190		1.81132		1.98793		1.63471
191		1.82069		1.9985		1.64288
192		1.82958		2.00831		1.65084
193		1.83855		2.01764		1.65946
194		1.84792		2.02747		1.66838
195		1.85752		2.0379		1.67714
196		1.86589		2.0463		1.68548
197		1.87566		2.05666		1.69466
198		1.88444		2.06595		1.70292
199		1.89301		2.07441		1.71161
200		1.9018		2.08331		1.72029
201		1.91137		2.09273		1.73001
202		1.92174		2.10284		1.74064
203		1.93113		2.11315		1.7491
204		1.93993		2.12233		1.75752
205		1.9533		2.14161		1.76498
206		1.96247		2.15104		1.7739
207		1.97184		2.16129		1.78239
208		1.98073		2.1711		1.79036
209		1.99032		2.18223		1.7984
210		1.99948		2.19167		1.8073
211		2.00846		2.20146		1.81545
212		2.01832		2.21304		1.82361
213		2.02714		2.22197		1.83232
214		2.0367		2.2323		1.84111
215		2.04589		2.24218		1.84959
216		2.05468		2.25118		1.85818
217		2.06355		2.25951		1.86759
218		2.07273		2.26852		1.87695
219		2.0815		2.27744		1.88556
220		2.08969		2.28587		1.8935
221		2.09866		2.29452		1.9028
222		2.10685		2.30293		1.91077
223		2.11582		2.31191		1.91974
224		2.12381		2.31989		1.92772
225		2.13258		2.32849		1.93668
226		2.14176		2.33825		1.94527
227		2.15014		2.34675		1.95353
228		2.1587		2.35484		1.96257
229		2.16768		2.36314		1.97222
230		2.17646		2.3721		1.98083
231		2.18513		2.38023		1.99003
232		2.19351		2.38825		1.99876
233		2.20229		2.39725		2.00733
234		2.21146		2.4059		2.01702
235		2.22044		2.41569		2.0252
236		2.22902		2.42462		2.03342
237		2.2374		2.43347		2.04133
238		2.24659		2.44252		2.05067
239		2.25519		2.45146		2.05893
240		2.26416		2.46005		2.06827
241		2.2723		2.46911		2.07548
242		2.28208		2.47754		2.08661
243		2.29068		2.48685		2.09451
244		2.29906		2.49532		2.1028
245		2.30763		2.50341		2.11185
246		2.31622		2.51199		2.12045
247		2.32559		2.52185		2.12933
248		2.33457		2.53201		2.13713
249		2.34454		2.54281		2.14628
250		2.3534		2.55273		2.15408
