step	mediator-max-opt_runtime_mean	mediator-max-opt_runtime_std_up	mediator-max-opt_runtime_std_down
1		0.00019		0.00024		0.00014
2		0.01073		0.01189		0.00956
3		0.02108		0.02187		0.02028
4		0.03122		0.03232		0.03011
5		0.04137		0.0425		0.04024
6		0.05143		0.05236		0.0505
7		0.06138		0.06267		0.06009
8		0.07145		0.07274		0.07015
9		0.08155		0.08305		0.08006
10		0.09178		0.094		0.08956
11		0.10196		0.10416		0.09976
12		0.112		0.11429		0.1097
13		0.12191		0.12445		0.11936
14		0.13213		0.13492		0.12933
15		0.14294		0.1457		0.14019
16		0.15347		0.15672		0.15021
17		0.16417		0.16845		0.15989
18		0.17429		0.17862		0.16996
19		0.18418		0.18841		0.17996
20		0.19455		0.2001		0.189
21		0.20457		0.21001		0.19913
22		0.21458		0.22029		0.20887
23		0.22442		0.23033		0.21852
24		0.23418		0.24006		0.2283
25		0.2443		0.25027		0.23834
26		0.25512		0.26145		0.2488
27		0.26486		0.27129		0.25843
28		0.27474		0.28172		0.26777
29		0.28593		0.29395		0.27791
30		0.29631		0.30503		0.2876
31		0.30644		0.31612		0.29676
32		0.31747		0.32797		0.30698
33		0.32775		0.3382		0.31731
34		0.33767		0.34794		0.3274
35		0.3478		0.35824		0.33736
36		0.35879		0.36843		0.34915
37		0.36873		0.37828		0.35918
38		0.38007		0.38981		0.37032
39		0.39056		0.40021		0.38092
40		0.40053		0.41012		0.39095
41		0.41035		0.41973		0.40097
42		0.42023		0.4297		0.41075
43		0.43003		0.43949		0.42056
44		0.44016		0.44954		0.43078
45		0.45054		0.4601		0.44099
46		0.46044		0.46968		0.45119
47		0.47041		0.47962		0.46121
48		0.48052		0.4899		0.47113
49		0.49049		0.49957		0.48142
50		0.50079		0.50954		0.49204
51		0.51111		0.51979		0.50243
52		0.52085		0.52951		0.5122
53		0.53085		0.53917		0.52253
54		0.5417		0.5505		0.53291
55		0.55196		0.56046		0.54346
56		0.56161		0.56984		0.55338
57		0.57167		0.57997		0.56337
58		0.58139		0.5896		0.57319
59		0.59159		0.5999		0.58328
60		0.60158		0.6097		0.59346
61		0.61203		0.61966		0.60439
62		0.62265		0.63088		0.61442
63		0.6334		0.64268		0.62412
64		0.64447		0.65531		0.63363
65		0.65542		0.66822		0.64261
66		0.66597		0.67989		0.65206
67		0.67608		0.68986		0.66231
68		0.68615		0.69956		0.67275
69		0.69637		0.71012		0.68263
70		0.70656		0.72023		0.69289
71		0.71771		0.7312		0.70423
72		0.72843		0.74186		0.715
73		0.73889		0.75262		0.72515
74		0.74948		0.76237		0.73659
75		0.7604		0.77266		0.74813
76		0.7708		0.78322		0.75838
77		0.78121		0.79313		0.76929
78		0.79148		0.80303		0.77993
79		0.80183		0.81334		0.79032
80		0.8124		0.82315		0.80165
81		0.8225		0.83358		0.81142
82		0.83267		0.84351		0.82182
83		0.84301		0.85345		0.83256
84		0.85438		0.86561		0.84315
85		0.8643		0.87543		0.85317
86		0.87386		0.88485		0.86286
87		0.88479		0.8974		0.87218
88		0.89457		0.90706		0.88208
89		0.90429		0.91669		0.8919
90		0.91441		0.92709		0.90174
91		0.92401		0.93666		0.91136
92		0.93372		0.94645		0.92099
93		0.94418		0.95715		0.9312
94		0.95455		0.96759		0.94152
95		0.96457		0.97763		0.95151
96		0.97504		0.98834		0.96174
97		0.98477		0.9982		0.97134
98		0.99465		1.00787		0.98143
99		1.00492		1.018		0.99184
100		1.01484		1.02815		1.00154
101		1.02471		1.03778		1.01164
102		1.03472		1.04772		1.02172
103		1.04453		1.05747		1.03158
104		1.0552		1.06831		1.04208
105		1.0653		1.07813		1.05246
106		1.07572		1.08838		1.06306
107		1.08641		1.09874		1.07408
108		1.09706		1.1089		1.08523
109		1.10681		1.11869		1.09493
110		1.11745		1.12955		1.10536
111		1.12769		1.13982		1.11556
112		1.13741		1.14928		1.12553
113		1.14757		1.15926		1.13587
114		1.15759		1.16956		1.14562
115		1.16844		1.18175		1.15513
116		1.17846		1.19197		1.16495
117		1.18818		1.20173		1.17462
118		1.19836		1.21238		1.18435
119		1.20839		1.2224		1.19437
120		1.21827		1.23242		1.20411
121		1.22766		1.24196		1.21337
122		1.23837		1.25255		1.2242
123		1.24819		1.26234		1.23404
124		1.25823		1.27307		1.24339
125		1.26875		1.28412		1.25338
126		1.27907		1.29465		1.2635
127		1.28971		1.30554		1.27388
128		1.29976		1.31573		1.28379
129		1.31033		1.32656		1.2941
130		1.32024		1.33657		1.30391
131		1.33101		1.34802		1.31399
132		1.341		1.35856		1.32344
133		1.3519		1.36899		1.33481
134		1.36244		1.37946		1.34542
135		1.37318		1.39067		1.35569
136		1.38432		1.40159		1.36706
137		1.39441		1.41214		1.37667
138		1.40433		1.42208		1.38659
139		1.41492		1.43242		1.39742
140		1.42508		1.44284		1.40731
141		1.43499		1.45322		1.41677
142		1.44526		1.46351		1.427
143		1.45585		1.4744		1.4373
144		1.46627		1.4863		1.44625
145		1.47637		1.49654		1.4562
146		1.48667		1.50657		1.46676
147		1.49736		1.5172		1.47753
148		1.50814		1.52769		1.4886
149		1.51873		1.53856		1.4989
150		1.52901		1.54888		1.50914
151		1.53904		1.55929		1.51879
152		1.54904		1.56948		1.5286
153		1.55968		1.58005		1.53931
154		1.56977		1.59024		1.5493
155		1.58044		1.6006		1.56027
156		1.59065		1.61079		1.57051
157		1.60098		1.6215		1.58046
158		1.61121		1.63206		1.59036
159		1.62226		1.64435		1.60017
160		1.63457		1.65984		1.6093
161		1.64508		1.6714		1.61876
162		1.65557		1.68237		1.62877
163		1.66681		1.69448		1.63913
164		1.67753		1.70641		1.64865
165		1.68791		1.71739		1.65844
166		1.69831		1.7283		1.66831
167		1.70868		1.73958		1.67779
168		1.71913		1.7501		1.68816
169		1.72968		1.76097		1.6984
170		1.74031		1.7717		1.70892
171		1.75086		1.78306		1.71867
172		1.76155		1.79437		1.72873
173		1.77168		1.80506		1.73831
174		1.78215		1.81562		1.74868
175		1.79257		1.82596		1.75919
176		1.80271		1.83653		1.76889
177		1.81289		1.84776		1.77802
178		1.82397		1.85954		1.7884
179		1.8356		1.87282		1.79838
180		1.84609		1.88418		1.80799
181		1.85663		1.89526		1.81799
182		1.86718		1.90616		1.8282
183		1.87771		1.9179		1.83752
184		1.88777		1.92813		1.8474
185		1.89861		1.93942		1.8578
186		1.90885		1.95013		1.86756
187		1.91912		1.96123		1.87701
188		1.92903		1.97108		1.88697
189		1.9399		1.98224		1.89756
190		1.95052		1.99278		1.90825
191		1.96137		2.00398		1.91876
192		1.97191		2.01478		1.92905
193		1.98216		2.0248		1.93952
194		1.99227		2.03553		1.94901
195		2.00236		2.04556		1.95915
196		2.01281		2.05673		1.96888
197		2.02301		2.06764		1.97837
198		2.0336		2.07868		1.98851
199		2.04444		2.09008		1.99881
200		2.05496		2.10182		2.00809
201		2.06568		2.11394		2.01742
202		2.0762		2.12445		2.02795
203		2.087		2.13575		2.03825
204		2.09838		2.14708		2.04968
205		2.10915		2.15737		2.06093
206		2.11909		2.16802		2.07017
207		2.12885		2.17789		2.07981
208		2.1396		2.18851		2.09069
209		2.15013		2.19871		2.10154
210		2.16018		2.20909		2.11126
211		2.17043		2.21911		2.12175
212		2.1805		2.22895		2.13204
213		2.19064		2.23955		2.14172
214		2.20073		2.24979		2.15166
215		2.2107		2.25975		2.16166
216		2.22061		2.26971		2.17151
217		2.23099		2.28001		2.18198
218		2.24174		2.29043		2.19305
219		2.25361		2.3031		2.20413
220		2.26393		2.31377		2.21408
221		2.27407		2.32383		2.22431
222		2.28478		2.33434		2.23521
223		2.29478		2.34441		2.24515
224		2.30482		2.35439		2.25525
225		2.31534		2.36534		2.26533
226		2.32501		2.37516		2.27486
227		2.33526		2.38532		2.2852
228		2.34548		2.39578		2.29519
229		2.3554		2.40585		2.30496
230		2.36543		2.41594		2.31491
231		2.37608		2.42723		2.32492
232		2.38627		2.43763		2.33491
233		2.39593		2.44731		2.34454
234		2.40616		2.4574		2.35492
235		2.41604		2.46745		2.36464
236		2.42612		2.47788		2.37436
237		2.43602		2.48792		2.38412
238		2.44612		2.49761		2.39463
239		2.45625		2.50839		2.40411
240		2.46715		2.52069		2.4136
241		2.47777		2.53252		2.42303
242		2.48786		2.54349		2.43224
243		2.49816		2.55428		2.44205
244		2.50901		2.56591		2.45211
245		2.52032		2.57905		2.4616
246		2.53081		2.59014		2.47148
247		2.54103		2.60039		2.48167
248		2.55144		2.61132		2.49156
249		2.56169		2.62196		2.50142
250		2.5718		2.63266		2.51093
