step	mediator-max-opt_runtime_mean	mediator-max-opt_runtime_std_up	mediator-max-opt_runtime_std_down
1		0.0004		0.00089		-9e-05
2		0.54364		0.80778		0.27949
3		1.05914		1.29271		0.82557
4		1.51799		1.87733		1.15865
5		1.80127		2.16479		1.43775
6		1.86774		2.19084		1.54464
7		1.87731		2.19983		1.5548
8		1.94382		2.26088		1.62676
9		2.01291		2.36613		1.65969
10		2.02309		2.37613		1.67005
11		2.03318		2.38649		1.67987
12		2.04475		2.39773		1.69178
13		2.05431		2.40692		1.7017
14		2.06496		2.41652		1.7134
15		2.07554		2.42676		1.72433
16		2.08431		2.43553		1.73309
17		2.09509		2.44467		1.74551
18		2.10764		2.45595		1.75933
19		2.11761		2.46429		1.77093
20		2.1274		2.47407		1.78072
21		2.13776		2.48445		1.79107
22		2.14853		2.49487		1.80219
23		2.1585		2.50449		1.8125
24		2.16947		2.51601		1.82294
25		2.17965		2.52567		1.83364
26		2.19005		2.53662		1.84348
27		2.20122		2.54896		1.85348
28		2.2559		2.65352		1.85829
29		2.40548		2.87274		1.93822
30		2.62172		3.27652		1.96692
31		2.95457		3.68822		2.22091
32		3.20915		4.03786		2.38043
33		3.45716		4.41018		2.50415
34		3.74561		4.83015		2.66107
35		4.05621		5.2382		2.87422
36		4.33321		5.39778		3.26864
37		4.57757		5.5807		3.57444
38		4.80326		5.77879		3.82774
39		5.08949		5.98109		4.1979
40		5.40869		6.24931		4.56808
41		5.75015		6.56468		4.93562
42		6.02323		6.93355		5.11292
43		6.27516		7.21209		5.33823
44		6.46702		7.45637		5.47766
45		6.66474		7.75376		5.57571
46		6.85328		8.07048		5.63607
47		7.03959		8.40594		5.67323
48		7.28296		8.78758		5.77833
49		7.29272		8.79716		5.78829
50		7.35412		8.85183		5.85641
51		7.52877		9.13139		5.92616
52		7.59997		9.20421		5.99573
53		7.61196		9.21445		6.00946
54		7.62224		9.22379		6.02068
55		7.71915		9.36419		6.0741
56		7.85827		9.58738		6.12916
57		8.01203		9.83915		6.1849
58		8.06857		9.93262		6.20451
59		8.16771		10.00877		6.32665
60		8.27701		10.0914		6.46263
61		8.43429		10.16385		6.70473
62		8.5323		10.12086		6.94374
63		8.63403		10.0859		7.18215
64		8.74838		10.16405		7.33271
65		8.84082		10.27085		7.41079
66		9.06979		10.42102		7.71857
67		9.24774		10.46056		8.03491
68		9.36893		10.50217		8.23568
69		9.56094		10.55432		8.56757
70		9.7429		10.61677		8.86904
71		9.89521		10.67729		9.11313
72		10.10994		10.75644		9.46344
73		10.3098		10.83445		9.78514
74		10.56934		10.99057		10.14811
75		10.75631		11.10444		10.40819
76		11.04328		11.4875		10.59906
77		11.24124		11.76401		10.71848
78		11.56672		12.14845		10.98499
79		11.70978		12.2454		11.17416
80		11.93657		12.42279		11.45035
81		12.1717		12.64066		11.70274
82		12.39177		12.87002		11.91352
83		12.5378		12.98869		12.0869
84		12.68708		13.07815		12.29601
85		12.93977		13.36971		12.50983
86		12.99067		13.36072		12.62063
87		13.1708		13.68174		12.65986
88		13.39776		14.01907		12.77645
89		13.61333		14.34499		12.88167
90		13.78653		14.68032		12.89274
91		13.91891		14.95466		12.88316
92		13.96288		14.99351		12.93226
93		14.06855		15.03913		13.09797
94		14.11562		15.08888		13.14237
95		14.20152		15.14465		13.25838
96		14.28639		15.2066		13.36618
97		14.38414		15.30113		13.46716
98		14.54906		15.53328		13.56485
99		14.64283		15.62949		13.65616
100		14.82334		15.88156		13.76512
101		15.06685		16.11128		14.02242
102		15.15688		16.25695		14.05681
103		15.32583		16.43058		14.22108
104		15.46085		16.53526		14.38644
105		15.5878		16.7346		14.44101
106		15.69409		16.90773		14.48046
107		15.83433		17.12085		14.5478
108		15.97977		17.3482		14.61133
109		16.06834		17.50041		14.63627
110		16.15688		17.64246		14.6713
111		16.34828		17.89752		14.79905
112		16.47853		18.07494		14.88211
113		16.69073		18.37732		15.00414
114		16.89137		18.65667		15.12607
115		17.09506		18.90091		15.28921
116		17.3553		19.22966		15.48094
117		17.5761		19.45989		15.69232
118		17.86889		19.79626		15.94152
119		18.12839		20.09741		16.15937
120		18.34974		20.30474		16.39474
121		18.61299		20.57867		16.64731
122		18.81124		20.88381		16.73868
123		19.07767		21.14939		17.00596
124		19.41579		21.5628		17.26878
125		19.61871		21.76029		17.47713
126		19.82532		21.94067		17.70998
127		20.16955		22.37671		17.9624
128		20.43735		22.61458		18.26011
129		20.66656		22.85217		18.48095
130		20.98415		23.33214		18.63616
131		21.27778		23.63144		18.92412
132		21.52076		23.93887		19.10264
133		21.70659		24.15389		19.25928
134		21.93745		24.38668		19.48822
135		22.0766		24.39302		19.76019
136		22.3958		24.71138		20.08022
137		22.61122		24.9988		20.22363
138		22.97033		25.40538		20.53527
139		23.25294		25.7349		20.77098
140		23.53091		25.99618		21.06565
141		23.8325		26.26409		21.40091
142		24.05731		26.50993		21.60468
143		24.29193		26.74538		21.83849
144		24.67365		27.13879		22.20852
145		24.77381		27.30523		22.24239
146		25.0405		27.48783		22.59318
147		25.46296		27.92107		23.00485
148		25.68479		28.06392		23.30565
149		25.8603		28.26703		23.45357
150		26.32182		28.71886		23.92477
151		26.43263		28.887		23.97826
152		26.78673		29.13614		24.43733
153		27.15242		29.4733		24.83155
154		27.39748		29.63865		25.1563
155		27.70146		29.9552		25.44771
156		28.03619		30.32158		25.7508
157		28.28213		30.68547		25.87879
158		28.60862		30.98355		26.23368
159		28.79215		31.14835		26.43595
160		29.1217		31.50153		26.74186
161		29.26085		31.71994		26.80175
162		29.45544		31.84744		27.06345
163		29.82228		32.26054		27.38402
164		30.09167		32.46918		27.71416
165		30.29094		32.6803		27.90157
166		30.58263		32.96047		28.20478
167		30.73631		33.18647		28.28615
168		31.06043		33.52056		28.60031
169		31.26834		33.72298		28.8137
170		31.49698		33.89393		29.10002
171		31.76383		34.20329		29.32437
172		31.97191		34.4222		29.52162
173		32.25983		34.61298		29.90668
174		32.48176		34.91018		30.05334
175		32.75193		35.08273		30.42114
176		33.10378		35.36242		30.84513
177		33.35366		35.52193		31.18538
178		33.71473		35.87774		31.55171
179		33.95642		36.13527		31.77757
180		34.23111		36.43622		32.026
181		34.55599		36.81935		32.29263
182		34.84469		37.03033		32.65906
183		35.0931		37.38334		32.80286
184		35.44823		37.71531		33.18115
185		35.76746		38.00364		33.53129
186		35.96818		38.24946		33.6869
187		36.2982		38.63209		33.9643
188		36.57332		38.88049		34.26615
189		36.84078		39.06868		34.61287
190		37.11956		39.29507		34.94405
191		37.45937		39.66935		35.2494
192		37.71091		39.87084		35.55098
193		38.05175		40.23144		35.87207
194		38.38384		40.51895		36.24873
195		38.59531		40.74208		36.44855
196		38.79538		41.04217		36.54859
197		39.05779		41.27811		36.83746
198		39.30193		41.57583		37.02803
199		39.56323		41.83848		37.28799
200		39.79029		41.96107		37.61952
201		40.03494		42.22062		37.84926
202		40.28205		42.45739		38.10671
203		40.52747		42.65583		38.39911
204		40.71763		42.84306		38.5922
205		41.00334		43.01297		38.9937
206		41.19918		43.28628		39.11208
207		41.46841		43.4713		39.46551
208		41.72587		43.68532		39.76643
209		42.01065		44.05106		39.97024
210		42.26831		44.27948		40.25714
211		42.52166		44.5209		40.52241
212		42.7722		44.84355		40.70085
213		42.97191		44.96927		40.97455
214		43.21179		45.25161		41.17197
215		43.46344		45.49856		41.42833
216		43.6199		45.63566		41.60414
217		43.86687		45.91106		41.82269
218		44.19393		46.15157		42.23629
219		44.4515		46.5317		42.37131
220		44.73968		46.81644		42.66293
221		45.01273		47.00357		43.02189
222		45.20545		47.27766		43.13323
223		45.47592		47.48248		43.46936
224		45.77635		47.78466		43.76805
225		46.09549		47.99847		44.19251
226		46.32405		48.18169		44.4664
227		46.57484		48.59577		44.55391
228		46.90337		48.82491		44.98183
229		47.23574		49.08966		45.38182
230		47.41377		49.22557		45.60197
231		47.79408		49.53771		46.05046
232		48.05836		49.63246		46.48426
233		48.23956		49.85023		46.6289
234		48.51739		50.12324		46.91153
235		48.81389		50.30938		47.31841
236		49.1116		50.55612		47.66709
237		49.40449		50.68698		48.122
238		49.59097		50.8783		48.30365
239		49.94279		51.20754		48.67804
240		50.27889		51.53812		49.01966
241		50.63228		51.89726		49.3673
242		50.95874		52.22099		49.69649
243		51.22839		52.39868		50.05809
244		51.416		52.5541		50.27789
245		51.57875		52.71428		50.44322
246		51.87025		53.02363		50.71687
247		51.99873		53.0679		50.92956
248		52.23469		53.328		51.14138
249		52.43741		53.53482		51.34
250		52.69174		53.69697		51.68652
