step	mediator-max-opt_reward_mean	mediator-max-opt_reward_std_up	mediator-max-opt_reward_std_down
1		-1.0		-1.0		-1.0
2		-2.0		-2.0		-2.0
3		7.2		27.6		-13.2
4		6.2		26.6		-14.2
5		5.2		25.6		-15.2
6		4.2		24.6		-16.2
7		3.2		23.6		-17.2
8		2.2		22.6		-18.2
9		1.2		21.6		-19.2
10		0.2		20.6		-20.2
11		-0.8		19.6		-21.2
12		-1.8		18.6		-22.2
13		27.4		86.12172		-31.32172
14		56.6		144.55817		-31.35817
15		85.8		170.18341		1.41659
16		84.8		169.18341		0.41659
17		83.8		168.18341		-0.58341
18		82.8		167.18341		-1.58341
19		81.8		166.18341		-2.58341
20		80.8		165.18341		-3.58341
21		79.8		164.18341		-4.58341
22		78.8		163.18341		-5.58341
23		77.8		162.18341		-6.58341
24		76.8		161.18341		-7.58341
25		106.0		174.41345		37.58655
26		105.0		173.41345		36.58655
27		104.0		172.41345		35.58655
28		103.0		171.41345		34.58655
29		132.2		229.85531		34.54469
30		131.2		228.85531		33.54469
31		130.2		227.85531		32.54469
32		159.4		218.12172		100.67828
33		158.4		217.12172		99.67828
34		157.4		216.12172		98.67828
35		186.6		303.97393		69.22607
36		185.6		302.97393		68.22607
37		184.6		301.97393		67.22607
38		183.6		300.97393		66.22607
39		182.6		299.97393		65.22607
40		181.6		298.97393		64.22607
41		180.6		297.97393		63.22607
42		209.8		324.51948		95.08052
43		208.8		323.51948		94.08052
44		207.8		322.51948		93.08052
45		206.8		321.51948		92.08052
46		205.8		320.51948		91.08052
47		204.8		319.51948		90.08052
48		203.8		318.51948		89.08052
49		202.8		317.51948		88.08052
50		201.8		316.51948		87.08052
51		200.8		315.51948		86.08052
52		230.0		370.85737		89.14263
53		229.0		369.85737		88.14263
54		228.0		368.85737		87.14263
55		257.2		441.09497		73.30503
56		256.2		440.09497		72.30503
57		255.2		439.09497		71.30503
58		254.2		438.09497		70.30503
59		313.6		530.8046		96.3954
60		312.6		529.8046		95.3954
61		311.6		528.8046		94.3954
62		310.6		527.8046		93.3954
63		309.6		526.8046		92.3954
64		308.6		525.8046		91.3954
65		307.6		524.8046		90.3954
66		306.6		523.8046		89.3954
67		335.8		529.2977		142.3023
68		334.8		528.2977		141.3023
69		333.8		527.2977		140.3023
70		332.8		526.2977		139.3023
71		331.8		525.2977		138.3023
72		361.0		610.72465		111.27535
73		360.0		609.72465		110.27535
74		419.4		666.6453		172.1547
75		418.4		665.6453		171.1547
76		447.6		714.91749		180.28251
77		446.6		713.91749		179.28251
78		445.6		712.91749		178.28251
79		444.6		711.91749		177.28251
80		443.6		710.91749		176.28251
81		472.8		708.77068		236.82932
82		471.8		707.77068		235.82932
83		470.8		706.77068		234.82932
84		469.8		705.77068		233.82932
85		468.8		704.77068		232.82932
86		498.0		781.90703		214.09297
87		497.0		780.90703		213.09297
88		496.0		779.90703		212.09297
89		495.0		778.90703		211.09297
90		494.0		777.90703		210.09297
91		493.0		776.90703		209.09297
92		522.2		798.49506		245.90494
93		521.2		797.49506		244.90494
94		520.2		796.49506		243.90494
95		519.2		795.49506		242.90494
96		518.2		794.49506		241.90494
97		517.2		793.49506		240.90494
98		516.2		792.49506		239.90494
99		515.2		791.49506		238.90494
100		514.2		790.49506		237.90494
101		543.4		790.6453		296.1547
102		542.4		789.6453		295.1547
103		571.6		788.8046		354.3954
104		570.6		787.8046		353.3954
105		569.6		786.8046		352.3954
106		568.6		785.8046		351.3954
107		567.6		784.8046		350.3954
108		566.6		783.8046		349.3954
109		565.6		782.8046		348.3954
110		594.8		830.77068		358.82932
111		593.8		829.77068		357.82932
112		592.8		828.77068		356.82932
113		591.8		827.77068		355.82932
114		590.8		826.77068		354.82932
115		589.8		825.77068		353.82932
116		588.8		824.77068		352.82932
117		587.8		823.77068		351.82932
118		617.0		847.74228		386.25772
119		616.0		846.74228		385.25772
120		645.2		904.46542		385.93458
121		674.4		939.44837		409.35163
122		673.4		938.44837		408.35163
123		672.4		937.44837		407.35163
124		671.4		936.44837		406.35163
125		670.4		935.44837		405.35163
126		699.6		999.09865		400.10135
127		698.6		998.09865		399.10135
128		697.6		997.09865		398.10135
129		696.6		996.09865		397.10135
130		695.6		995.09865		396.10135
131		694.6		994.09865		395.10135
132		693.6		993.09865		394.10135
133		692.6		992.09865		393.10135
134		691.6		991.09865		392.10135
135		690.6		990.09865		391.10135
136		689.6		989.09865		390.10135
137		688.6		988.09865		389.10135
138		687.6		987.09865		388.10135
139		686.6		986.09865		387.10135
140		685.6		985.09865		386.10135
141		684.6		984.09865		385.10135
142		713.8		1041.40366		386.19634
143		712.8		1040.40366		385.19634
144		711.8		1039.40366		384.19634
145		710.8		1038.40366		383.19634
146		709.8		1037.40366		382.19634
147		708.8		1036.40366		381.19634
148		707.8		1035.40366		380.19634
149		717.0		1034.11764		399.88236
150		716.0		1033.11764		398.88236
151		745.2		1071.73906		418.66094
152		754.4		1070.75967		438.04033
153		753.4		1069.75967		437.04033
154		752.4		1068.75967		436.04033
155		761.6		1068.79935		454.40065
156		790.8		1130.82965		450.77035
157		789.8		1129.82965		449.77035
158		788.8		1128.82965		448.77035
159		787.8		1127.82965		447.77035
160		827.2		1115.87102		538.52898
161		826.2		1114.87102		537.52898
162		825.2		1113.87102		536.52898
163		824.2		1112.87102		535.52898
164		823.2		1111.87102		534.52898
165		822.2		1110.87102		533.52898
166		821.2		1109.87102		532.52898
167		850.4		1103.0536		597.7464
168		849.4		1102.0536		596.7464
169		848.4		1101.0536		595.7464
170		847.4		1100.0536		594.7464
171		856.6		1097.30364		615.89636
172		916.0		1136.72879		695.27121
173		915.0		1135.72879		694.27121
174		914.0		1134.72879		693.27121
175		913.0		1133.72879		692.27121
176		922.2		1128.17514		716.22486
177		921.2		1127.17514		715.22486
178		920.2		1126.17514		714.22486
179		919.2		1125.17514		713.22486
180		918.2		1124.17514		712.22486
181		917.2		1123.17514		711.22486
182		916.2		1122.17514		710.22486
183		925.4		1117.6567		733.1433
184		924.4		1116.6567		732.1433
185		933.6		1113.41057		753.78943
186		932.6		1112.41057		752.78943
187		931.6		1111.41057		751.78943
188		930.6		1110.41057		750.78943
189		970.0		1184.67557		755.32443
190		969.0		1183.67557		754.32443
191		968.0		1182.67557		753.32443
192		967.0		1181.67557		752.32443
193		966.0		1180.67557		751.32443
194		965.0		1179.67557		750.32443
195		964.0		1178.67557		749.32443
196		963.0		1177.67557		748.32443
197		962.0		1176.67557		747.32443
198		961.0		1175.67557		746.32443
199		960.0		1174.67557		745.32443
200		959.0		1173.67557		744.32443
201		958.0		1172.67557		743.32443
202		987.2		1216.75034		757.64966
203		986.2		1215.75034		756.64966
204		985.2		1214.75034		755.64966
205		994.4		1214.61589		774.18411
206		993.4		1213.61589		773.18411
207		992.4		1212.61589		772.18411
208		991.4		1211.61589		771.18411
209		990.4		1210.61589		770.18411
210		989.4		1209.61589		769.18411
211		998.6		1211.03597		786.16403
212		997.6		1210.03597		785.16403
213		996.6		1209.03597		784.16403
214		995.6		1208.03597		783.16403
215		994.6		1207.03597		782.16403
216		993.6		1206.03597		781.16403
217		992.6		1205.03597		780.16403
218		991.6		1204.03597		779.16403
219		990.6		1203.03597		778.16403
220		989.6		1202.03597		777.16403
221		988.6		1201.03597		776.16403
222		987.6		1200.03597		775.16403
223		1047.0		1325.8713		768.1287
224		1046.0		1324.8713		767.1287
225		1045.0		1323.8713		766.1287
226		1074.2		1383.89882		764.50118
227		1083.4		1385.94163		780.85837
228		1112.6		1453.70972		771.49028
229		1111.6		1452.70972		770.49028
230		1110.6		1451.70972		769.49028
231		1109.6		1450.70972		768.49028
232		1138.8		1512.10438		765.49562
233		1168.0		1532.92629		803.07371
234		1167.0		1531.92629		802.07371
235		1196.2		1562.64585		829.75415
236		1225.4		1626.56211		824.23789
237		1224.4		1625.56211		823.23789
238		1253.6		1684.59355		822.60645
239		1252.6		1683.59355		821.60645
240		1251.6		1682.59355		820.60645
241		1250.6		1681.59355		819.60645
242		1259.8		1682.30368		837.29632
243		1258.8		1681.30368		836.29632
244		1257.8		1680.30368		835.29632
245		1256.8		1679.30368		834.29632
246		1255.8		1678.30368		833.29632
247		1285.0		1712.37899		857.62101
248		1284.0		1711.37899		856.62101
249		1283.0		1710.37899		855.62101
250		1282.0		1709.37899		854.62101
