step	mediator-max-opt_inst_loss_mean	mediator-max-opt_inst_loss_std_up	mediator-max-opt_inst_loss_std_down
1		786.54736		1050.75011		522.3446
2		751.33944		985.65073		517.02816
3		810.39961		1075.41218		545.38704
4		815.96546		1118.6469		513.28402
5		851.53202		1168.52217		534.54187
6		944.02072		1282.84308		605.19836
7		956.61927		1278.04463		635.1939
8		873.37861		1197.29327		549.46395
9		822.84362		1105.34027		540.34697
10		767.80415		1018.96888		516.63941
11		759.86786		937.71152		582.02419
12		733.06638		854.98688		611.14589
13		679.90453		791.75862		568.05045
14		619.1867		763.85836		474.51504
15		603.42844		822.35835		384.49853
16		536.8408		827.30808		246.37352
17		435.19604		732.57328		137.81879
18		393.15132		652.80234		133.5003
19		395.20422		594.71901		195.68944
20		315.81267		473.63784		157.98749
21		234.08735		375.42148		92.75322
22		148.06071		241.0473		55.07412
23		120.61137		187.84012		53.38262
24		119.58034		191.12297		48.0377
25		53.54527		94.0161		13.07444
26		50.8292		92.25216		9.40623
27		44.28068		87.8838		0.67755
28		37.38749		83.28552		-8.51053
29		57.02649		95.34721		18.70577
30		82.94113		130.05951		35.82274
31		79.92745		132.24961		27.60529
32		74.91042		129.98637		19.83446
33		69.62932		127.60401		11.65464
34		64.07028		125.09627		3.04429
35		58.21866		122.45654		-6.01923
36		52.05905		119.67788		-15.55977
37		45.57526		116.75297		-25.60245
38		38.75021		113.67412		-36.17369
39		40.01344		106.38695		-26.36007
40		34.74042		102.14574		-32.66491
41		55.7926		110.63242		0.95279
42		51.35006		109.90363		-7.20351
43		44.82895		106.46429		-16.80638
44		37.96463		102.84393		-26.91467
45		30.73902		99.03302		-37.55498
46		51.58061		131.95977		-28.79855
47		46.91638		133.41273		-39.57996
48		68.60941		128.52354		8.69528
49		83.28892		125.38985		41.188
50		80.29356		123.85786		36.72925
51		75.29579		121.15295		29.43862
52		70.03498		118.30568		21.76428
53		64.49729		115.30855		13.68602
54		58.66814		112.15368		5.1826
55		52.53219		108.83276		-3.76838
56		46.0733		105.33706		-13.19046
57		39.27446		101.65737		-23.10844
58		40.56528		98.89424		-17.76367
59		35.3213		95.65303		-25.01042
60		36.40406		97.70679		-24.89866
61		30.94107		95.59399		-33.71184
62		23.34581		91.40151		-44.7099
63		15.35079		86.98837		-56.28679
64		6.93498		82.34296		-68.473
65		-1.92377		77.45306		-81.30059
66		-11.24876		72.30579		-94.80331
67		-21.06454		66.88761		-109.0167
68		-31.39695		61.18427		-123.97817
69		4.62181		50.70297		-41.45934
70		17.77831		61.93124		-26.37462
71		11.33501		59.33158		-36.66155
72		21.15534		67.78329		-25.47262
73		14.88978		65.1503		-35.37074
74		6.44971		59.35552		-46.4561
75		-2.43458		53.25575		-58.1249
76		-11.78646		46.83494		-70.40785
77		6.81695		15.32018		-1.68629
78		8.24423		27.59778		-11.10932
79		19.74663		65.29792		-25.80466
80		13.40693		64.54154		-37.72769
81		4.88881		58.71472		-48.9371
82		-4.07763		52.58123		-60.73648
83		-13.51598		46.12491		-73.15688
84		33.44388		93.02791		-26.14015
85		29.66984		94.93063		-35.59095
86		22.00767		90.70323		-46.6879
87		13.94222		86.25334		-58.3689
88		33.89977		71.05348		-3.25395
89		28.30497		66.55208		-9.94214
90		20.57096		60.83107		-19.68915
91		20.87738		49.04774		-7.29297
92		14.5972		41.58053		-12.38613
93		6.14173		34.54524		-22.26178
94		15.68872		73.39991		-42.02247
95		9.13545		73.19626		-54.92536
96		0.39252		67.82495		-67.03991
97		-8.81057		62.17094		-79.79207
98		-10.05054		57.71398		-77.81506
99		-17.95851		52.32396		-88.24098
100		0.32005		64.69513		-64.05503
101		11.40539		69.96739		-47.15661
102		4.62668		66.42809		-57.17474
103		-4.35356		60.70056		-69.40768
104		-13.80644		54.67158		-82.28446
105		-23.75684		48.32529		-95.83896
106		-25.78345		53.13568		-104.70258
107		-34.51947		49.67435		-118.71329
108		-17.11254		51.22258		-85.44766
109		-25.3922		46.65886		-97.44325
110		-35.95237		39.89085		-111.79559
111		-47.06835		32.76662		-126.90331
112		-58.76937		25.26743		-142.80618
113		-71.08624		17.37355		-159.54604
114		-55.60388		50.16312		-161.37087
115		-37.4619		30.32056		-105.24437
116		-46.81258		22.21765		-115.84281
117		-58.50014		14.16326		-131.16355
118		-42.35535		18.92941		-103.64012
119		-51.96358		13.25279		-117.17995
120		-35.47476		62.79795		-133.74747
121		-44.72085		61.45341		-150.89511
122		-56.29832		55.46406		-168.0607
123		-40.03765		64.24369		-144.31899
124		-2.62891		67.15404		-72.41186
125		-8.30152		64.02037		-80.62341
126		-17.96219		58.16612		-94.09049
127		-28.13131		52.00375		-108.26637
128		-38.83565		45.51705		-123.18834
129		-50.10337		38.68894		-138.89568
130		-61.96414		31.50145		-155.42973
131		-46.00166		53.09763		-145.10095
132		-37.35431		42.18318		-116.89181
133		-46.69932		34.91766		-128.31631
134		-58.38093		27.53169		-144.29354
135		-70.67735		19.75698		-161.11168
136		-83.62095		11.57308		-178.81499
137		-97.2458		2.95844		-197.45005
138		-64.69277		-9.04733		-120.33821
139		-73.6319		-18.4291		-128.8347
140		-58.28352		11.85778		-128.42481
141		-68.73007		7.37		-144.83013
142		-34.67621		72.33262		-141.68504
143		-33.58803		77.62318		-144.79923
144		-24.28732		84.86021		-133.43486
145		-14.49711		80.4105		-109.40472
146		-14.19162		79.34058		-107.72383
147		24.57743		113.46868		-64.31383
148		20.33673		114.39903		-73.72556
149		12.18334		111.19628		-86.8296
150		3.60083		107.82497		-100.62332
151		-5.4334		104.27623		-115.14303
152		31.95186		126.03323		-62.1295
153		28.09929		126.89701		-70.69842
154		20.35446		124.35205		-83.64313
155		12.202		121.67316		-97.26915
156		3.62047		118.85326		-111.61232
157		3.03476		110.34706		-104.27753
158		14.26298		126.42215		-97.89619
159		7.63467		126.57012		-111.30078
160		-1.18725		124.00796		-126.38246
161		7.97401		140.5425		-124.59448
162		19.46219		126.37377		-87.4494
163		13.10752		122.45274		-96.23771
164		23.02113		108.42787		-62.38561
165		16.85377		104.10358		-70.39603
166		8.51707		100.35897		-83.32483
167		28.18908		126.49978		-70.12162
168		22.29372		127.00986		-82.42242
169		14.24333		124.47085		-95.98419
170		5.76923		121.7982		-110.25973
171		5.29662		113.6216		-103.02836
172		-1.8036		109.32505		-112.93225
173		-11.12227		105.85525		-128.0998
174		7.51609		94.02592		-78.99374
175		0.53268		89.99177		-88.92642
176		-8.66303		85.50444		-102.8305
177		0.10476		92.8688		-92.65927
178		-7.26872		90.52318		-105.06062
179		20.01995		114.18766		-74.14776
180		33.98687		107.81092		-39.83718
181		28.39666		104.08991		-47.29659
182		20.66748		100.34458		-59.00963
183		12.53149		96.40213		-71.33914
184		3.9673		92.25219		-84.31758
185		31.84734		98.23216		-34.53748
186		27.98927		95.56604		-39.5875
187		20.23865		91.37208		-50.89479
188		12.08009		86.9574		-62.79721
189		11.93963		80.23056		-56.3513
190		5.18904		75.12268		-64.74461
191		24.68589		88.4899		-39.11812
192		47.05364		86.86861		7.23867
193		42.15115		84.36058		-0.05828
194		35.14589		79.57687		-9.28509
195		27.77193		74.54138		-18.99752
196		20.00987		69.24087		-29.22114
197		11.83927		63.66138		-39.98284
198		21.68614		60.48888		-17.11661
199		15.44852		56.31998		-25.42295
200		7.03785		50.06045		-35.98475
201		-1.81548		43.47146		-47.10242
202		-11.13478		36.53569		-58.80524
203		-20.94456		29.23488		-71.124
204		-31.27065		21.54981		-84.09111
205		-13.69273		63.9392		-91.32466
206		-21.7924		62.54468		-106.12947
207		-32.16311		56.61276		-120.93898
208		-34.63216		56.12033		-125.38465
209		-43.8339		51.51209		-139.17989
210		-36.9172		38.08611		-111.92052
211		-46.23921		30.71522		-123.19363
212		-29.44911		46.88118		-105.77939
213		-11.48308		38.00792		-60.97407
214		-17.6217		30.69632		-65.93972
215		-9.32541		34.03853		-52.68935
216		-17.19522		29.34639		-63.73682
217		-27.32397		21.66719		-76.31513
218		-37.98582		13.58382		-89.55547
219		-12.31384		58.37827		-83.00596
220		-18.49618		56.98066		-93.97303
221		-28.69341		50.7559		-108.14272
222		-39.42734		44.20352		-123.05819
223		-22.27872		54.28344		-98.84087
224		-30.83027		50.41461		-112.07516
225		-13.22918		42.82924		-69.28759
226		-21.30444		37.27785		-79.88674
227		-13.20199		31.57506		-57.97903
228		7.17167		67.10546		-52.76213
229		0.17013		65.82416		-65.4839
230		-9.04466		60.06484		-78.15417
231		-18.74444		54.0024		-91.49129
232		-28.95474		47.62089		-105.53037
233		7.19256		65.86575		-51.48063
234		2.03687		64.23218		-60.15844
235		-7.07967		58.38908		-72.54842
236		1.77146		81.30939		-77.76646
237		-5.5143		80.11653		-91.14513
238		13.41922		57.21394		-30.37551
239		6.7465		50.74736		-37.25437
240		-2.12217		44.19453		-48.43887
241		-11.45761		37.29681		-60.21203
242		-2.83689		54.16929		-59.84308
243		-10.3652		51.46129		-72.19169
244		8.31301		60.29005		-43.66403
245		9.81902		66.42459		-46.78654
246		31.40439		34.90913		27.89965
247		25.67886		25.67886		25.67886
248		17.79872		17.79872		17.79872
249		9.595		9.595		9.595
250		0.0		0.0		0.0
