step	mediator-max-opt_reward_mean	mediator-max-opt_reward_std_up	mediator-max-opt_reward_std_down
1		-1.0		-1.0		-1.0
2		8.2		28.6		-12.2
3		7.2		27.6		-13.2
4		26.4		87.2		-34.4
5		25.4		86.2		-35.4
6		44.6		108.63624		-19.43624
7		43.6		107.63624		-20.43624
8		42.6		106.63624		-21.43624
9		61.8		122.53352		1.06648
10		60.8		121.53352		0.06648
11		80.0		172.74265		-12.74265
12		79.0		171.74265		-13.74265
13		98.2		201.33758		-4.93758
14		97.2		200.33758		-5.93758
15		116.4		250.55752		-17.75752
16		115.4		249.55752		-18.75752
17		154.8		288.9274		20.6726
18		153.8		287.9274		19.6726
19		152.8		286.9274		18.6726
20		172.0		301.46814		42.53186
21		171.0		300.46814		41.53186
22		210.4		351.88583		68.91417
23		229.6		340.33139		118.86861
24		228.6		339.33139		117.86861
25		227.6		338.33139		116.86861
26		226.6		337.33139		115.86861
27		245.8		387.25727		104.34273
28		244.8		386.25727		103.34273
29		264.0		401.04744		126.95256
30		303.4		444.88583		161.91417
31		302.4		443.88583		160.91417
32		321.6		490.66519		152.53481
33		320.6		489.66519		151.53481
34		319.6		488.66519		150.53481
35		318.6		487.66519		149.53481
36		317.6		486.66519		148.53481
37		336.8		478.25727		195.34273
38		356.0		532.13404		179.86596
39		355.0		531.13404		178.86596
40		374.2		544.43208		203.96792
41		393.4		541.85282		244.94718
42		412.6		569.13319		256.06681
43		411.6		568.13319		255.06681
44		430.8		621.40892		240.19108
45		429.8		620.40892		239.19108
46		428.8		619.40892		238.19108
47		427.8		618.40892		237.19108
48		426.8		617.40892		236.19108
49		466.2		623.99278		308.40722
50		465.2		622.99278		307.40722
51		484.4		632.85282		335.94718
52		503.6		639.10587		368.09413
53		502.6		638.10587		367.09413
54		521.8		639.56825		404.03175
55		520.8		638.56825		403.03175
56		519.8		637.56825		402.03175
57		559.2		671.70493		446.69507
58		558.2		670.70493		445.69507
59		577.4		676.38		478.42
60		576.4		675.38		477.42
61		595.6		696.6002		494.5998
62		614.8		723.65477		505.94523
63		634.0		755.25015		512.74985
64		653.2		790.30638		516.09362
65		672.4		827.63737		517.16263
66		671.4		826.63737		516.16263
67		670.4		825.63737		515.16263
68		669.4		824.63737		514.16263
69		668.4		823.63737		513.16263
70		687.6		815.43521		559.76479
71		686.6		814.43521		558.76479
72		685.6		813.43521		557.76479
73		684.6		812.43521		556.76479
74		683.6		811.43521		555.76479
75		682.6		810.43521		554.76479
76		681.6		809.43521		553.76479
77		680.6		808.43521		552.76479
78		699.8		848.36164		551.23836
79		698.8		847.36164		550.23836
80		697.8		846.36164		549.23836
81		717.0		874.86957		559.13043
82		716.0		873.86957		558.13043
83		715.0		872.86957		557.13043
84		714.0		871.86957		556.13043
85		733.2		915.13339		551.26661
86		732.2		914.13339		550.26661
87		731.2		913.13339		549.26661
88		770.6		945.65268		595.54732
89		769.6		944.65268		594.54732
90		768.6		943.65268		593.54732
91		767.6		942.65268		592.54732
92		786.8		982.73917		590.86083
93		806.0		1023.68142		588.31858
94		825.2		1018.02158		632.37842
95		824.2		1017.02158		631.37842
96		863.6		1102.73645		624.46355
97		862.6		1101.73645		623.46355
98		881.8		1120.07329		643.52671
99		880.8		1119.07329		642.52671
100		900.0		1117.68142		682.31858
101		899.0		1116.68142		681.31858
102		898.0		1115.68142		680.31858
103		897.0		1114.68142		679.31858
104		896.0		1113.68142		678.31858
105		915.2		1155.16283		675.23717
106		914.2		1154.16283		674.23717
107		913.2		1153.16283		673.23717
108		952.6		1219.89654		685.30346
109		971.8		1214.27507		729.32493
110		970.8		1213.27507		728.32493
111		990.0		1261.82274		718.17726
112		989.0		1260.82274		717.17726
113		988.0		1259.82274		716.17726
114		987.0		1258.82274		715.17726
115		1006.2		1258.55404		753.84596
116		1005.2		1257.55404		752.84596
117		1024.4		1290.93975		757.86025
118		1023.4		1289.93975		756.86025
119		1042.6		1294.16836		791.03164
120		1061.8		1343.21812		780.38188
121		1060.8		1342.21812		779.38188
122		1080.0		1393.63992		766.36008
123		1099.2		1425.61532		772.78468
124		1098.2		1424.61532		771.78468
125		1097.2		1423.61532		770.78468
126		1136.6		1425.88989		847.31011
127		1135.6		1424.88989		846.31011
128		1154.8		1436.21812		873.38188
129		1153.8		1435.21812		872.38188
130		1193.2		1503.56392		882.83608
131		1192.2		1502.56392		881.83608
132		1211.4		1510.37331		912.42669
133		1210.4		1509.37331		911.42669
134		1229.6		1522.36038		936.83962
135		1228.6		1521.36038		935.83962
136		1227.6		1520.36038		934.83962
137		1246.8		1538.85575		954.74425
138		1245.8		1537.85575		953.74425
139		1244.8		1536.85575		952.74425
140		1264.0		1560.89864		967.10136
141		1263.0		1559.89864		966.10136
142		1262.0		1558.89864		965.10136
143		1261.0		1557.89864		964.10136
144		1260.0		1556.89864		963.10136
145		1279.2		1582.91921		975.48079
146		1298.4		1568.7025		1028.0975
147		1297.4		1567.7025		1027.0975
148		1296.4		1566.7025		1026.0975
149		1315.6		1615.24819		1015.95181
150		1314.6		1614.24819		1014.95181
151		1333.8		1639.50797		1028.09203
152		1332.8		1638.50797		1027.09203
153		1331.8		1637.50797		1026.09203
154		1351.0		1647.89864		1054.10136
155		1350.0		1646.89864		1053.10136
156		1369.2		1662.63579		1075.76421
157		1408.6		1734.34628		1082.85372
158		1427.8		1759.12908		1096.47092
159		1426.8		1758.12908		1095.47092
160		1425.8		1757.12908		1094.47092
161		1424.8		1756.12908		1093.47092
162		1423.8		1755.12908		1092.47092
163		1422.8		1754.12908		1091.47092
164		1462.2		1826.95932		1097.44068
165		1461.2		1825.95932		1096.44068
166		1480.4		1811.74127		1149.05873
167		1499.6		1837.64059		1161.55941
168		1498.6		1836.64059		1160.55941
169		1497.6		1835.64059		1159.55941
170		1496.6		1834.64059		1158.55941
171		1515.8		1847.12908		1184.47092
172		1514.8		1846.12908		1183.47092
173		1513.8		1845.12908		1182.47092
174		1533.0		1892.09999		1173.90001
175		1552.2		1908.44228		1195.95772
176		1571.4		1893.34136		1249.45864
177		1570.4		1892.34136		1248.45864
178		1569.4		1891.34136		1247.45864
179		1588.6		1911.16819		1266.03181
180		1587.6		1910.16819		1265.03181
181		1606.8		1935.00506		1278.59494
182		1626.0		1955.47048		1296.52952
183		1625.0		1954.47048		1295.52952
184		1624.0		1953.47048		1294.52952
185		1623.0		1952.47048		1293.52952
186		1622.0		1951.47048		1292.52952
187		1621.0		1950.47048		1291.52952
188		1620.0		1949.47048		1290.52952
189		1619.0		1948.47048		1289.52952
190		1618.0		1947.47048		1288.52952
191		1617.0		1946.47048		1287.52952
192		1616.0		1945.47048		1286.52952
193		1635.2		1967.74618		1302.65382
194		1634.2		1966.74618		1301.65382
195		1653.4		1993.82244		1312.97756
196		1652.4		1992.82244		1311.97756
197		1671.6		1974.60007		1368.59993
198		1670.6		1973.60007		1367.59993
199		1669.6		1972.60007		1366.59993
200		1688.8		2017.00506		1360.59494
201		1687.8		2016.00506		1359.59494
202		1686.8		2015.00506		1358.59494
203		1685.8		2014.00506		1357.59494
204		1684.8		2013.00506		1356.59494
205		1683.8		2012.00506		1355.59494
206		1682.8		2011.00506		1354.59494
207		1681.8		2010.00506		1353.59494
208		1680.8		2009.00506		1352.59494
209		1679.8		2008.00506		1351.59494
210		1678.8		2007.00506		1350.59494
211		1677.8		2006.00506		1349.59494
212		1676.8		2005.00506		1348.59494
213		1696.0		2028.52188		1363.47812
214		1715.2		2056.79532		1373.60468
215		1714.2		2055.79532		1372.60468
216		1713.2		2054.79532		1371.60468
217		1712.2		2053.79532		1370.60468
218		1711.2		2052.79532		1369.60468
219		1710.2		2051.79532		1368.60468
220		1709.2		2050.79532		1367.60468
221		1728.4		2034.0551		1422.7449
222		1727.4		2033.0551		1421.7449
223		1726.4		2032.0551		1420.7449
224		1745.6		2077.4895		1413.7105
225		1744.6		2076.4895		1412.7105
226		1743.6		2075.4895		1411.7105
227		1783.0		2076.40825		1489.59175
228		1782.0		2075.40825		1488.59175
229		1801.2		2124.38131		1478.01869
230		1800.2		2123.38131		1477.01869
231		1799.2		2122.38131		1476.01869
232		1798.2		2121.38131		1475.01869
233		1837.6		2130.29137		1544.90863
234		1856.8		2145.30678		1568.29322
235		1855.8		2144.30678		1567.29322
236		1854.8		2143.30678		1566.29322
237		1874.0		2163.94551		1584.05449
238		1873.0		2162.94551		1583.05449
239		1892.2		2148.52511		1635.87489
240		1911.4		2170.09411		1652.70589
241		1910.4		2169.09411		1651.70589
242		1949.8		2216.24879		1683.35121
243		1969.0		2237.00597		1700.99403
244		1988.2		2281.63579		1694.76421
245		1987.2		2280.63579		1693.76421
246		2006.4		2308.73266		1704.06734
247		2005.4		2307.73266		1703.06734
248		2004.4		2306.73266		1702.06734
249		2023.6		2326.60007		1720.59993
250		2022.6		2325.60007		1719.59993
