step	mediator-max-opt_cov_err_sq_T_mean	mediator-max-opt_cov_err_sq_T_std_up	mediator-max-opt_cov_err_sq_T_std_down
1		15.285		16.2648		14.3052
2		14.225		14.66591		13.78409
3		14.145		15.26321		13.02679
4		13.765		14.72291		12.80709
5		13.43611		14.04146		12.83076
6		13.31833		13.71255		12.92412
7		13.21		13.50917		12.91083
8		13.21		13.50917		12.91083
9		13.217		13.53414		12.89986
10		13.189		13.47337		12.90463
11		13.20011		13.48362		12.9166
12		13.20046		13.49857		12.90236
13		13.21753		13.5385		12.89657
14		13.20987		13.5173		12.90245
15		13.19778		13.49516		12.90039
16		13.17651		13.46594		12.88708
17		13.16345		13.45264		12.87426
18		13.15408		13.43335		12.87481
19		13.1469		13.4242		12.86961
20		13.15396		13.44034		12.86758
21		13.14685		13.41516		12.87853
22		13.14524		13.41533		12.87516
23		13.136		13.39834		12.87366
24		13.1343		13.39865		12.86995
25		13.12781		13.38657		12.86906
26		13.12665		13.38679		12.86651
27		13.12211		13.37817		12.86606
28		13.1254		13.37755		12.87324
29		13.12655		13.37075		12.88235
30		13.12431		13.37106		12.87755
31		13.12219		13.36669		12.87769
32		13.12044		13.36698		12.87391
33		13.11883		13.364		12.87367
34		13.11887		13.36389		12.87385
35		13.1172		13.36205		12.87236
36		13.11614		13.36226		12.87003
37		13.11634		13.3637		12.86898
38		13.11941		13.37132		12.86749
39		13.11719		13.36764		12.86674
40		13.11686		13.36831		12.86541
41		13.11651		13.36509		12.86793
42		13.11586		13.36587		12.86586
43		13.11898		13.37185		12.86611
44		13.11679		13.36914		12.86443
45		13.11679		13.36914		12.86443
46		13.11512		13.36705		12.86319
47		13.11512		13.36705		12.86319
48		13.11196		13.36199		12.86193
49		13.11217		13.36237		12.86197
50		13.11097		13.3606		12.86135
51		13.1112		13.361		12.86139
52		13.1103		13.35957		12.86102
53		13.10941		13.35797		12.86084
54		13.10887		13.35704		12.8607
55		13.10887		13.35704		12.8607
56		13.10837		13.35553		12.86121
57		13.10851		13.35604		12.86098
58		13.10806		13.35511		12.86101
59		13.10798		13.35513		12.86082
60		13.10769		13.35446		12.86092
61		13.10765		13.35447		12.86082
62		13.10913		13.35701		12.86124
63		13.1086		13.35606		12.86113
64		13.10887		13.35634		12.8614
65		13.10844		13.35552		12.86135
66		13.10894		13.35618		12.86169
67		13.1085		13.35531		12.86168
68		13.10881		13.35563		12.862
69		13.10848		13.35492		12.86205
70		13.10881		13.35523		12.86238
71		13.10982		13.35694		12.8627
72		13.10861		13.35444		12.86278
73		13.10789		13.35348		12.86229
74		13.10895		13.35512		12.86277
75		13.10867		13.3546		12.86274
76		13.10802		13.3546		12.86143
77		13.10922		13.35677		12.86168
78		13.10861		13.3558		12.86141
79		13.10865		13.35588		12.86142
80		13.10815		13.35504		12.86125
81		13.1082		13.35514		12.86126
82		13.108		13.35477		12.86122
83		13.10848		13.35564		12.86131
84		13.10936		13.35724		12.86148
85		13.10901		13.35659		12.86143
86		13.10893		13.35636		12.86151
87		13.11008		13.35848		12.86167
88		13.11016		13.35845		12.86186
89		13.11008		13.35832		12.86184
90		13.10975		13.35753		12.86198
91		13.10971		13.35745		12.86197
92		13.10944		13.35673		12.86215
93		13.11004		13.35782		12.86227
94		13.10965		13.35685		12.86245
95		13.10975		13.35703		12.86247
96		13.10943		13.35616		12.86269
97		13.10954		13.35636		12.86271
98		13.11037		13.3576		12.86314
99		13.11015		13.35718		12.86311
100		13.11019		13.35694		12.86344
101		13.11		13.35659		12.86341
102		13.10989		13.35642		12.86336
103		13.10974		13.35612		12.86337
104		13.10978		13.35594		12.86361
105		13.10967		13.35569		12.86364
106		13.10972		13.35555		12.86389
107		13.10892		13.35404		12.86381
108		13.10858		13.35318		12.86398
109		13.10848		13.35292		12.86404
110		13.10856		13.35282		12.8643
111		13.10849		13.35261		12.86438
112		13.10858		13.35253		12.86463
113		13.10907		13.35372		12.86443
114		13.11		13.35517		12.86483
115		13.10976		13.35475		12.86476
116		13.10987		13.35473		12.86502
117		13.11058		13.35604		12.86513
118		13.11043		13.35552		12.86534
119		13.11003		13.35479		12.86527
120		13.10996		13.35442		12.86551
121		13.10995		13.35437		12.86553
122		13.1108		13.3557		12.8659
123		13.11153		13.35702		12.86603
124		13.1114		13.35654		12.86626
125		13.11153		13.35673		12.86633
126		13.11103		13.35558		12.86648
127		13.11111		13.35566		12.86655
128		13.11211		13.35728		12.86694
129		13.1129		13.35869		12.86711
130		13.11179		13.35822		12.86536
131		13.11194		13.3582		12.86567
132		13.11162		13.35761		12.86563
133		13.11162		13.35765		12.86559
134		13.11134		13.35709		12.86559
135		13.11148		13.35712		12.86583
136		13.11122		13.3566		12.86584
137		13.11154		13.35697		12.86612
138		13.11126		13.35639		12.86613
139		13.11143		13.35649		12.86637
140		13.11118		13.35595		12.8664
141		13.11098		13.35538		12.86657
142		13.1108		13.35498		12.86662
143		13.1109		13.35496		12.86684
144		13.11067		13.35445		12.86689
145		13.11075		13.3544		12.86711
146		13.1106		13.35403		12.86717
147		13.1107		13.354		12.86739
148		13.11055		13.35365		12.86746
149		13.11066		13.35364		12.86768
150		13.11053		13.35331		12.86776
151		13.11042		13.35291		12.86794
152		13.11021		13.35242		12.86801
153		13.11027		13.35232		12.86821
154		13.10996		13.35219		12.86773
155		13.1102		13.35235		12.86804
156		13.11001		13.35202		12.86801
157		13.11014		13.35196		12.86831
158		13.11071		13.35301		12.86841
159		13.11043		13.35263		12.86823
160		13.11046		13.35263		12.86829
161		13.11043		13.35238		12.86848
162		13.11044		13.35233		12.86854
163		13.11035		13.35199		12.86872
164		13.1105		13.35218		12.86881
165		13.11039		13.3518		12.86898
166		13.11043		13.35179		12.86906
167		13.11034		13.35145		12.86923
168		13.1102		13.35149		12.86891
169		13.11031		13.35146		12.86917
170		13.11027		13.35138		12.86916
171		13.11015		13.35117		12.86913
172		13.11013		13.3511		12.86916
173		13.10979		13.35199		12.86759
174		13.11036		13.35282		12.8679
175		13.11043		13.35294		12.86792
176		13.11037		13.35277		12.86796
177		13.11025		13.35255		12.86796
178		13.10951		13.35253		12.86648
179		13.10946		13.35231		12.86661
180		13.10939		13.35218		12.8666
181		13.1087		13.3521		12.86529
182		13.10882		13.35216		12.86547
183		13.10911		13.3527		12.86552
184		13.10951		13.35326		12.86575
185		13.10935		13.35297		12.86573
186		13.109		13.35337		12.86463
187		13.10963		13.35436		12.86489
188		13.10974		13.35454		12.86493
189		13.10982		13.35454		12.8651
190		13.10963		13.35425		12.86502
191		13.10963		13.3541		12.86516
192		13.10948		13.35382		12.86514
193		13.10949		13.35368		12.86531
194		13.10982		13.35429		12.86535
195		13.10969		13.35391		12.86547
196		13.10967		13.35388		12.86546
197		13.11005		13.35444		12.86567
198		13.11043		13.35514		12.86572
199		13.10974		13.35485		12.86464
200		13.10988		13.35496		12.8648
201		13.10966		13.35455		12.86477
202		13.10973		13.35454		12.86492
203		13.10952		13.35416		12.86489
204		13.10959		13.35415		12.86504
205		13.10954		13.35397		12.86511
206		13.10972		13.35418		12.86525
207		13.10971		13.35416		12.86526
208		13.10971		13.35406		12.86537
209		13.10956		13.35377		12.86534
210		13.10906		13.35378		12.86435
211		13.10898		13.35349		12.86447
212		13.10893		13.35342		12.86444
213		13.10901		13.35343		12.86459
214		13.10893		13.35329		12.86457
215		13.1093		13.35385		12.86476
216		13.10911		13.3535		12.86472
217		13.10872		13.35359		12.86385
218		13.10877		13.35355		12.86399
219		13.10873		13.35348		12.86398
220		13.10825		13.3533		12.86319
221		13.10791		13.3533		12.86252
222		13.10783		13.35305		12.8626
223		13.10779		13.35299		12.86259
224		13.10811		13.35347		12.86274
225		13.10855		13.35428		12.86282
226		13.10854		13.35415		12.86292
227		13.10868		13.35437		12.86298
228		13.10821		13.35408		12.86233
229		13.10825		13.35407		12.86243
230		13.10807		13.35375		12.86239
231		13.10783		13.3538		12.86187
232		13.10787		13.35378		12.86196
233		13.10803		13.35407		12.86199
234		13.10812		13.35416		12.86209
235		13.10806		13.35405		12.86208
236		13.10813		13.35408		12.86218
237		13.10821		13.35423		12.8622
238		13.10833		13.35435		12.86231
239		13.10847		13.35459		12.86234
240		13.10864		13.35481		12.86246
241		13.10851		13.35459		12.86243
242		13.10881		13.35504		12.86257
243		13.10862		13.35466		12.86258
244		13.10866		13.35465		12.86266
245		13.10909		13.35544		12.86274
246		13.10926		13.35568		12.86285
247		13.10947		13.35606		12.86288
248		13.10969		13.35638		12.863
249		13.10956		13.35613		12.86298
250		13.10923		13.35603		12.86243
