step	mediator-max-opt_inst_loss_mean	mediator-max-opt_inst_loss_std_up	mediator-max-opt_inst_loss_std_down
1		67.19065		153.41425		-19.03295
2		12.18633		101.33948		-76.96682
3		23.05499		115.73083		-69.62086
4		14.04113		98.79073		-70.70846
5		-5.6744		62.34006		-73.68886
6		-12.79124		50.91729		-76.49976
7		-3.23719		63.80105		-70.27542
8		-13.63484		60.18643		-87.45611
9		-0.7161		76.96991		-78.40211
10		2.6553		84.43568		-79.12508
11		16.43142		102.49618		-69.63334
12		20.70532		111.30616		-69.89551
13		18.38598		88.23792		-51.46595
14		-7.91906		52.45111		-68.28923
15		8.7096		72.25715		-54.83795
16		9.168		76.06016		-57.72415
17		-24.44038		48.439		-97.31976
18		-15.49944		58.75369		-89.75257
19		-9.49702		71.10539		-90.09943
20		0.23041		82.61346		-82.15265
21		-9.98474		56.4219		-76.39138
22		3.12611		75.7531		-69.50087
23		6.69974		80.40999		-67.01052
24		-13.40219		25.97814		-52.78253
25		-3.8803		42.97251		-50.7331
26		2.73366		46.62826		-41.16094
27		-3.94065		43.34395		-51.22525
28		6.07922		50.88287		-38.72443
29		-20.87355		19.80257		-61.54966
30		-4.9267		37.89026		-47.74366
31		-5.186		39.88449		-50.25648
32		-5.45895		49.24532		-60.16321
33		-2.33717		52.08258		-56.75692
34		-39.96018		-11.4605		-68.45986
35		-28.42698		4.81952		-61.67348
36		-26.51405		5.20563		-58.23372
37		-14.27316		22.36695		-50.91327
38		-11.61529		23.67549		-46.90607
39		-15.63571		5.10337		-36.37479
40		-26.68591		6.98636		-60.35818
41		-31.49953		-4.59673		-58.40233
42		-26.33921		1.36961		-54.04804
43		-34.54367		-11.13816		-57.94918
44		-26.13448		-0.83824		-51.43073
45		-20.6918		5.20664		-46.59024
46		-11.55357		16.37199		-39.47914
47		-22.38893		3.80586		-48.58371
48		-9.93093		20.54447		-40.40632
49		-7.04452		22.09856		-36.18759
50		6.22108		39.80463		-27.36247
51		9.9576		42.37121		-22.45601
52		24.11805		61.14824		-12.91214
53		28.79651		64.8373		-7.24429
54		26.90302		51.57743		2.22861
55		35.13715		58.68608		11.58823
56		-3.92261		35.04282		-42.88805
57		-4.12907		29.17742		-37.43556
58		-0.9373		32.99817		-34.87276
59		12.64974		49.46296		-24.16349
60		16.7246		54.35202		-20.90281
61		-2.8497		11.63576		-17.33516
62		7.22759		25.74942		-11.29424
63		14.42617		30.55284		-1.7005
64		8.36726		43.34627		-26.61175
65		1.98946		65.71031		-61.73139
66		12.32144		76.98875		-52.34587
67		19.78812		90.24237		-50.66613
68		31.05687		102.81236		-40.69861
69		39.50963		117.42701		-38.40775
70		34.7709		105.74915		-36.20735
71		29.78276		113.72436		-54.15883
72		24.5321		100.53664		-51.47245
73		1.95962		59.73641		-55.81716
74		15.69912		74.47934		-43.08109
75		19.93449		83.82842		-43.95944
76		17.57458		67.31957		-32.17042
77		8.27228		67.12117		-50.57661
78		-11.74688		58.8237		-82.31746
79		-2.13786		72.8198		-77.09553
80		4.5678		82.77445		-73.63885
81		15.03548		98.03247		-67.96151
82		22.64501		109.31503		-64.02501
83		17.01867		85.95344		-51.9161
84		28.14166		105.01412		-48.73081
85		36.44098		113.03224		-40.15028
86		31.54074		103.65462		-40.57313
87		43.42806		117.12394		-30.26783
88		35.48647		93.40382		-22.43088
89		33.94509		90.3826		-22.49242
90		42.54985		99.39814		-14.29843
91		55.01659		117.38986		-7.35667
92		64.73039		127.82709		1.63368
93		61.31907		117.00358		5.63455
94		57.7282		119.62582		-4.16941
95		70.9938		135.58797		6.39963
96		64.50305		144.32427		-15.31818
97		64.48885		159.27037		-30.29267
98		57.65573		149.39999		-34.08853
99		57.28115		125.84461		-11.2823
100		67.11413		141.73635		-7.5081
101		63.82827		141.38482		-13.72827
102		43.32402		109.47899		-22.83096
103		25.14968		78.90874		-28.60937
104		36.70062		93.9367		-20.53545
105		45.45042		105.02071		-14.11988
106		23.97891		92.43369		-44.47588
107		21.83186		108.68302		-65.01929
108		29.79909		118.52885		-58.93066
109		7.50383		74.2372		-59.22954
110		4.48968		81.42569		-72.44634
111		11.54416		87.51689		-64.42858
112		22.37902		107.34905		-62.59101
113		13.32959		112.1458		-85.48662
114		10.62205		99.86911		-78.625
115		0.95384		87.49622		-85.58855
116		-2.40505		59.66351		-64.47362
117		4.28655		74.04867		-65.47557
118		-2.30603		67.16089		-71.77295
119		-9.24558		77.50394		-95.99509
120		-16.55037		75.6955		-108.79625
121		-24.23962		44.43292		-92.91217
122		-32.33358		10.93145		-75.5986
123		-57.89898		-39.48519		-76.31277
124		-47.30993		-25.80862		-68.81124
125		-46.39084		-25.9302		-66.85147
126		-86.33246		-42.43936		-130.22555
127		-77.23991		-35.48553		-118.99429
128		-77.89608		-29.50974		-126.28242
129		-68.35951		-21.87606		-114.84295
130		-68.54828		-15.18196		-121.91461
131		-58.51972		-6.79466		-110.24479
132		-58.19062		0.69491		-117.07615
133		-47.61692		9.9175		-105.15134
134		-46.71398		18.28811		-111.71608
135		-35.53625		28.43644		-99.50894
136		-33.99749		37.78297		-105.77795
137		-22.15047		48.95723		-93.25816
138		-36.95264		24.63964		-98.54492
139		-38.89752		13.02608		-90.82112
140		-37.53567		18.20018		-93.27151
141		-25.87486		31.69431		-83.44404
142		-23.82761		37.85235		-85.50756
143		-11.44533		52.38143		-75.27209
144		-8.63862		59.62949		-76.90674
145		4.54308		75.30535		-66.21919
146		8.19128		83.76102		-67.37846
147		22.25876		100.70752		-56.19
148		26.83936		110.5011		-56.82237
149		24.84287		98.68138		-48.99563
150		15.92312		95.92893		-64.08269
151		-3.69337		75.1601		-82.54683
152		-10.70594		59.86696		-81.27884
153		-18.08759		54.04281		-90.21799
154		-8.8123		67.43269		-85.05729
155		-19.50337		58.51918		-97.52593
156		-23.93896		28.54619		-76.42411
157		-18.38072		41.69438		-78.45583
158		-9.12085		49.2676		-67.50931
159		-2.78272		63.50896		-69.0744
160		7.2981		72.22986		-57.63366
161		-2.54507		44.29658		-49.38672
162		-23.13356		9.39058		-55.6577
163		-14.12385		22.27826		-50.52595
164		-8.04902		28.05544		-44.15349
165		-15.29084		25.77008		-56.35176
166		-22.9138		4.3563		-50.1839
167		-13.89252		21.08404		-48.86908
168		-7.80552		22.71452		-38.32556
169		-15.03452		5.51741		-35.58645
170		-5.59854		9.23069		-20.42777
171		0.92498		23.31155		-21.46158
172		11.20094		27.95154		-5.54966
173		18.60864		43.02997		-5.81268
174		-4.27559		42.40432		-50.9555
175		-7.90971		35.99714		-51.81656
176		-1.50783		44.42753		-47.44319
177		-8.40537		12.05599		-28.86673
178		1.37951		30.43677		-27.67774
179		8.2703		31.32284		-14.78224
180		18.93285		50.722		-12.85629
181		26.7475		52.67312		0.82188
182		21.33708		54.04498		-11.37082
183		32.68736		59.51306		5.86166
184		7.13502		22.8054		-8.53536
185		7.51055		41.14174		-26.12065
186		11.31493		40.88231		-18.25245
187		8.50136		51.37037		-34.36765
188		15.76698		53.42167		-21.88771
189		9.77864		53.99373		-34.43644
190		20.52058		59.71997		-18.67881
191		11.37334		64.63965		-41.89297
192		25.6083		75.05898		-23.84238
193		13.31974		39.93246		-13.29297
194		-3.02467		48.31291		-54.36226
195		3.63431		50.89272		-43.62409
196		14.05287		70.56866		-42.46293
197		21.61067		74.31895		-31.09761
198		15.92989		78.77659		-46.91681
199		26.99557		86.30713		-32.31598
200		1.14364		42.28096		-39.99368
201		1.20383		59.18474		-56.77707
202		4.67629		61.36667		-52.01409
203		-15.5321		25.21101		-56.2752
204		-6.12228		34.95026		-47.19482
205		-16.67174		37.3846		-70.72809
206		-20.95831		52.79944		-94.71605
207		-32.28859		36.7594		-101.33658
208		-37.39711		45.51184		-120.30606
209		-32.54726		48.875		-113.96953
210		-24.03287		67.51502		-115.58076
211		-18.47969		72.03608		-108.99546
212		-26.27064		45.09141		-97.63269
213		-34.47129		13.09166		-82.03424
214		-26.0579		31.60279		-83.71859
215		-20.61153		32.4842		-73.70727
216		-45.56159		6.83077		-97.95396
217		-34.32442		15.20529		-83.85413
218		-32.72148		25.0296		-90.47256
219		-20.80939		34.36102		-75.9798
220		-18.49484		45.19536		-82.18504
221		-5.83551		55.58688		-67.2579
222		-2.73236		67.54066		-73.00539
223		10.75392		79.10635		-57.59851
224		-2.3247		50.08073		-54.73013
225		14.58482		69.74843		-40.57879
226		15.35245		73.4194		-42.71451
227		16.16047		66.55563		-34.2347
228		20.4263		73.98553		-33.13294
229		18.10041		82.43524		-46.23441
230		25.89266		91.71224		-39.92691
231		20.46543		63.85727		-22.92641
232		31.82545		81.63827		-17.98736
233		40.26987		88.58351		-8.04377
234		18.30102		37.0756		-0.47356
235		15.89737		48.23441		-16.43966
236		6.34009		53.81938		-41.13919
237		3.33781		43.3721		-36.69648
238		10.52408		51.72588		-30.67771
239		20.92548		65.08599		-23.23502
240		29.17814		74.83014		-16.47386
241		24.33398		60.77102		-12.10305
242		18.21978		63.34268		-26.90311
243		28.26766		73.14028		-16.60495
244		18.03036		71.54383		-35.48312
245		16.22716		51.16593		-18.71161
246		4.2608		40.31677		-31.79517
247		2.21331		44.25837		-39.83175
248		12.141		60.85503		-36.57303
249		17.1		66.79145		-32.59145
250		0.0		0.0		0.0
