step	mediator-max-opt_cov_err_sq_T_mean	mediator-max-opt_cov_err_sq_T_std_up	mediator-max-opt_cov_err_sq_T_std_down
1		14.67		14.67		14.67
2		14.17		14.17		14.17
3		13.57		13.57		13.57
4		12.87		12.87		12.87
5		12.95		13.11		12.79
6		12.79		12.95		12.63
7		12.74111		12.99889		12.48333
8		12.725		13.015		12.435
9		12.718		13.022		12.414
10		12.71444		13.02556		12.40333
11		12.71245		13.02755		12.39735
12		12.71224		13.03023		12.39424
13		12.39148		12.78219		12.00077
14		12.39		12.78192		11.99808
15		12.38901		12.78174		11.99628
16		12.39333		12.78264		12.00403
17		12.39302		12.78259		12.00346
18		12.39168		12.7823		12.00106
19		12.39067		12.78209		11.99925
20		12.3899		12.78193		11.99787
21		12.39462		12.78301		12.00624
22		12.39459		12.783		12.00617
23		12.3934		12.78272		12.00409
24		12.39244		12.78249		12.0024
25		12.39166		12.78232		12.00101
26		12.39102		12.78217		11.99986
27		12.39048		12.78206		11.99891
28		12.39004		12.78196		11.99812
29		12.38967		12.78189		11.99745
30		12.38936		12.78182		11.99689
31		12.38909		12.78177		11.99642
32		12.38887		12.78172		11.99602
33		12.38869		12.78169		11.99569
34		12.38853		12.78165		11.9954
35		12.38839		12.78163		11.99516
36		12.3882		12.78159		11.99481
37		12.38798		12.78155		11.99441
38		12.38786		12.78153		11.99418
39		12.38773		12.7815		11.99396
40		12.38763		12.78148		11.99377
41		12.38753		12.78147		11.9936
42		12.38669		12.77976		11.99363
43		12.22663		12.54832		11.90494
44		12.22688		12.54844		11.90531
45		12.22684		12.54842		11.90526
46		12.22677		12.54839		11.90516
47		12.22741		12.54871		11.90611
48		12.22739		12.5487		11.90608
49		12.2277		12.54886		11.90655
50		12.22763		12.54882		11.90643
51		12.22747		12.54874		11.9062
52		12.22732		12.54866		11.90598
53		12.22806		12.54904		11.90709
54		12.228		12.54901		11.90699
55		12.22817		12.54909		11.90724
56		12.22801		12.54901		11.90702
57		12.22783		12.54892		11.90675
58		12.22767		12.54884		11.9065
59		12.22752		12.54876		11.90628
60		12.22738		12.54869		11.90607
61		12.22726		12.54863		11.90588
62		12.22714		12.54857		11.90571
63		12.22747		12.54874		11.90621
64		12.2274		12.5487		11.9061
65		12.22728		12.54864		11.90592
66		12.22753		12.54877		11.9063
67		12.22745		12.54873		11.90617
68		12.22733		12.54867		11.906
69		12.22723		12.54862		11.90584
70		12.22713		12.54857		11.9057
71		12.22704		12.54852		11.90556
72		12.22741		12.54871		11.90611
73		12.22736		12.54868		11.90603
74		12.22718		12.54738		11.90698
75		12.06711		12.06839		12.06583
76		12.06701		12.06822		12.06581
77		12.06692		12.06807		12.06577
78		12.06684		12.06793		12.06574
79		12.06676		12.06781		12.0657
80		12.06668		12.0677		12.06567
81		12.06661		12.0676		12.06563
82		12.06655		12.06751		12.06558
83		12.06649		12.06744		12.06554
84		12.06644		12.06737		12.0655
85		12.06638		12.06732		12.06545
86		12.06634		12.06727		12.06541
87		12.06629		12.06723		12.06536
88		12.06625		12.06719		12.06531
89		12.06622		12.06716		12.06527
90		12.06618		12.06714		12.06522
91		12.06607		12.06711		12.06502
92		12.06603		12.06709		12.06498
93		12.066		12.06707		12.06494
94		12.06598		12.06706		12.0649
95		12.06595		12.06704		12.06486
96		12.06627		12.06734		12.0652
97		12.06626		12.06734		12.06518
98		12.06623		12.06731		12.06514
99		12.06619		12.06728		12.0651
100		12.06616		12.06726		12.06506
101		12.06613		12.06723		12.06502
102		12.0661		12.06721		12.06498
103		12.06607		12.0672		12.06495
104		12.06605		12.06718		12.06491
105		12.06603		12.06717		12.06488
106		12.06601		12.06716		12.06485
107		12.06599		12.06715		12.06482
108		12.06597		12.06715		12.06479
109		12.06595		12.06714		12.06476
110		12.06594		12.06714		12.06474
111		12.06593		12.06714		12.06472
112		12.06591		12.06713		12.06469
113		12.0659		12.06713		12.06467
114		12.06589		12.06713		12.06465
115		12.06589		12.06714		12.06464
116		12.06588		12.06714		12.06462
117		12.06587		12.06714		12.0646
118		12.06601		12.06727		12.06475
119		12.06601		12.06728		12.06475
120		12.066		12.06727		12.06473
121		12.06574		12.06654		12.06494
122		12.06573		12.06653		12.06493
123		12.06572		12.06653		12.06492
124		12.06572		12.06653		12.06491
125		12.06571		12.06653		12.0649
126		12.06571		12.06653		12.06489
127		12.06551		12.066		12.06503
128		12.06551		12.06599		12.06503
129		12.06551		12.06599		12.06502
130		12.06551		12.066		12.06502
131		12.06565		12.06623		12.06506
132		12.06566		12.06624		12.06507
133		12.06565		12.06623		12.06507
134		12.06565		12.06622		12.06508
135		12.06565		12.06621		12.06508
136		12.06564		12.06621		12.06508
137		12.06565		12.0662		12.06509
138		12.06565		12.0662		12.06509
139		12.06564		12.0662		12.06509
140		12.06564		12.0662		12.06508
141		12.06564		12.06621		12.06507
142		12.06564		12.06621		12.06507
143		12.06563		12.06622		12.06504
144		12.06563		12.06622		12.06504
145		12.06563		12.06623		12.06503
146		12.06563		12.06624		12.06502
147		12.06563		12.06624		12.06501
148		12.06563		12.06625		12.065
149		12.06563		12.06626		12.06499
150		12.06576		12.06639		12.06512
151		12.06576		12.0664		12.06512
152		12.06565		12.06629		12.06502
153		12.06565		12.06629		12.06501
154		12.06564		12.06629		12.065
155		12.06564		12.06629		12.06499
156		12.06564		12.06629		12.06498
157		12.06564		12.06629		12.06499
158		12.06564		12.06629		12.06498
159		12.06563		12.0663		12.06497
160		12.06575		12.06646		12.06503
161		12.06575		12.06647		12.06503
162		12.06575		12.06646		12.06503
163		12.06574		12.06646		12.06502
164		12.06574		12.06646		12.06501
165		12.06573		12.06645		12.06501
166		12.06575		12.06645		12.06505
167		12.06575		12.06645		12.06505
168		12.06574		12.06645		12.06504
169		12.06574		12.06645		12.06503
170		12.06586		12.06663		12.06508
171		12.06586		12.06664		12.06508
172		12.06586		12.06663		12.06508
173		12.06585		12.06663		12.06507
174		12.06599		12.06689		12.06508
175		12.06599		12.0669		12.06508
176		12.06598		12.06688		12.06509
177		12.06598		12.06686		12.06509
178		12.06597		12.06685		12.06509
179		12.06596		12.06683		12.06509
180		12.06596		12.06682		12.06509
181		12.06595		12.06681		12.06509
182		12.06594		12.0668		12.06509
183		12.06594		12.06679		12.06509
184		12.06593		12.06678		12.06509
185		12.06582		12.06645		12.06518
186		12.0658		12.06644		12.06517
187		12.0658		12.06643		12.06517
188		12.06579		12.06642		12.06516
189		12.06579		12.06642		12.06516
190		12.06578		12.06641		12.06515
191		12.06578		12.06641		12.06515
192		12.06581		12.0664		12.06522
193		12.0657		12.06617		12.06523
194		12.06569		12.06616		12.06522
195		12.06568		12.06615		12.06521
196		12.06568		12.06615		12.06521
197		12.06568		12.06615		12.0652
198		12.06578		12.06635		12.06521
199		12.06578		12.06636		12.06521
200		12.06583		12.06635		12.0653
201		12.06582		12.06634		12.06531
202		12.06582		12.06633		12.0653
203		12.06581		12.06632		12.0653
204		12.0658		12.06632		12.06529
205		12.0658		12.06631		12.06529
206		12.0657		12.06617		12.06524
207		12.06561		12.06599		12.06522
208		12.0656		12.06598		12.06522
209		12.06559		12.06597		12.06522
210		12.06559		12.06596		12.06522
211		12.06559		12.06595		12.06522
212		12.06558		12.06595		12.06522
213		12.06558		12.06594		12.06522
214		12.0655		12.06584		12.06517
215		12.0655		12.06583		12.06517
216		12.06542		12.06569		12.06516
217		12.06542		12.06568		12.06516
218		12.06551		12.06591		12.06511
219		12.06551		12.06591		12.06511
220		12.0655		12.06589		12.06512
221		12.0655		12.06588		12.06512
222		12.0655		12.06587		12.06513
223		12.06559		12.06613		12.06506
224		12.0656		12.06613		12.06506
225		12.06569		12.06644		12.06494
226		12.06569		12.06645		12.06494
227		12.06568		12.06642		12.06494
228		12.06568		12.0664		12.06495
229		12.06567		12.06637		12.06496
230		12.06566		12.06635		12.06497
231		12.06565		12.06633		12.06498
232		12.06565		12.0663		12.06499
233		12.06564		12.06628		12.065
234		12.06558		12.06621		12.06495
235		12.06557		12.06619		12.06495
236		12.06557		12.06617		12.06496
237		12.06556		12.06615		12.06497
238		12.06556		12.06613		12.06498
239		12.06555		12.06611		12.06499
240		12.06555		12.0661		12.065
241		12.06554		12.06608		12.065
242		12.06554		12.06607		12.06501
243		12.06555		12.06605		12.06505
244		12.06555		12.06604		12.06506
245		12.06555		12.06602		12.06507
246		12.06554		12.06601		12.06507
247		12.06554		12.066		12.06508
248		12.06553		12.06599		12.06508
249		12.06553		12.06598		12.06508
250		12.06553		12.06597		12.06509
