step	mediator-max-opt_inst_loss_mean	mediator-max-opt_inst_loss_std_up	mediator-max-opt_inst_loss_std_down
1		84.72734		185.00475		-15.55007
2		27.69146		128.14812		-72.7652
3		18.92163		122.23095		-84.38769
4		-0.53704		102.43518		-103.50926
5		9.66197		114.17957		-94.85563
6		16.98867		130.86877		-96.89142
7		11.06463		115.80917		-93.6799
8		4.8288		119.61454		-109.95694
9		15.31022		129.91215		-99.2917
10		-11.15671		87.79221		-110.10562
11		-28.78935		47.72938		-105.30809
12		-23.4864		61.6115		-108.58431
13		-31.54071		62.25335		-125.33477
14		-40.01893		32.20908		-112.24694
15		-48.94337		7.24995		-105.13669
16		-75.38297		-23.81961		-126.94634
17		-65.71414		-9.77967		-121.6486
18		-65.76368		-8.56266		-122.96471
19		-55.58857		6.28182		-117.45896
20		-55.10519		8.34461		-118.55499
21		-44.3691		24.0803		-112.8185
22		-43.29522		27.08029		-113.67074
23		-48.98301		-1.49504		-96.47099
24		-44.74288		8.8123		-98.29807
25		-36.8705		15.90712		-89.64812
26		-31.99287		27.1335		-91.11924
27		-23.44943		35.19231		-82.09117
28		-17.86543		47.43638		-83.16724
29		-8.57844		56.56364		-73.72052
30		-19.25721		32.05506		-70.56948
31		-23.67984		27.17701		-74.53669
32		-18.10797		34.27202		-70.48795
33		-25.8792		-0.89044		-50.86796
34		-34.05944		6.05454		-74.17343
35		-25.62477		9.72535		-60.9749
36		-20.15526		23.91711		-64.22763
37		-28.03425		32.37777		-88.44626
38		-19.28246		45.69804		-84.26297
39		-13.47915		53.50584		-80.46414
40		-21.00676		49.85711		-91.87063
41		-28.93056		44.09441		-101.95553
42		-20.22595		57.9164		-98.36829
43		-14.47229		66.48672		-95.4313
44		-5.00672		81.48869		-91.50212
45		-15.4975		82.3193		-113.3143
46		-19.72225		51.54506		-90.98956
47		-13.94208		67.72243		-95.60659
48		-4.4486		74.85927		-83.75647
49		-14.91001		46.76763		-76.58765
50		-2.05838		61.22692		-65.34368
51		-15.80308		51.22469		-82.83086
52		-33.68028		5.66467		-73.02523
53		-28.63474		17.62653		-74.89602
54		-19.91456		23.90821		-63.73734
55		-14.14452		36.83429		-65.12332
56		-21.70715		48.32275		-91.73704
57		-29.66781		19.29626		-78.63187
58		-38.04745		9.5613		-85.65621
59		-29.82268		15.43211		-75.07747
60		-41.61957		14.50046		-97.73959
61		-30.17371		24.5262		-84.87362
62		-45.39816		1.07342		-91.86974
63		-47.78754		1.31884		-96.89391
64		-46.89358		2.80419		-96.59135
65		-35.7253		18.56069		-90.01129
66		-51.24194		20.10393		-122.58782
67		-36.89343		38.20749		-111.99435
68		-38.83519		40.21841		-117.88879
69		-23.83369		59.38062		-107.04801
70		-25.0881		62.50592		-112.68212
71		-9.36307		82.84116		-101.5673
72		-9.85586		87.20122		-106.91295
73		-10.37459		70.29462		-91.0438
74		-7.51153		81.03102		-96.05409
75		5.72949		95.29479		-83.83581
76		-7.60533		76.2336		-91.44426
77		-25.05106		36.25574		-86.35786
78		-19.55136		49.1194		-88.22211
79		-27.39856		33.54721		-88.34433
80		-35.65877		11.5921		-82.90963
81		-27.30827		19.46647		-74.08301
82		-21.92737		30.24148		-74.09621
83		-12.85417		39.09717		-64.80551
84		-6.71252		50.9085		-64.33354
85		-13.88399		53.25343		-81.02141
86		-4.38746		67.10797		-75.88289
87		-14.84565		45.14981		-74.8411
88		-19.03609		36.90502		-74.9772
89		-13.21981		41.64675		-68.08636
90		-3.68831		58.06195		-65.43857
91		2.93575		63.91683		-58.04534
92		-3.72792		59.35838		-66.81422
93		6.30315		69.46972		-56.86343
94		13.45307		83.16191		-56.25576
95		24.3884		94.52614		-45.74934
96		-1.60073		68.41512		-71.61657
97		-1.68497		61.13585		-64.5058
98		1.63543		68.62296		-65.35209
99		15.35787		84.99343		-54.27768
100		2.52982		78.65225		-73.59262
101		2.66297		77.71415		-72.38822
102		6.21221		85.00878		-72.58435
103		3.13008		54.1136		-47.85344
104		-6.93245		26.9969		-40.8618
105		6.33905		39.26342		-26.58533
106		10.08177		47.50253		-27.33899
107		7.2033		57.81989		-43.41329
108		-2.64485		42.4472		-47.7369
109		-6.19314		49.94991		-62.3362
110		0.29908		53.98706		-53.38889
111		-6.50336		68.25416		-81.26087
112		3.38163		75.12291		-68.35965
113		-23.71311		28.33935		-75.76558
114		-7.91572		46.87635		-62.70779
115		-8.33234		49.34352		-66.0082
116		8.27458		68.98601		-52.43686
117		8.71008		72.61685		-55.19669
118		9.1685		47.59142		-29.25441
119		-3.98531		24.13489		-32.1055
120		-4.19506		27.31507		-35.70519
121		-1.00676		28.61413		-30.62766
122		-4.46884		56.69084		-65.62852
123		2.11414		59.25315		-55.02487
124		12.45268		79.83185		-54.92648
125		19.92627		83.61167		-43.75913
126		14.15684		85.05462		-56.74094
127		25.12921		92.90043		-42.64202
128		33.26998		111.45849		-44.91853
129		28.20285		114.18671		-57.78101
130		5.82357		66.62509		-54.97794
131		2.72099		70.05964		-64.61767
132		9.68238		76.79647		-57.43171
133		3.3738		57.44054		-50.69295
134		-3.26682		47.88913		-54.42276
135		6.78852		62.0069		-48.42987
136		13.96399		70.68711		-42.75913
137		7.88075		80.73913		-64.97763
138		1.47735		82.58331		-79.62861
139		11.78238		98.77809		-75.21334
140		19.22068		109.15447		-70.7131
141		-3.63134		77.6077		-84.87037
142		-7.23155		57.3844		-71.8475
143		-17.83943		39.52576		-75.20463
144		-22.18744		52.53759		-96.91247
145		-16.53702		58.02004		-91.09408
146		-7.18012		75.385		-89.74523
147		-0.73983		82.06996		-83.54963
148		9.4485		100.7023		-81.8053
149		16.76397		108.71983		-75.19189
150		27.87356		128.75617		-73.00905
151		19.11331		127.20211		-88.97548
152		33.75564		150.69351		-83.18222
153		38.94135		158.86564		-80.98295
154		37.5818		139.4168		-64.2532
155		29.33252		114.23626		-55.57122
156		27.46724		137.08185		-82.14736
157		35.73107		144.36216		-72.90002
158		30.79347		135.54395		-73.95701
159		42.64145		148.75136		-63.46846
160		17.61301		118.11542		-82.8894
161		18.54001		107.10224		-70.02222
162		22.92489		118.82799		-72.97821
163		37.76783		136.02824		-60.49258
164		26.11924		122.97588		-70.73739
165		27.49394		99.75113		-44.76325
166		15.30463		71.43784		-40.82858
167		33.15559		92.24318		-25.932
168		34.90062		97.09808		-27.29685
169		36.73749		88.62713		-15.15214
170		25.03468		83.03173		-32.96237
171		43.39775		104.44728		-17.65177
172		45.68184		109.9445		-18.58081
173		48.08615		90.55955		5.61276
174		36.98064		74.22556		-0.26428
175		38.92699		59.85252		18.00146
176		44.38487		67.15333		21.6164
177		43.31182		68.66078		17.96287
178		52.40957		77.46166		27.35748
179		48.34979		76.94817		19.75141
180		61.12179		89.49548		32.7481
181		37.066		80.37213		-6.24014
182		56.06229		101.6477		10.47689
183		59.01294		106.99758		11.02831
184		28.02798		63.15952		-7.10357
185		39.73041		76.43954		3.02128
186		48.63966		87.50516		9.77417
187		61.42692		102.06856		20.78527
188		54.43264		95.8709		12.99437
189		70.93388		115.71642		26.15134
190		78.07633		124.02669		32.12597
191		78.77652		95.51411		62.03893
192		72.69538		89.8823		55.50846
193		73.11236		111.28408		34.94065
194		83.77856		120.64876		46.90836
195		81.36978		120.07181		42.66776
196		61.78876		106.81527		16.76225
197		44.58626		86.41809		2.75443
198		40.11472		87.0294		-6.79996
199		18.3624		68.66705		-31.94225
200		-1.12572		33.06217		-35.31361
201		9.04229		48.2149		-30.13031
202		16.33639		54.34412		-21.67133
203		10.37804		51.8671		-31.11103
204		4.10605		32.31242		-24.10032
205		-2.496		32.66032		-37.65233
206		7.59995		37.89942		-22.69953
207		14.81809		53.40251		-23.76633
208		25.82534		59.73082		-8.08015
209		34.00268		76.3869		-8.38154
210		46.0197		83.92299		8.11641
211		38.21469		64.66447		11.76491
212		53.86266		77.74994		29.97538
213		43.06158		69.7158		16.40736
214		45.32797		76.4798		14.17615
215		51.12257		80.07974		22.16541
216		33.35731		87.68109		-20.96647
217		45.33933		95.68734		-5.00869
218		54.54458		114.36873		-5.27956
219		67.64105		123.77854		11.50357
220		60.97177		130.31042		-8.36688
221		60.77263		145.5211		-23.97585
222		53.74034		116.4408		-8.96013
223		70.19887		141.43501		-1.03727
224		77.3047		147.04183		7.56757
225		43.90323		95.74882		-7.94235
226		8.67463		83.37037		-66.0211
227		5.7268		76.26789		-64.81429
228		12.85877		90.68361		-64.96608
229		6.73364		103.91827		-90.451
230		0.24844		87.20475		-86.70787
231		-6.52849		68.61527		-81.67224
232		-13.72735		55.47114		-82.92584
233		-4.29575		70.59969		-79.19119
234		2.36053		79.09326		-74.37219
235		12.58534		95.38654		-70.21585
236		2.85375		79.01987		-73.31237
237		16.34783		101.07151		-68.37584
238		20.71354		105.11638		-63.68929
239		34.93373		128.23965		-58.37219
240		40.34801		133.71051		-53.01449
241		39.28166		119.36447		-40.80115
242		48.74405		132.1759		-34.68779
243		45.25024		148.21965		-57.71918
244		39.81511		123.07917		-43.44895
245		22.64553		96.44243		-51.15137
246		19.56392		86.28336		-47.15552
247		2.41965		65.42359		-60.58429
248		27.075		93.39493		-39.24493
249		28.5		98.31046		-41.31046
250		0.0		0.0		0.0
