step	mediator-max-opt_runtime_mean	mediator-max-opt_runtime_std_up	mediator-max-opt_runtime_std_down
1		0.00018		0.0002		0.00015
2		0.30277		0.47486		0.13068
3		0.55824		0.74545		0.37104
4		0.5682		0.75561		0.3808
5		0.6375		0.89866		0.37634
6		0.64838		0.90932		0.38744
7		0.65917		0.92054		0.39779
8		0.67003		0.93223		0.40784
9		0.68051		0.94301		0.41801
10		0.6921		0.95383		0.43037
11		0.70402		0.96572		0.44232
12		0.77281		1.03083		0.51478
13		0.78378		1.04137		0.52619
14		0.84511		1.13812		0.55209
15		0.85512		1.148		0.56224
16		0.91352		1.26436		0.56267
17		0.92405		1.2752		0.5729
18		0.98134		1.40336		0.55932
19		0.99227		1.41397		0.57057
20		1.04802		1.54526		0.55079
21		1.05866		1.55576		0.56157
22		1.0692		1.56592		0.57249
23		1.07999		1.57644		0.58355
24		1.09059		1.58641		0.59478
25		1.10104		1.5964		0.60567
26		1.11139		1.60647		0.61631
27		1.12171		1.61684		0.62657
28		1.19163		1.79203		0.59124
29		1.25255		1.94628		0.55882
30		1.26278		1.95664		0.56891
31		1.33447		2.14327		0.52566
32		1.39142		2.2879		0.49494
33		1.40184		2.29851		0.50516
34		1.46141		2.45229		0.47053
35		1.47228		2.46282		0.48175
36		1.5272		2.60424		0.45015
37		1.53809		2.61483		0.46135
38		1.59633		2.76609		0.42657
39		1.60672		2.77641		0.43703
40		1.65905		2.91054		0.40757
41		1.66932		2.92038		0.41825
42		1.72531		3.06505		0.38557
43		1.73617		3.07569		0.39665
44		1.80676		3.21557		0.39795
45		1.83572		3.23582		0.43561
46		1.88611		3.36482		0.4074
47		1.89654		3.37531		0.41777
48		1.99461		3.51934		0.46988
49		2.00554		3.52976		0.48131
50		2.11526		3.71322		0.51731
51		2.2074		3.8926		0.52221
52		2.33664		4.07928		0.594
53		2.3466		4.08907		0.60414
54		2.44399		4.14905		0.73892
55		2.49376		4.18811		0.79941
56		2.54617		4.22309		0.86926
57		2.63949		4.27968		0.99929
58		2.69161		4.31589		1.06732
59		2.79255		4.38034		1.20476
60		2.89415		4.45899		1.32931
61		2.99649		4.51914		1.47383
62		3.04572		4.56524		1.52621
63		3.1088		4.59518		1.62242
64		3.15734		4.64278		1.6719
65		3.16762		4.65297		1.68227
66		3.25691		4.72251		1.79132
67		3.26718		4.73269		1.80168
68		3.34581		4.79613		1.89549
69		3.35647		4.80684		1.9061
70		3.40899		4.84436		1.97362
71		3.41947		4.85487		1.98407
72		3.47154		4.89672		2.04636
73		3.48173		4.90688		2.05658
74		3.57046		5.05802		2.0829
75		3.65892		5.16848		2.14936
76		3.71001		5.21542		2.20459
77		3.75967		5.22119		2.29815
78		3.81031		5.27091		2.3497
79		3.87078		5.42162		2.31995
80		3.9574		5.57767		2.33712
81		3.9676		5.5877		2.3475
82		4.06817		5.76115		2.37519
83		4.11932		5.82156		2.41708
84		4.16536		5.93138		2.39933
85		4.21455		5.99211		2.43699
86		4.22475		6.00221		2.44729
87		4.27291		6.06465		2.48117
88		4.3264		6.19282		2.45997
89		4.41044		6.3548		2.46609
90		4.42057		6.36484		2.47629
91		4.51361		6.55113		2.47609
92		4.56058		6.66184		2.45933
93		4.66252		6.7426		2.58243
94		4.74774		6.9084		2.58708
95		4.79598		6.91893		2.67302
96		4.88145		7.08589		2.677
97		4.93007		7.09881		2.76133
98		5.02434		7.28004		2.76864
99		5.11123		7.35746		2.86501
100		5.16439		7.48223		2.84654
101		5.30408		7.69006		2.9181
102		5.39113		7.76778		3.01447
103		5.4917		7.90189		3.08152
104		5.64904		8.08033		3.21775
105		5.65914		8.09035		3.22793
106		5.8284		8.27828		3.37851
107		5.83878		8.28898		3.38858
108		5.9745		8.48472		3.46428
109		6.02236		8.5953		3.44942
110		6.06955		8.66822		3.47088
111		6.1958		8.81036		3.58124
112		6.29571		9.01205		3.57936
113		6.45075		9.19817		3.70333
114		6.46123		9.20924		3.71321
115		6.62578		9.40425		3.84731
116		6.63578		9.4139		3.85766
117		6.80339		9.63243		3.97435
118		6.85845		9.75997		3.95692
119		7.02187		9.95614		4.08761
120		7.03211		9.96652		4.0977
121		7.19461		10.1732		4.21601
122		7.20497		10.18343		4.22651
123		7.3611		10.37946		4.34274
124		7.37134		10.38933		4.35336
125		7.54699		10.62568		4.46831
126		7.63617		10.80853		4.46381
127		7.75403		10.94126		4.5668
128		7.80077		11.01352		4.58802
129		7.92436		11.15249		4.69624
130		7.97161		11.22572		4.7175
131		8.08602		11.35621		4.81583
132		8.13493		11.43239		4.83746
133		8.24827		11.56227		4.93427
134		8.29853		11.63965		4.95741
135		8.42392		11.78947		5.05837
136		8.51093		11.96212		5.05974
137		8.59057		12.00649		5.17464
138		8.69047		12.20004		5.18089
139		8.82303		12.32123		5.32482
140		8.90989		12.45562		5.36416
141		9.02705		12.63672		5.41738
142		9.07424		12.66649		5.482
143		9.20037		12.86218		5.53856
144		9.28523		12.95444		5.61601
145		9.36656		13.07439		5.65873
146		9.44839		13.16602		5.73076
147		9.52771		13.28334		5.77208
148		9.61045		13.37814		5.84276
149		9.69931		13.49854		5.90009
150		9.81345		13.6119		6.015
151		9.86123		13.71349		6.00897
152		9.97393		13.82534		6.12252
153		10.02678		13.93818		6.11538
154		10.20008		14.16133		6.23883
155		10.2808		14.25505		6.30655
156		10.35731		14.36672		6.34791
157		10.44872		14.47998		6.41746
158		10.56761		14.67282		6.4624
159		10.66037		14.80016		6.52058
160		10.77127		14.91378		6.62876
161		10.82411		15.026		6.62221
162		10.97551		15.23271		6.71831
163		10.98614		15.2435		6.72878
164		11.16323		15.47858		6.84788
165		11.25443		15.61037		6.89848
166		11.36931		15.73388		7.00475
167		11.41493		15.82812		7.00174
168		11.53916		15.96676		7.11156
169		11.62297		16.12567		7.12026
170		11.72398		16.20238		7.24558
171		11.80989		16.33574		7.28404
172		11.89153		16.4582		7.32486
173		11.94709		16.50085		7.39333
174		12.06367		16.64786		7.47949
175		12.07412		16.65858		7.48966
176		12.19557		16.82576		7.56539
177		12.24186		16.92272		7.56099
178		12.32078		16.98906		7.65249
179		12.36599		17.08303		7.64895
180		12.44409		17.15046		7.73771
181		12.48866		17.24369		7.73364
182		12.56495		17.30963		7.82028
183		12.61623		17.41844		7.81403
184		12.7365		17.58686		7.88614
185		12.78776		17.69483		7.8807
186		12.90678		17.86498		7.94859
187		12.95061		17.95733		7.94389
188		13.05542		18.05058		8.06026
189		13.16654		18.20364		8.12945
190		13.17672		18.21386		8.13958
191		13.30619		18.39675		8.21564
192		13.39414		18.52849		8.25978
193		13.47213		18.6018		8.34247
194		13.51825		18.69956		8.33694
195		13.59726		18.77497		8.41956
196		13.64094		18.86625		8.41562
197		13.71976		18.94511		8.4944
198		13.76432		19.03864		8.48999
199		13.84237		19.11495		8.5698
200		13.89206		19.22212		8.562
201		14.0166		19.40286		8.63033
202		14.09182		19.52515		8.65849
203		14.16428		19.60477		8.72379
204		14.27571		19.77971		8.77172
205		14.35656		19.91777		8.79535
206		14.43349		20.04295		8.82402
207		14.47604		20.08627		8.86582
208		14.55148		20.21108		8.89187
209		14.59545		20.25633		8.93456
210		14.66991		20.37919		8.96063
211		14.71547		20.42654		9.0044
212		14.82291		20.58879		9.05703
213		14.90829		20.68237		9.13421
214		15.01683		20.84168		9.19198
215		15.05449		20.88277		9.2262
216		15.17643		21.05618		9.29667
217		15.21991		21.10311		9.33672
218		15.29745		21.23074		9.36416
219		15.3416		21.27848		9.40472
220		15.41722		21.40099		9.43345
221		15.45949		21.44727		9.47171
222		15.54709		21.58383		9.51035
223		15.61887		21.6605		9.57723
224		15.6626		21.75108		9.57412
225		15.7359		21.82978		9.64201
226		15.77905		21.91789		9.6402
227		15.86459		22.01107		9.71811
228		15.98022		22.18116		9.77928
229		16.05338		22.26184		9.84491
230		16.14538		22.41432		9.87643
231		16.29382		22.62168		9.96597
232		16.34188		22.674		10.00976
233		16.47765		22.8681		10.0872
234		16.48751		22.87815		10.09687
235		16.62454		23.07217		10.17691
236		16.63498		23.08272		10.18725
237		16.77996		23.28565		10.27428
238		16.79104		23.29697		10.2851
239		16.94303		23.50918		10.37687
240		16.98468		23.55529		10.41407
241		17.11188		23.73935		10.4844
242		17.18479		23.82234		10.54723
243		17.26313		23.95631		10.56994
244		17.36822		24.11404		10.6224
245		17.41013		24.16005		10.6602
246		17.51812		24.32113		10.7151
247		17.55748		24.36423		10.75073
248		17.66937		24.53939		10.79934
249		17.74049		24.65779		10.8232
250		17.83365		24.76455		10.90276
