step	mediator-max-opt_reward_mean	mediator-max-opt_reward_std_up	mediator-max-opt_reward_std_down
1		-1.0		-1.0		-1.0
2		8.2		28.6		-12.2
3		17.4		42.3848		-7.5848
4		16.4		41.3848		-8.5848
5		15.4		40.3848		-9.5848
6		14.4		39.3848		-10.5848
7		13.4		38.3848		-11.5848
8		12.4		37.3848		-12.5848
9		11.4		36.3848		-13.5848
10		10.4		35.3848		-14.5848
11		9.4		34.3848		-15.5848
12		8.4		33.3848		-16.5848
13		7.4		32.3848		-17.5848
14		6.4		31.3848		-18.5848
15		5.4		30.3848		-19.5848
16		4.4		29.3848		-20.5848
17		3.4		28.3848		-21.5848
18		2.4		27.3848		-22.5848
19		1.4		26.3848		-23.5848
20		0.4		25.3848		-24.5848
21		29.6		84.73837		-25.53837
22		28.6		83.73837		-26.53837
23		27.6		82.73837		-27.53837
24		26.6		81.73837		-28.53837
25		25.6		80.73837		-29.53837
26		24.6		79.73837		-30.53837
27		23.6		78.73837		-31.53837
28		32.8		91.66051		-26.06051
29		31.8		90.66051		-27.06051
30		30.8		89.66051		-28.06051
31		29.8		88.66051		-29.06051
32		28.8		87.66051		-30.06051
33		27.8		86.66051		-31.06051
34		47.2		115.97034		-21.57034
35		46.2		114.97034		-22.57034
36		65.4		120.90712		9.89288
37		74.6		133.84053		15.35947
38		83.8		124.40739		43.19261
39		82.8		123.40739		42.19261
40		81.8		122.40739		41.19261
41		101.2		139.48002		62.91998
42		110.4		155.79868		65.00132
43		119.6		157.66626		81.53374
44		118.6		156.66626		80.53374
45		117.6		155.66626		79.53374
46		126.8		167.6578		85.9422
47		125.8		166.6578		84.9422
48		124.8		165.6578		83.9422
49		123.8		164.6578		82.9422
50		122.8		163.6578		81.9422
51		132.0		183.78031		80.21969
52		151.4		207.27343		95.52657
53		160.6		220.18389		101.01611
54		159.6		219.18389		100.01611
55		158.6		218.18389		99.01611
56		157.6		217.18389		98.01611
57		156.6		216.18389		97.01611
58		155.6		215.18389		96.01611
59		185.0		223.49675		146.50325
60		184.0		222.49675		145.50325
61		193.2		226.0962		160.3038
62		192.2		225.0962		159.3038
63		221.6		246.61679		196.58321
64		220.6		245.61679		195.58321
65		239.8		294.58467		185.01533
66		249.0		307.66856		190.33144
67		248.0		306.66856		189.33144
68		247.0		305.66856		188.33144
69		266.2		316.88885		215.51115
70		265.2		315.88885		214.51115
71		284.4		367.95262		200.84738
72		283.4		366.95262		199.84738
73		282.4		365.95262		198.84738
74		281.4		364.95262		197.84738
75		280.4		363.95262		196.84738
76		279.4		362.95262		195.84738
77		298.6		379.94765		217.25235
78		297.6		378.94765		216.25235
79		296.6		377.94765		215.25235
80		295.6		376.94765		214.25235
81		294.6		375.94765		213.25235
82		293.6		374.94765		212.25235
83		292.6		373.94765		211.25235
84		311.8		397.68923		225.91077
85		310.8		396.68923		224.91077
86		309.8		395.68923		223.91077
87		329.0		415.26471		242.73529
88		328.0		414.26471		241.73529
89		327.0		413.26471		240.73529
90		326.0		412.26471		239.73529
91		325.0		411.26471		238.73529
92		324.0		410.26471		237.73529
93		363.4		469.33885		257.46115
94		362.4		468.33885		256.46115
95		361.4		467.33885		255.46115
96		390.8		524.94828		256.65172
97		389.8		523.94828		255.65172
98		388.8		522.94828		254.65172
99		387.8		521.94828		253.65172
100		397.0		513.97521		280.02479
101		416.2		564.18838		268.21162
102		415.2		563.18838		267.21162
103		444.6		599.37933		289.82067
104		443.6		598.37933		288.82067
105		442.6		597.37933		287.82067
106		441.6		596.37933		286.82067
107		440.6		595.37933		285.82067
108		439.6		594.37933		284.82067
109		438.6		593.37933		283.82067
110		457.8		605.60988		309.99012
111		467.0		619.00132		314.99868
112		466.0		618.00132		313.99868
113		465.0		617.00132		312.99868
114		464.0		616.00132		311.99868
115		503.4		693.81702		312.98298
116		522.8		696.80391		348.79609
117		542.0		733.95416		350.04584
118		541.0		732.95416		349.04584
119		540.0		731.95416		348.04584
120		539.0		730.95416		347.04584
121		538.0		729.95416		346.04584
122		547.2		734.71363		359.68637
123		546.2		733.71363		358.68637
124		545.2		732.71363		357.68637
125		544.2		731.71363		356.68637
126		543.2		730.71363		355.68637
127		542.2		729.71363		354.68637
128		561.4		752.03326		370.76674
129		560.4		751.03326		369.76674
130		569.6		770.29439		368.90561
131		568.6		769.29439		367.90561
132		608.0		784.87623		431.12377
133		607.0		783.87623		430.12377
134		646.4		817.65957		475.14043
135		645.4		816.65957		474.14043
136		644.4		815.65957		473.14043
137		673.8		878.90524		468.69476
138		672.8		877.90524		467.69476
139		671.8		876.90524		466.69476
140		681.0		892.11419		469.88581
141		700.2		888.9235		511.4765
142		699.2		887.9235		510.4765
143		698.2		886.9235		509.4765
144		697.2		885.9235		508.4765
145		726.4		884.88987		567.91013
146		725.4		883.88987		566.91013
147		734.6		893.66804		575.53196
148		733.6		892.66804		574.53196
149		732.6		891.66804		573.53196
150		751.8		942.49389		561.10611
151		771.0		966.87751		575.12249
152		770.0		965.87751		574.12249
153		769.0		964.87751		573.12249
154		798.4		1018.70942		578.09058
155		797.4		1017.70942		577.09058
156		806.6		1013.93413		599.26587
157		805.6		1012.93413		598.26587
158		804.6		1011.93413		597.26587
159		823.8		1066.57018		581.02982
160		822.8		1065.57018		580.02982
161		821.8		1064.57018		579.02982
162		820.8		1063.57018		578.02982
163		840.0		1119.55608		560.44392
164		839.0		1118.55608		559.44392
165		838.0		1117.55608		558.44392
166		847.2		1126.0766		568.3234
167		896.6		1167.72772		625.47228
168		895.6		1166.72772		624.47228
169		894.6		1165.72772		623.47228
170		893.6		1164.72772		622.47228
171		892.6		1163.72772		621.47228
172		891.6		1162.72772		620.47228
173		900.8		1189.27281		612.32719
174		899.8		1188.27281		611.32719
175		898.8		1187.27281		610.32719
176		897.8		1186.27281		609.32719
177		927.2		1245.88128		608.51872
178		936.4		1257.60623		615.19377
179		935.4		1256.60623		614.19377
180		954.6		1252.10334		657.09666
181		953.6		1251.10334		656.09666
182		972.8		1264.87629		680.72371
183		1012.2		1299.11281		725.28719
184		1011.2		1298.11281		724.28719
185		1010.2		1297.11281		723.28719
186		1009.2		1296.11281		722.28719
187		1008.2		1295.11281		721.28719
188		1007.2		1294.11281		720.28719
189		1006.2		1293.11281		719.28719
190		1005.2		1292.11281		718.28719
191		1024.4		1308.56798		740.23202
192		1033.6		1303.67081		763.52919
193		1032.6		1302.67081		762.52919
194		1061.8		1320.07303		803.52697
195		1071.0		1345.93854		796.06146
196		1120.4		1393.29309		847.50691
197		1149.6		1374.84085		924.35915
198		1148.6		1373.84085		923.35915
199		1177.8		1362.9825		992.6175
200		1176.8		1361.9825		991.6175
201		1175.8		1360.9825		990.6175
202		1195.0		1378.16441		1011.83559
203		1194.0		1377.16441		1010.83559
204		1213.2		1432.99845		993.40155
205		1232.4		1456.04311		1008.75689
206		1231.4		1455.04311		1007.75689
207		1240.6		1459.54164		1021.65836
208		1239.6		1458.54164		1020.65836
209		1238.6		1457.54164		1019.65836
210		1237.6		1456.54164		1018.65836
211		1236.6		1455.54164		1017.65836
212		1235.6		1454.54164		1016.65836
213		1275.0		1455.58018		1094.41982
214		1274.0		1454.58018		1093.41982
215		1273.0		1453.58018		1092.41982
216		1272.0		1452.58018		1091.41982
217		1281.2		1458.78423		1103.61577
218		1280.2		1457.78423		1102.61577
219		1279.2		1456.78423		1101.61577
220		1298.4		1513.55167		1083.24833
221		1327.8		1544.41523		1111.18477
222		1347.0		1599.41315		1094.58685
223		1346.0		1598.41315		1093.58685
224		1355.2		1600.12317		1110.27683
225		1354.2		1599.12317		1109.27683
226		1363.4		1602.34485		1124.45515
227		1382.6		1627.556		1137.644
228		1381.6		1626.556		1136.644
229		1380.6		1625.556		1135.644
230		1389.8		1623.10272		1156.49728
231		1409.0		1654.33895		1163.66105
232		1408.0		1653.33895		1162.66105
233		1407.0		1652.33895		1161.66105
234		1416.2		1650.80213		1181.59787
235		1435.4		1703.37806		1167.42194
236		1434.4		1702.37806		1166.42194
237		1443.6		1702.59699		1184.60301
238		1452.8		1704.11367		1201.48633
239		1451.8		1703.11367		1200.48633
240		1450.8		1702.11367		1199.48633
241		1449.8		1701.11367		1198.48633
242		1448.8		1700.11367		1197.48633
243		1447.8		1699.11367		1196.48633
244		1467.0		1707.52027		1226.47973
245		1476.2		1707.1315		1245.2685
246		1495.4		1720.95053		1269.84947
247		1504.6		1734.71701		1274.48299
248		1503.6		1733.71701		1273.48299
249		1502.6		1732.71701		1272.48299
250		1501.6		1731.71701		1271.48299
