step	mediator-max-opt_cov_err_sq_T_mean	mediator-max-opt_cov_err_sq_T_std_up	mediator-max-opt_cov_err_sq_T_std_down
1		15.07		15.87		14.27
2		14.65		15.25133		14.04867
3		14.47		15.58355		13.35645
4		13.87444		15.13181		12.61708
5		13.61444		14.5717		12.65718
6		13.50556		14.22613		12.78498
7		13.34556		14.22603		12.46508
8		13.39444		14.2162		12.57269
9		13.39889		14.21785		12.57993
10		13.20689		14.20114		12.21264
11		13.188		14.20011		12.17589
12		13.17692		14.19987		12.15397
13		13.16994		14.19984		12.14004
14		13.16531		14.19987		12.13075
15		13.16211		14.19992		12.12431
16		13.15984		14.19996		12.11971
17		13.15818		14.2		12.11635
18		13.15694		14.20004		12.11385
19		13.156		14.20006		12.11195
20		13.15528		14.20009		12.11048
21		13.15379		14.19797		12.10961
22		12.99335		13.86897		12.11773
23		12.75297		13.37324		12.1327
24		12.71712		13.3234		12.11085
25		12.70745		13.3115		12.1034
26		12.70427		13.30785		12.10069
27		12.70324		13.30679		12.0997
28		12.70305		13.3067		12.09939
29		12.7032		13.30701		12.09938
30		12.70472		13.30693		12.10252
31		12.68565		13.25665		12.11465
32		12.50859		12.87391		12.14326
33		12.29061		12.58637		11.99485
34		12.26397		12.55815		11.9698
35		12.28613		12.58703		11.98523
36		12.27609		12.57608		11.9761
37		12.29767		12.60704		11.98829
38		12.2923		12.59968		11.98492
39		12.27027		12.57158		11.96896
40		12.25604		12.55698		11.95511
41		12.2436		12.54024		11.94696
42		12.25562		12.55154		11.95971
43		12.25232		12.54766		11.95698
44		12.24364		12.53967		11.94761
45		12.237		12.53409		11.93991
46		12.24569		12.54146		11.94991
47		12.24356		12.53974		11.94739
48		12.23741		12.53479		11.94003
49		12.24542		12.54181		11.94903
50		12.24412		12.54089		11.94735
51		12.23851		12.5364		11.94063
52		12.23004		12.53153		11.92856
53		12.0667		12.56855		11.56486
54		12.06365		12.56495		11.56234
55		12.07004		12.57059		11.56949
56		12.06914		12.56975		11.56854
57		12.07006		12.56363		11.57649
58		12.06666		12.55877		11.57455
59		12.06391		12.55777		11.57005
60		12.06305		12.55852		11.56757
61		12.06036		12.55696		11.56375
62		12.06305		12.56065		11.56545
63		11.90252		12.48658		11.31845
64		11.92771		12.48548		11.36994
65		11.92618		12.48392		11.36843
66		11.91066		12.48163		11.3397
67		11.90249		12.48154		11.32344
68		11.89665		12.48048		11.31282
69		11.89274		12.47959		11.30589
70		11.89215		12.48009		11.30421
71		11.89016		12.47931		11.301
72		11.88836		12.47854		11.29818
73		11.88933		12.4809		11.29776
74		11.88799		12.47997		11.29601
75		11.88754		12.47996		11.29511
76		11.88653		12.47907		11.29399
77		11.88228		12.46944		11.29513
78		11.72162		12.1094		11.33384
79		11.72242		12.10948		11.33535
80		11.72231		12.10731		11.33732
81		11.72176		12.10658		11.33693
82		11.72096		12.10594		11.33599
83		11.71265		12.09145		11.33385
84		11.71209		12.09092		11.33325
85		11.71287		12.09101		11.33473
86		11.71153		12.08879		11.33427
87		11.71135		12.08892		11.33378
88		11.71371		12.09352		11.33389
89		11.71355		12.09356		11.33355
90		11.71241		12.09175		11.33307
91		11.71161		12.09052		11.3327
92		11.71185		12.08953		11.33417
93		11.7142		12.09372		11.33467
94		11.71406		12.09373		11.33439
95		11.71313		12.09228		11.33399
96		11.71243		12.09121		11.33366
97		11.70827		12.08362		11.33291
98		11.54783		11.92363		11.17203
99		11.5393		11.92161		11.15698
100		11.53908		11.92112		11.15703
101		11.53955		11.92202		11.15708
102		11.53968		11.92187		11.15748
103		11.5398		11.92158		11.15802
104		11.54007		11.92151		11.15863
105		11.54001		11.92137		11.15865
106		11.53958		11.92152		11.15764
107		11.53376		11.92016		11.14737
108		11.53345		11.91981		11.14709
109		11.53104		11.92022		11.14185
110		11.53101		11.92013		11.14189
111		11.53017		11.91976		11.14057
112		11.53019		11.91959		11.14079
113		11.53024		11.91938		11.1411
114		11.53193		11.92095		11.14291
115		11.5322		11.921		11.14341
116		11.53216		11.92068		11.14364
117		11.53222		11.92053		11.14392
118		11.53181		11.92022		11.14339
119		11.53013		11.91975		11.14051
120		11.53016		11.92		11.14032
121		11.53022		11.91998		11.14046
122		11.53031		11.91993		11.14068
123		11.53119		11.92029		11.14208
124		11.53118		11.92013		11.14223
125		11.53124		11.92025		11.14224
126		11.53121		11.92042		11.14201
127		11.5314		11.92031		11.14248
128		11.53161		11.92066		11.14255
129		11.53139		11.92051		11.14227
130		11.53029		11.91847		11.14211
131		11.37008		11.68979		11.05037
132		11.36914		11.68957		11.0487
133		11.36907		11.68953		11.0486
134		11.36916		11.68947		11.04884
135		11.36904		11.68965		11.04843
136		11.36939		11.68975		11.04903
137		11.36938		11.68974		11.04902
138		11.36945		11.69002		11.04887
139		11.36943		11.68993		11.04894
140		11.36985		11.6901		11.0496
141		11.37003		11.69018		11.04987
142		11.37006		11.69044		11.04967
143		11.36987		11.69028		11.04945
144		11.37007		11.69063		11.04951
145		11.36973		11.69045		11.049
146		11.36945		11.69026		11.04865
147		11.36999		11.69077		11.04921
148		11.36999		11.69072		11.04926
149		11.36975		11.69059		11.04892
150		11.36964		11.6905		11.04878
151		11.36974		11.6908		11.04869
152		11.36962		11.69073		11.04852
153		11.36897		11.69038		11.04757
154		11.36911		11.6907		11.04752
155		11.37034		11.69132		11.04937
156		11.36963		11.69094		11.04832
157		11.36941		11.69106		11.04775
158		11.36884		11.69076		11.04692
159		11.36882		11.69099		11.04666
160		11.3687		11.69091		11.04649
161		11.36871		11.69091		11.0465
162		11.36852		11.6908		11.04624
163		11.36854		11.69105		11.04603
164		11.36864		11.6911		11.04618
165		11.36867		11.69111		11.04623
166		11.36867		11.69135		11.046
167		11.3688		11.69157		11.04603
168		11.36877		11.69156		11.04599
169		11.36874		11.6915		11.04598
170		11.36866		11.69143		11.0459
171		11.36863		11.69138		11.04588
172		11.3681		11.6911		11.04509
173		11.36806		11.69108		11.04505
174		11.36844		11.69125		11.04564
175		11.36857		11.69154		11.04561
176		11.36855		11.69178		11.04531
177		11.36818		11.6916		11.04476
178		11.36791		11.69142		11.0444
179		11.36777		11.6913		11.04423
180		11.36812		11.69144		11.04481
181		11.36814		11.69142		11.04487
182		11.36803		11.69136		11.04471
183		11.368		11.69157		11.04444
184		11.36787		11.69147		11.04427
185		11.36766		11.69134		11.04397
186		11.3678		11.69164		11.04396
187		11.36775		11.69161		11.04389
188		11.36791		11.69167		11.04414
189		11.36776		11.69182		11.04371
190		11.3678		11.69184		11.04376
191		11.36779		11.69181		11.04376
192		11.36787		11.69207		11.04367
193		11.3678		11.69202		11.04358
194		11.36775		11.692		11.0435
195		11.36784		11.69224		11.04344
196		11.36824		11.69245		11.04402
197		11.36782		11.69219		11.04345
198		11.36776		11.69213		11.04339
199		11.36727		11.69185		11.04269
200		11.36721		11.6918		11.04263
201		11.36746		11.69213		11.04279
202		11.36743		11.69209		11.04276
203		11.36731		11.69203		11.04259
204		11.36727		11.69199		11.04255
205		11.36634		11.68925		11.04342
206		11.36625		11.68921		11.0433
207		11.36558		11.68722		11.04394
208		11.36558		11.68722		11.04394
209		11.36584		11.68752		11.04415
210		11.3656		11.68756		11.04364
211		11.36563		11.68774		11.04352
212		11.3651		11.68625		11.04395
213		11.36509		11.68624		11.04393
214		11.36507		11.68636		11.04378
215		11.36516		11.68654		11.04378
216		11.36506		11.68663		11.04349
217		11.36508		11.68677		11.04339
218		11.36507		11.68675		11.04339
219		11.36509		11.68676		11.04342
220		11.36507		11.68689		11.04326
221		11.36508		11.68688		11.04328
222		11.36503		11.68685		11.04322
223		11.36518		11.68706		11.0433
224		11.36518		11.68706		11.04331
225		11.36529		11.6871		11.04347
226		11.36536		11.68728		11.04344
227		11.36527		11.68723		11.04331
228		11.36555		11.68737		11.04373
229		11.36561		11.68754		11.04368
230		11.36553		11.6875		11.04357
231		11.36626		11.68786		11.04465
232		11.36603		11.68789		11.04417
233		11.36586		11.6878		11.04392
234		11.36575		11.68782		11.04367
235		11.36585		11.68787		11.04382
236		11.36577		11.68781		11.04372
237		11.36611		11.68797		11.04425
238		11.36602		11.68791		11.04413
239		11.36627		11.68802		11.04451
240		11.36612		11.68794		11.0443
241		11.36608		11.68806		11.0441
242		11.36598		11.68802		11.04395
243		11.36591		11.68797		11.04384
244		11.3654		11.68661		11.04419
245		11.36543		11.68663		11.04423
246		11.36545		11.68675		11.04414
247		11.36543		11.68687		11.044
248		11.36546		11.687		11.04391
249		11.36578		11.68716		11.0444
250		11.3651		11.68517		11.04503
