step	mediator-max-opt_inst_loss_mean	mediator-max-opt_inst_loss_std_up	mediator-max-opt_inst_loss_std_down
1		70.29806		133.16991		7.42621
2		28.76124		104.39187		-46.8694
3		39.79097		108.45466		-28.87272
4		54.79847		115.0828		-5.48586
5		68.75109		107.57331		29.92888
6		64.99058		104.47423		25.50693
7		59.18739		100.74913		17.62565
8		53.07877		96.82797		9.32958
9		46.64865		92.70043		0.59686
10		39.88009		88.35566		-8.59547
11		61.20279		106.48788		15.91771
12		57.045		106.73516		7.35483
13		50.82362		103.12906		-1.48182
14		44.2748		99.33316		-10.78356
15		37.38131		95.33748		-20.57486
16		48.57249		93.47246		3.67252
17		62.19743		87.10084		37.29403
18		58.09199		84.10372		32.08025
19		51.92571		79.30648		24.54495
20		45.4349		74.25677		16.61304
21		38.60247		68.94127		8.26367
22		31.41043		63.34602		-0.52515
23		23.83987		57.45627		-9.77653
24		15.87086		51.25654		-19.51483
25		7.48242		44.73051		-29.76567
26		27.09998		70.44427		-16.24432
27		21.14729		69.51643		-27.22184
28		59.93154		132.20475		-12.34167
29		57.55159		136.59634		-21.49317
30		51.35688		134.56188		-31.84813
31		44.83612		132.42034		-42.74809
32		56.41966		121.67569		-8.83636
33		52.01013		118.5596		-14.53935
34		45.52376		115.57583		-24.52832
35		38.696		112.43503		-35.04303
36		31.50889		109.12891		-46.11114
37		23.9435		105.6488		-57.76179
38		15.97994		101.98552		-70.02563
39		26.04474		102.22483		-50.13535
40		20.03652		99.63179		-59.55876
41		11.86733		95.65183		-71.91717
42		31.71567		136.17639		-72.74505
43		26.00592		137.98536		-85.97352
44		18.15091		136.024		-99.72219
45		9.88247		133.95942		-114.19447
46		29.62635		131.07719		-71.8245
47		42.25412		135.85129		-51.34304
48		37.09903		135.12648		-60.92843
49		29.82786		133.01466		-73.35893
50		22.17401		130.79169		-86.44367
51		14.11732		128.45171		-100.21708
52		24.08408		145.80651		-97.63836
53		17.97266		146.84792		-110.90259
54		9.69485		145.35301		-125.96331
55		29.42885		154.28489		-95.42719
56		23.59874		154.67099		-107.47351
57		44.06452		132.72491		-44.59586
58		39.00471		129.45703		-51.4476
59		31.83385		127.04681		-63.37911
60		24.28557		124.50974		-75.9386
61		16.34002		121.83914		-89.15911
62		36.42376		144.49194		-71.64442
63		49.40929		165.83341		-67.01482
64		73.07828		140.51473		5.64183
65		69.54551		136.96226		2.12875
66		63.98205		134.94705		-6.98295
67		58.12578		132.82578		-16.57422
68		51.96129		130.59287		-26.67029
69		45.47235		128.24244		-37.29773
70		38.64189		125.76829		-48.48452
71		31.45193		123.16393		-60.26008
72		52.33104		96.48729		8.17478
73		47.70631		91.2024		4.21021
74		40.99342		86.77878		-4.79194
75		33.92722		82.12234		-14.26789
76		34.93661		84.32801		-14.45479
77		29.39639		81.85054		-23.05777
78		21.71982		76.93472		-33.49508
79		42.08671		66.3984		17.77502
80		45.3703		73.27547		17.46512
81		40.37921		71.36817		9.39025
82		33.28069		65.90065		0.66073
83		54.25605		99.1712		9.34089
84		49.73263		100.00306		-0.53779
85		51.57388		94.26121		8.88656
86		46.9093		90.19322		3.62539
87		40.15447		85.71649		-5.40755
88		41.49161		85.26449		-2.28128
89		44.74387		91.90155		-2.41381
90		39.71981		90.40092		-10.96129
91		41.03408		91.88463		-9.81648
92		35.81477		89.52253		-17.89299
93		28.47601		85.01049		-28.05847
94		29.19849		87.76535		-29.36836
95		23.35626		85.439		-38.72648
96		52.25677		81.92166		22.59188
97		57.92037		88.68464		27.15609
98		53.58981		86.85837		20.32126
99		55.63407		78.40437		32.86377
100		51.18319		73.34183		29.02455
101		53.10078		75.29631		30.90526
102		48.51657		73.28091		23.75223
103		41.84633		67.91406		15.7786
104		71.72		102.14168		41.29832
105		69.96049		105.92698		33.99399
106		81.31385		110.12344		52.50427
107		88.50677		122.12581		54.88773
108		85.78603		122.99544		48.57661
109		81.07734		120.24514		41.90953
110		84.56831		123.57965		45.55696
111		81.64028		123.16878		40.11177
112		76.71339		120.4276		32.99918
113		71.52719		117.54215		25.51223
114		66.06804		114.50484		17.63123
115		60.32156		111.30766		9.33545
116		54.27263		107.94222		0.60304
117		76.35283		97.80784		54.89782
118		72.9924		96.61828		49.36653
119		76.05785		111.25738		40.85833
120		72.6819		112.61595		32.74786
121		67.28352		109.31936		25.24768
122		61.60102		105.84927		17.35276
123		55.61943		102.19654		9.04232
124		49.32303		98.35156		0.29449
125		42.69523		94.30421		-8.91375
126		35.7186		90.04385		-18.60664
127		28.37478		85.55925		-28.80968
128		29.09194		78.75801		-20.57413
129		23.2441		73.70753		-27.21934
130		23.69122		71.11939		-23.73696
131		17.55913		66.9568		-31.83855
132		9.25955		61.2571		-42.73801
133		8.97064		64.77856		-46.83729
134		38.95876		76.89885		1.01866
135		35.47497		75.85197		-4.90203
136		28.11833		70.62043		-14.38377
137		28.82199		75.00085		-17.35688
138		22.95994		72.68101		-26.76114
139		14.94461		67.28258		-37.39336
140		6.50742		61.60003		-48.58518
141		-2.37382		55.61839		-60.36604
142		6.72498		42.39824		-28.94828
143		-0.30007		35.8754		-36.47553
144		8.90789		52.35003		-34.53426
145		18.8927		56.12793		-18.34252
146		14.35281		52.38521		-23.6796
147		5.88448		45.91859		-34.14964
148		-3.02956		39.11161		-45.17073
149		4.48222		62.481		-53.51655
150		7.63137		62.11544		-46.8527
151		9.10152		54.29788		-36.09485
152		10.64904		47.04612		-25.74805
153		12.27801		39.78209		-15.22608
154		22.4402		59.74412		-14.86372
155		18.08701		60.53817		-24.36415
156		9.81522		54.50065		-34.87021
157		1.10806		48.14536		-45.92923
158		0.39013		51.79184		-51.01159
159		-6.96834		48.26405		-62.20072
160		-16.55883		41.58052		-74.69819
161		-26.6541		34.54523		-87.85342
162		-37.28069		27.13965		-101.70103
163		-20.01908		43.79666		-83.83483
164		-20.00423		52.57786		-92.58632
165		-9.98859		59.44297		-79.42015
166		-17.8933		55.38438		-91.17097
167		-19.61131		63.92197		-103.14459
168		-9.57499		46.60256		-65.75254
169		9.43705		80.04915		-61.17506
170		32.84698		120.65452		-54.96056
171		45.64426		109.0473		-17.75878
172		40.66759		104.68712		-23.35194
173		52.03174		100.003		4.06047
174		47.39125		97.10002		-2.31751
175		40.66178		92.9868		-11.66323
176		33.57813		88.6571		-21.50083
177		26.12166		84.09951		-31.8562
178		46.72023		88.78432		4.65614
179		41.80019		87.20561		-3.60523
180		34.77646		82.57164		-13.01872
181		35.83054		92.00564		-20.34455
182		38.78485		109.19366		-31.62396
183		33.44717		109.97683		-43.0825
184		25.9838		106.54134		-54.57374
185		18.12762		102.92503		-66.66979
186		9.85796		99.1184		-79.40247
187		9.60055		106.80315		-87.60206
188		11.17433		120.86957		-98.52091
189		22.83095		121.79958		-76.13768
190		16.65358		119.59333		-86.28617
191		8.30634		116.66398		-100.05129
192		26.41475		117.00404		-64.17454
193		22.27076		116.44907		-71.90756
194		14.21916		113.35423		-84.91592
195		5.74379		110.09649		-98.60892
196		15.26984		108.79969		-78.26001
197		27.14201		94.87705		-40.59304
198		21.19154		89.91922		-47.53614
199		13.08314		85.42806		-59.26179
200		4.54798		80.70053		-71.60458
201		-4.4364		75.72419		-84.59698
202		-13.89364		70.48592		-98.2732
203		-23.84863		64.97197		-112.66922
204		2.56742		51.97718		-46.84234
205		-2.8317		44.8889		-50.5523
206		6.243		54.64823		-42.16222
207		-0.80741		51.48146		-53.09628
208		-10.07365		44.96727		-65.11457
209		-19.82759		38.11022		-77.7654
210		-30.09489		30.89228		-91.08206
211		-40.90257		23.29444		-105.09959
212		-33.8316		42.54609		-110.20929
213		-24.54372		66.68641		-115.77384
214		-33.21448		64.47961		-130.90858
215		-25.73887		42.8209		-94.29865
216		2.42243		88.74652		-83.90166
217		15.46317		76.68705		-45.76071
218		8.89803		70.47782		-52.68177
219		0.1426		64.96343		-64.67823
220		-9.07364		59.15882		-77.3061
221		-18.77494		53.0487		-90.59858
222		-28.98684		46.61699		-104.59067
223		-12.84123		70.22613		-95.90859
224		-0.60385		95.04116		-96.24886
225		-8.01462		94.10769		-110.13693
226		-17.66019		89.83698		-125.15735
227		-9.36593		116.93784		-135.66969
228		1.20962		104.02296		-101.60371
229		-6.10571		99.10887		-111.32029
230		2.79668		107.59719		-102.00382
231		14.01237		90.17392		-62.14918
232		7.37087		84.25653		-69.5148
233		-1.46494		79.46734		-82.39721
234		-10.76578		74.42609		-95.95765
235		-20.55615		69.1195		-110.2318
236		-30.8618		63.53363		-125.25722
237		-41.70984		57.65376		-141.07345
238		2.21362		94.91124		-90.484
239		-1.35937		96.15715		-98.87589
240		-10.65466		91.9943		-113.30362
241		-1.99169		80.50857		-84.49195
242		8.97198		74.78268		-56.83872
243		2.06519		70.29515		-66.16476
244		11.39763		55.03553		-32.24026
245		4.61852		48.48611		-39.24907
246		14.08542		48.01729		-19.84646
247		7.44836		43.90936		-29.01264
248		-1.39128		36.98872		-39.77127
249		7.676		11.514		3.838
250		0.0		0.0		0.0
