step	mediator-max-opt_inst_loss_mean	mediator-max-opt_inst_loss_std_up	mediator-max-opt_inst_loss_std_down
1		58.81351		129.96493		-12.3379
2		16.67224		82.75318		-49.4087
3		10.17073		78.22946		-57.888
4		19.92978		68.86462		-29.00507
5		13.59972		63.81954		-36.62011
6		5.09175		57.95472		-47.77122
7		33.03097		100.83586		-34.77392
8		29.23519		103.31319		-44.8428
9		21.55014		99.52698		-56.42669
10		13.46062		95.5415		-68.62026
11		4.94533		91.34625		-81.4556
12		-4.01814		86.93021		-94.96648
13		-13.45336		82.28174		-109.18846
14		-23.38518		77.38861		-124.15897
15		-33.83972		72.23795		-139.91739
16		-26.39701		97.3288		-150.12283
17		-16.71784		115.10088		-148.53656
18		-24.97672		114.32837		-164.28181
19		-17.06754		94.37805		-128.51313
20		-25.34483		88.50937		-139.19902
21		-17.45502		68.89222		-103.80226
22		-25.7527		61.94642		-113.45183
23		-17.88436		98.3696		-134.13833
24		10.69034		112.6269		-91.24622
25		5.71874		111.52341		-100.08593
26		15.24347		107.65611		-77.16917
27		27.11425		102.59937		-48.37087
28		21.16232		99.26796		-56.94332
29		31.49987		99.89316		-36.89342
30		25.77876		97.33808		-45.78055
31		17.9118		93.2374		-57.4138
32		28.07827		106.30793		-50.1514
33		22.17708		105.36571		-61.01156
34		32.56803		119.78223		-54.64616
35		26.90315		119.52312		-65.71683
36		19.09536		116.59007		-78.39935
37		10.87663		113.50264		-91.74938
38		2.22534		110.25272		-105.80204
39		-6.88128		106.83175		-120.59431
40		-16.4672		103.23073		-136.16513
41		-8.11015		90.48977		-106.71006
42		-15.91599		85.48124		-117.31322
43		-7.52993		80.39023		-95.45009
44		-15.30524		75.99895		-106.60943
45		11.56046		78.53834		-55.41743
46		6.63465		75.23437		-61.96506
47		-2.2399		69.97033		-74.45012
48		25.31345		96.81267		-46.18578
49		21.11149		97.46408		-55.24111
50		12.99887		93.37003		-67.37228
51		4.45928		89.06049		-80.14194
52		-4.52977		84.52414		-93.58368
53		-13.99192		79.74904		-107.73288
54		-5.50459		85.54354		-96.55273
55		5.27419		100.86039		-90.31202
56		-1.82722		99.53892		-103.19336
57		-11.14713		95.55406		-117.84833
58		-2.51008		123.4802		-128.50037
59		26.87379		126.17894		-72.43136
60		22.75395		124.22442		-78.71652
61		14.72779		121.53881		-92.08323
62		6.27919		118.71184		-106.15346
63		15.83342		101.3784		-69.71157
64		9.28776		96.24373		-77.66821
65		0.55284		92.08544		-90.97975
66		-8.6418		87.7083		-104.99191
67		-18.32038		83.10078		-119.74154
68		-10.06087		95.94722		-116.06895
69		0.47811		79.67987		-78.72366
70		-6.87572		73.38855		-87.14
71		-16.46135		68.02736		-100.95006
72		-26.55148		62.38401		-115.48697
73		-18.72518		47.27524		-84.7256
74		-27.08971		40.13795		-94.31738
75		-19.29174		37.97756		-76.56105
76		9.20888		62.73226		-44.3145
77		4.15932		61.87621		-53.55757
78		-4.84552		55.9091		-65.60014
79		-14.32429		49.62794		-78.27652
80		-24.30194		43.0162		-91.62008
81		-34.80474		36.05646		-105.66594
82		-45.86031		28.73043		-120.45105
83		-20.60278		34.44222		-75.64777
84		-27.22138		29.89822		-84.34098
85		-37.87783		22.24806		-98.00372
86		-30.64765		8.75035		-70.04566
87		-2.74471		70.29188		-75.78129
88		10.02408		78.37621		-58.32806
89		21.62015		77.20974		-33.96943
90		15.37906		73.39165		-42.63353
91		6.96474		68.03063		-54.10115
92		16.55505		69.35647		-36.24637
93		28.49486		77.98655		-20.99683
94		22.61559		75.54933		-30.31814
95		33.02963		95.97406		-29.91479
96		27.38904		95.48583		-40.70775
97		19.60682		91.28766		-52.07401
98		29.86251		94.66538		-34.94037
99		42.50271		117.51472		-32.5093
100		37.3607		117.94678		-43.22538
101		48.5508		101.00516		-3.90356
102		43.72711		96.05105		-8.59684
103		36.80479		91.88263		-18.27305
104		47.96563		126.13489		-30.20363
105		43.11114		128.06317		-41.84089
106		36.1564		125.57959		-53.26678
107		47.28311		133.39433		-38.8281
108		42.3927		133.06239		-48.27698
109		35.40015		130.84193		-60.04162
110		46.48707		117.83135		-24.85722
111		41.55476		114.15052		-31.041
112		52.96559		111.71831		-5.78712
113		66.82175		138.80251		-5.15901
114		81.40718		147.62948		15.18488
115		96.76026		157.55719		35.96333
116		94.47391		158.75464		30.19318
117		90.22248		157.88641		22.55855
118		85.74728		156.97247		14.52209
119		81.03655		156.01044		6.06267
120		76.07789		154.99777		-2.84199
121		70.85825		153.9318		-12.21531
122		83.81137		142.01648		25.60626
123		80.8435		139.68587		22.00113
124		75.87468		137.81401		13.93534
125		70.64434		135.84364		5.44504
126		65.13872		133.76956		-3.49213
127		59.34332		131.58632		-12.89967
128		71.6904		139.40669		3.97411
129		68.08459		139.58104		-3.41186
130		62.44424		137.70366		-12.81518
131		56.50704		135.72748		-22.71341
132		50.25735		133.64729		-33.13259
133		43.67872		131.45761		-44.10016
134		55.20135		118.45497		-8.05227
135		50.72769		114.85752		-13.40215
136		62.62131		114.45213		10.79049
137		58.53817		112.72916		4.34718
138		52.39539		109.43853		-4.64776
139		64.37678		132.74615		-3.99259
140		60.38604		134.20187		-13.42979
141		54.34051		132.04138		-23.36037
142		47.97679		129.76718		-33.8136
143		41.27814		127.37329		-44.81701
144		34.22693		124.8534		-56.39954
145		26.8046		122.20089		-68.59169
146		18.99163		119.40877		-81.42552
147		10.76744		116.4697		-94.93482
148		20.55789		124.62437		-83.50858
149		14.26089		123.7759		-95.25411
150		5.78772		121.06667		-109.49123
151		15.31608		103.27048		-72.63832
152		8.74319		98.14645		-80.66006
153		36.8746		101.78584		-28.03665
154		33.28112		99.7287		-33.16647
155		25.80901		95.75383		-44.13581
156		36.39112		85.89946		-13.11721
157		30.92745		81.52557		-19.67067
158		41.77896		74.99456		8.56335
159		36.59885		71.19504		2.00266
160		66.19634		133.41837		-1.02569
161		64.14611		138.83478		-10.54255
162		76.74597		163.38564		-9.8937
163		73.40623		166.21675		-19.40428
164		68.04598		165.74126		-29.6493
165		80.85109		157.8714		3.83077
166		77.72741		156.72819		-1.27337
167		91.04207		155.64058		26.44357
168		88.45477		155.47724		21.43229
169		83.88654		154.43651		13.33656
170		79.07787		153.341		4.81474
171		74.01612		152.18784		-4.1556
172		68.68796		150.97398		-13.59806
173		63.07937		149.69623		-23.53749
174		75.62308		137.34629		13.89988
175		72.22425		134.70793		9.74057
176		85.24927		135.17287		35.32568
177		82.35708		134.56351		30.15065
178		77.46792		132.42205		22.51379
179		72.32143		130.16789		14.47498
180		66.90408		127.79509		6.01307
181		61.2016		125.2974		-2.89419
182		55.199		122.66826		-12.27026
183		48.88046		119.90074		-22.13981
184		60.67686		104.23348		17.12025
185		56.49139		99.74006		13.24271
186		50.24087		95.7658		4.71595
187		62.10887		111.22714		12.99061
188		57.99877		111.31271		4.68482
189		70.27508		102.0159		38.53426
190		66.59477		98.96376		34.22578
191		79.3235		123.41076		35.23625
192		94.56692		125.43787		63.69596
193		92.16513		124.74274		59.58752
194		87.79218		122.0844		53.49996
195		83.18908		119.28615		47.092
196		78.34371		116.34063		40.34678
197		73.24331		113.24007		33.24655
198		67.87448		109.97633		25.77263
199		62.22308		106.54082		17.90534
200		56.27423		102.92448		9.62398
201		50.01229		99.11782		0.90676
202		80.31575		118.11753		42.51396
203		79.00865		120.09238		37.92492
204		73.94325		117.18929		30.69722
205		68.61126		114.1334		23.08912
206		62.99863		110.91668		15.08059
207		57.09061		107.53065		6.65056
208		50.87163		103.96641		-2.22315
209		44.32534		100.21459		-11.56391
210		37.43451		96.26529		-21.39628
211		30.181		92.10814		-31.74614
212		22.54573		87.7322		-42.64073
213		32.95609		96.02252		-30.11034
214		45.75912		105.78453		-14.26629
215		40.7885		104.47641		-22.89941
216		33.71152		100.75142		-33.32839
217		26.26206		96.83038		-44.30626
218		36.86802		77.18666		-3.45062
219		31.42945		70.77912		-7.92022
220		42.30737		65.95063		18.66411
221		37.15508		62.73907		11.57109
222		48.33436		95.15891		1.5098
223		43.49927		95.85152		-8.85298
224		36.56496		91.6726		-18.54267
225		47.71318		103.57296		-8.1466
226		61.29289		99.57393		23.01186
227		57.13984		96.6008		17.67888
228		50.92346		92.4613		9.38561
229		44.37989		88.10394		0.65584
230		37.49193		83.51725		-8.53338
231		30.24145		78.68915		-18.20625
232		41.05685		79.7011		2.4126
233		35.83874		77.00969		-5.33221
234		28.50124		71.83909		-14.8366
235		20.77757		66.39635		-24.84122
236		12.64738		60.66715		-35.3724
237		4.08928		54.63641		-46.45785
238		-4.91923		48.28827		-58.12674
239		-14.40189		41.60601		-70.40979
240		-5.93614		42.96419		-54.83647
241		-13.62756		38.25997		-65.51509
242		-23.56854		31.04991		-78.18699
243		2.86224		41.13071		-35.40623
244		-2.52136		38.27388		-43.3166
245		-11.8778		31.06456		-54.82016
246		-3.27914		37.98884		-44.54711
247		-10.83012		33.98182		-55.64205
248		-2.16847		33.58272		-37.91966
249		-9.595		28.785		-47.975
250		0.0		0.0		0.0
