step	mediator-max-opt_cov_err_sq_T_mean	mediator-max-opt_cov_err_sq_T_std_up	mediator-max-opt_cov_err_sq_T_std_down
1		15.07		15.87		14.27
2		14.37		14.77		13.97
3		14.11		14.79		13.43
4		13.41		14.07813		12.74187
5		13.09		13.29396		12.88604
6		12.88778		13.17363		12.60193
7		12.91111		13.28744		12.53478
8		12.575		13.11012		12.03988
9		12.526		13.05415		11.99785
10		12.50111		13.02733		11.97489
11		12.48959		13.01933		11.95985
12		12.33495		12.63252		12.03738
13		12.34296		12.64879		12.03714
14		12.33586		12.64251		12.02922
15		12.32688		12.63011		12.02366
16		12.32562		12.62255		12.02868
17		12.32129		12.61666		12.02592
18		12.33024		12.62575		12.03472
19		12.32817		12.62347		12.03287
20		12.32309		12.61792		12.02825
21		12.31912		12.61367		12.02458
22		12.31599		12.61037		12.02162
23		12.31807		12.61652		12.01962
24		12.3164		12.61514		12.01767
25		12.32352		12.63215		12.01489
26		12.32269		12.63197		12.01342
27		12.31972		12.62697		12.01246
28		12.32424		12.63676		12.01171
29		12.3269		12.64356		12.01025
30		12.32463		12.63978		12.00949
31		12.32611		12.64514		12.00708
32		12.32438		12.64243		12.00634
33		12.32285		12.63742		12.00828
34		12.3206		12.63291		12.00828
35		12.31847		12.62896		12.00798
36		12.31662		12.62551		12.00773
37		12.31662		12.62283		12.01041
38		12.3153		12.6202		12.01041
39		12.3139		12.61783		12.00997
40		12.31265		12.61573		12.00957
41		12.31155		12.61387		12.00922
42		12.17091		12.37829		11.96353
43		12.17034		12.37711		11.96356
44		12.16982		12.37605		11.9636
45		12.16936		12.3751		11.96363
46		12.16394		12.37199		11.9559
47		12.16357		12.3712		11.95593
48		12.22026		12.43665		12.00387
49		12.05908		12.37912		11.73905
50		12.01651		12.40507		11.62796
51		12.00373		12.41403		11.59343
52		11.99887		12.41769		11.58005
53		11.99685		12.41939		11.57431
54		11.99602		12.42025		11.5718
55		11.9958		12.42075		11.57086
56		11.99372		12.41876		11.56869
57		11.99358		12.41856		11.56859
58		11.99517		12.42009		11.57025
59		11.99516		12.41983		11.57049
60		11.9942		12.41848		11.56991
61		11.99694		12.42114		11.57274
62		11.99679		12.42075		11.57284
63		11.99559		12.4192		11.57198
64		12.01246		12.46065		11.56426
65		11.85195		12.16227		11.54162
66		11.83863		12.14914		11.52812
67		11.83323		12.14409		11.52236
68		11.83085		12.14187		11.51983
69		11.82958		12.14047		11.5187
70		11.8258		12.13413		11.51748
71		11.67142		12.02673		11.31611
72		11.67087		12.02651		11.31523
73		11.66876		12.02397		11.31356
74		11.66738		12.02212		11.31265
75		11.66654		12.02086		11.31222
76		11.70772		12.01973		11.39571
77		11.70728		12.01922		11.39535
78		11.67089		12.01855		11.32324
79		11.66077		12.01984		11.30169
80		11.69735		12.1093		11.2854
81		11.69678		12.10524		11.28833
82		11.50844		11.8536		11.16328
83		11.49722		11.82852		11.16592
84		11.51382		11.8829		11.14473
85		11.51129		11.88235		11.14023
86		11.49829		11.85144		11.14515
87		11.49397		11.83622		11.15172
88		11.49044		11.82752		11.15335
89		11.49934		11.85206		11.14661
90		11.49903		11.85202		11.14603
91		11.49413		11.83986		11.14841
92		11.49108		11.83204		11.15012
93		11.48904		11.82672		11.15137
94		11.49703		11.84279		11.15126
95		11.49733		11.84285		11.15181
96		11.50443		11.86178		11.14708
97		11.50328		11.86157		11.145
98		11.49814		11.85149		11.1448
99		11.49553		11.84397		11.14709
100		11.49315		11.83807		11.14823
101		11.49111		11.83337		11.14884
102		11.49538		11.84497		11.1458
103		11.49526		11.84493		11.14559
104		11.48431		11.82462		11.144
105		11.42709		11.7458		11.10838
106		11.4319		11.75771		11.10609
107		11.43225		11.75798		11.10651
108		11.4306		11.753		11.1082
109		11.4298		11.74906		11.11055
110		11.43		11.74622		11.11378
111		11.42919		11.74343		11.11496
112		11.42723		11.73914		11.11532
113		11.40687		11.71973		11.09401
114		11.40584		11.71761		11.09408
115		11.40519		11.71591		11.09447
116		11.407		11.72156		11.09244
117		11.4074		11.72177		11.09303
118		11.40671		11.71982		11.09359
119		11.4053		11.71754		11.09306
120		11.39632		11.70989		11.08276
121		11.39681		11.70919		11.08443
122		11.39135		11.7049		11.07781
123		11.39051		11.70363		11.0774
124		11.3836		11.69933		11.06788
125		11.38461		11.70267		11.06654
126		11.38474		11.70273		11.06676
127		11.38447		11.70169		11.06725
128		11.38442		11.70087		11.06798
129		11.38408		11.70002		11.06815
130		11.38431		11.69999		11.06862
131		11.38025		11.69742		11.06308
132		11.38048		11.69754		11.06343
133		11.37935		11.69688		11.06181
134		11.37554		11.69413		11.05696
135		11.37617		11.69441		11.05792
136		11.37616		11.6943		11.05803
137		11.37577		11.69364		11.0579
138		11.3765		11.6939		11.05909
139		11.37642		11.69345		11.05939
140		11.37606		11.69327		11.05886
141		11.37572		11.69304		11.0584
142		11.37746		11.69359		11.06133
143		11.3775		11.69361		11.0614
144		11.37692		11.69326		11.06059
145		11.37644		11.6927		11.06018
146		11.37607		11.69246		11.05968
147		11.37655		11.69252		11.06059
148		11.37596		11.69223		11.05968
149		11.3757		11.69206		11.05934
150		11.37541		11.69167		11.05915
151		11.37522		11.69154		11.0589
152		11.37494		11.69119		11.05869
153		11.37482		11.69113		11.05852
154		11.37469		11.69103		11.05835
155		11.37485		11.69093		11.05876
156		11.37523		11.6911		11.05936
157		11.37525		11.6911		11.0594
158		11.37532		11.69096		11.05968
159		11.37527		11.69093		11.05961
160		11.37508		11.69073		11.05944
161		11.37372		11.69008		11.05736
162		11.37358		11.69001		11.05714
163		11.3735		11.68988		11.05711
164		11.37336		11.68981		11.05691
165		11.37339		11.68984		11.05695
166		11.37251		11.68934		11.05568
167		11.37295		11.68955		11.05634
168		11.37285		11.68945		11.05626
169		11.37285		11.68945		11.05624
170		11.37283		11.68946		11.0562
171		11.37335		11.68975		11.05695
172		11.37332		11.68974		11.0569
173		11.37326		11.68971		11.0568
174		11.37313		11.68962		11.05664
175		11.373		11.68957		11.05642
176		11.37306		11.68986		11.05626
177		11.37297		11.68981		11.05612
178		11.37294		11.68972		11.05616
179		11.37272		11.69017		11.05527
180		11.37272		11.69017		11.05526
181		11.3726		11.68996		11.05524
182		11.37258		11.68983		11.05532
183		11.37259		11.68973		11.05545
184		11.37247		11.68967		11.05528
185		11.37219		11.68952		11.05486
186		11.37019		11.68825		11.05213
187		11.37025		11.68828		11.05221
188		11.37		11.68819		11.05181
189		11.36875		11.68738		11.05011
190		11.36872		11.6873		11.05014
191		11.36868		11.68731		11.05004
192		11.36888		11.68741		11.05035
193		11.36881		11.68732		11.05031
194		11.36873		11.68731		11.05014
195		11.3686		11.68725		11.04995
196		11.36862		11.68722		11.05003
197		11.36861		11.68725		11.04996
198		11.36852		11.68717		11.04986
199		11.36856		11.68723		11.04988
200		11.36845		11.68718		11.04973
201		11.36849		11.68718		11.0498
202		11.36842		11.68718		11.04965
203		11.36882		11.68758		11.05007
204		11.36886		11.6876		11.05013
205		11.36871		11.68746		11.04996
206		11.36871		11.68742		11.05
207		11.36818		11.68716		11.0492
208		11.36717		11.68656		11.04777
209		11.36743		11.68674		11.04812
210		11.3667		11.68631		11.04709
211		11.36667		11.68633		11.04701
212		11.36669		11.68634		11.04705
213		11.36676		11.68662		11.04691
214		11.36687		11.68666		11.04707
215		11.36662		11.68648		11.04676
216		11.3668		11.68651		11.04709
217		11.36678		11.68654		11.04702
218		11.36672		11.68647		11.04698
219		11.36705		11.68662		11.04748
220		11.36708		11.6866		11.04755
221		11.36701		11.68661		11.04742
222		11.36687		11.68651		11.04722
223		11.36688		11.68652		11.04725
224		11.36669		11.68606		11.04732
225		11.36662		11.68602		11.04721
226		11.36661		11.68604		11.04719
227		11.36656		11.68604		11.04708
228		11.36654		11.6859		11.04718
229		11.3669		11.6861		11.04771
230		11.36689		11.6861		11.04768
231		11.36685		11.68608		11.04762
232		11.36663		11.68598		11.04728
233		11.36659		11.68596		11.04721
234		11.36659		11.68597		11.0472
235		11.36674		11.68606		11.04742
236		11.36667		11.68604		11.0473
237		11.36677		11.68607		11.04748
238		11.3671		11.68625		11.04795
239		11.36704		11.68622		11.04787
240		11.36702		11.68619		11.04784
241		11.367		11.68621		11.0478
242		11.36693		11.68616		11.0477
243		11.36693		11.68619		11.04768
244		11.36686		11.68615		11.04758
245		11.3671		11.68626		11.04794
246		11.36709		11.68628		11.0479
247		11.36705		11.68635		11.04776
248		11.36738		11.68651		11.04825
249		11.36735		11.68646		11.04824
250		11.36775		11.68664		11.04887
