step	mediator-max-opt_cov_err_sq_T_mean	mediator-max-opt_cov_err_sq_T_std_up	mediator-max-opt_cov_err_sq_T_std_down
1		15.07		15.87		14.27
2		14.93		15.5675		14.2925
3		14.91		15.65726		14.16274
4		14.57		15.78161		13.35839
5		13.87		14.93395		12.80605
6		13.56778		14.25125		12.88431
7		13.51278		14.15758		12.86798
8		13.495		14.131		12.859
9		13.48778		14.12088		12.85467
10		13.48896		14.12644		12.85147
11		13.32743		13.828		12.82685
12		13.32475		13.82411		12.82539
13		13.3233		13.82201		12.82459
14		13.32253		13.82089		12.82416
15		13.32479		13.82737		12.8222
16		13.32551		13.8268		12.82421
17		13.32438		13.82411		12.82465
18		13.32318		13.82232		12.82405
19		13.32236		13.82109		12.82363
20		13.32181		13.82025		12.82336
21		13.32144		13.81969		12.82319
22		13.32121		13.81932		12.82309
23		13.32107		13.81911		12.82304
24		13.32101		13.81899		12.82303
25		13.32002		13.81887		12.82117
26		13.16005		13.86492		12.45518
27		13.15945		13.86385		12.45504
28		12.9995		13.72947		12.26953
29		12.99946		13.72952		12.26939
30		12.99945		13.72961		12.2693
31		12.99936		13.72942		12.26931
32		12.99936		13.72941		12.26931
33		12.99933		13.7293		12.26935
34		12.99933		13.72924		12.26941
35		12.99935		13.72923		12.26948
36		12.9994		13.72924		12.26955
37		12.99946		13.72929		12.26962
38		12.99976		13.72996		12.26957
39		12.99983		13.73		12.26966
40		12.99983		13.72986		12.26979
41		12.99964		13.72982		12.26946
42		12.99965		13.72976		12.26955
43		12.99968		13.72973		12.26963
44		12.99971		13.72972		12.26971
45		12.99951		13.72932		12.2697
46		12.85983		13.68525		12.03441
47		12.85985		13.68526		12.03443
48		12.85979		13.68509		12.03449
49		12.85975		13.68496		12.03455
50		12.85972		13.68485		12.0346
51		12.86022		13.6861		12.03435
52		12.86024		13.68611		12.03438
53		12.86017		13.68588		12.03446
54		12.86014		13.68574		12.03454
55		12.86008		13.68556		12.03461
56		12.85969		13.68537		12.03401
57		12.69964		13.72101		11.67828
58		12.69938		13.72098		11.67777
59		12.69919		13.72094		11.67743
60		12.69906		13.7209		11.67721
61		12.69918		13.72124		11.67712
62		12.69947		13.72204		11.67689
63		12.70122		13.72126		11.68119
64		12.70116		13.72109		11.68123
65		12.70076		13.72107		11.68045
66		12.70044		13.72104		11.67983
67		12.70017		13.72101		11.67932
68		12.69995		13.72098		11.67892
69		12.69976		13.72095		11.67858
70		12.69961		13.72091		11.6783
71		12.70128		13.72012		11.68244
72		12.46127		13.41079		11.51174
73		12.42541		13.38521		11.46562
74		12.41571		13.37928		11.45214
75		12.43649		13.39301		11.47997
76		12.4363		13.39303		11.47957
77		12.28459		13.00448		11.5647
78		12.28015		12.99948		11.56081
79		12.29303		13.00882		11.57724
80		12.29275		13.00894		11.57655
81		12.2857		13.004		11.56739
82		12.28547		13.01261		11.55834
83		12.1223		12.62437		11.62023
84		12.1131		12.61423		11.61198
85		12.11035		12.61065		11.61006
86		12.1055		12.6058		11.60519
87		12.11667		12.61542		11.61791
88		12.10925		12.60216		11.61634
89		12.04701		12.50272		11.59129
90		12.0455		12.50122		11.58979
91		12.04368		12.49958		11.58778
92		12.04209		12.4982		11.58597
93		12.04677		12.50301		11.59053
94		12.04655		12.50299		11.59011
95		12.04224		12.49601		11.58847
96		12.02856		12.47544		11.58167
97		12.02853		12.47565		11.58141
98		12.02694		12.47407		11.57981
99		12.02513		12.47236		11.57789
100		12.02541		12.4728		11.57801
101		12.02443		12.472		11.57686
102		12.0232		12.47093		11.57547
103		12.02138		12.46737		11.57538
104		12.01157		12.45531		11.56782
105		12.01519		12.4593		11.57108
106		12.01443		12.4586		11.57027
107		12.00827		12.45168		11.56487
108		12.00728		12.45081		11.56375
109		12.00911		12.45293		11.5653
110		12.00884		12.45279		11.56488
111		12.00785		12.4519		11.56381
112		12.00705		12.45119		11.56291
113		12.0064		12.45064		11.56215
114		12.00587		12.45021		11.56152
115		12.00545		12.44989		11.561
116		12.00488		12.44909		11.56067
117		12.00461		12.4489		11.56032
118		12.00366		12.4479		11.55942
119		12.00047		12.44431		11.55663
120		12.00034		12.44425		11.55643
121		12.00026		12.44424		11.55628
122		12.00022		12.44426		11.55617
123		12.00021		12.44432		11.55609
124		12.00022		12.4444		11.55603
125		12.00026		12.44451		11.55601
126		12.00032		12.44464		11.55601
127		12.00047		12.44474		11.5562
128		12.00061		12.44484		11.55638
129		12.00068		12.44495		11.55641
130		11.76079		12.10487		11.41671
131		11.72531		12.10726		11.34337
132		11.76091		12.10506		11.41675
133		11.76147		12.10597		11.41696
134		11.73759		12.10661		11.36856
135		11.726		12.10844		11.34355
136		11.74364		12.10604		11.38123
137		11.74369		12.10606		11.38132
138		11.7329		12.10734		11.35847
139		11.72617		12.1086		11.34375
140		11.72181		12.10963		11.33399
141		11.71845		12.11057		11.32634
142		11.71649		12.11119		11.32179
143		11.71501		12.11175		11.31826
144		11.71986		12.11074		11.32898
145		11.71995		12.11089		11.329
146		11.71807		12.11142		11.32471
147		11.71671		12.11193		11.32149
148		11.72026		12.10941		11.33111
149		11.71846		12.10596		11.33096
150		11.7167		12.1064		11.32701
151		11.71563		12.10732		11.32395
152		11.7147		12.10791		11.32149
153		11.71848		12.10777		11.32918
154		11.71846		12.1077		11.32922
155		11.71697		12.1078		11.32614
156		11.71577		12.10787		11.32367
157		11.71526		12.10886		11.32165
158		11.71447		12.10904		11.31989
159		11.71373		12.10898		11.31849
160		11.71308		12.10891		11.31724
161		11.71256		12.10884		11.31628
162		11.71229		12.10912		11.31546
163		11.71243		12.10993		11.31492
164		11.70915		12.10436		11.31394
165		11.54885		11.93658		11.16113
166		11.54923		11.93759		11.16087
167		11.54898		11.93752		11.16044
168		11.5483		11.93846		11.15814
169		11.54848		11.93898		11.15798
170		11.54824		11.93861		11.15787
171		11.54808		11.93823		11.15793
172		11.54802		11.93789		11.15814
173		11.54791		11.93756		11.15827
174		11.54782		11.93726		11.15838
175		11.54773		11.93697		11.15849
176		11.54767		11.93671		11.15863
177		11.5476		11.93647		11.15873
178		11.54755		11.93625		11.15885
179		11.54751		11.93607		11.15895
180		11.54791		11.93686		11.15895
181		11.54801		11.937		11.15903
182		11.54796		11.93679		11.15914
183		11.54791		11.93656		11.15925
184		11.54786		11.93635		11.15937
185		11.5478		11.93615		11.15946
186		11.54782		11.93598		11.15966
187		11.54817		11.93668		11.15965
188		11.54819		11.93668		11.15971
189		11.54812		11.93647		11.15977
190		11.54806		11.93629		11.15984
191		11.54739		11.93594		11.15883
192		11.54731		11.93578		11.15884
193		11.54722		11.93561		11.15883
194		11.54715		11.93549		11.15881
195		11.54715		11.93536		11.15895
196		11.54666		11.93516		11.15815
197		11.54657		11.93502		11.15812
198		11.54655		11.93495		11.15815
199		11.54651		11.93483		11.15819
200		11.54651		11.93478		11.15824
201		11.54649		11.93468		11.15829
202		11.54649		11.93465		11.15832
203		11.54629		11.93453		11.15806
204		11.5463		11.93451		11.15808
205		11.54648		11.93458		11.15837
206		11.54648		11.93457		11.1584
207		11.54651		11.93461		11.15841
208		11.54649		11.93459		11.1584
209		11.54651		11.93463		11.15839
210		11.54653		11.93462		11.15843
211		11.54658		11.93467		11.15849
212		11.54291		11.92653		11.15928
213		11.38292		11.7026		11.06324
214		11.38284		11.70253		11.06316
215		11.38302		11.70234		11.0637
216		11.38312		11.70238		11.06386
217		11.38323		11.70246		11.064
218		11.38335		11.70255		11.06416
219		11.38343		11.70256		11.06429
220		11.38352		11.70265		11.0644
221		11.38362		11.70267		11.06457
222		11.3837		11.70253		11.06488
223		11.38253		11.70201		11.06304
224		11.38251		11.70202		11.063
225		11.38255		11.70205		11.06304
226		11.38275		11.70216		11.06333
227		11.38278		11.70218		11.06339
228		11.38281		11.70219		11.06343
229		11.38783		11.71718		11.05848
230		11.22794		11.24863		11.20725
231		11.22297		11.24171		11.20424
232		11.22077		11.24025		11.20129
233		11.21974		11.23987		11.19961
234		11.2193		11.23976		11.19884
235		11.21917		11.23972		11.19862
236		11.21914		11.23969		11.19859
237		11.21872		11.23993		11.19752
238		11.21879		11.23994		11.19764
239		11.21892		11.23989		11.19795
240		11.21924		11.2403		11.19818
241		11.21938		11.2403		11.19846
242		11.21942		11.24023		11.19861
243		11.21949		11.24073		11.19826
244		11.2194		11.2407		11.1981
245		11.22108		11.24104		11.20111
246		11.22106		11.24094		11.20118
247		11.22062		11.24069		11.20056
248		11.22063		11.24119		11.20007
249		11.22039		11.24112		11.19966
250		11.22016		11.24096		11.19936
