step	mediator-max-opt_runtime_mean	mediator-max-opt_runtime_std_up	mediator-max-opt_runtime_std_down
1		0.00023		0.00036		9e-05
2		0.52091		0.77679		0.26504
3		0.59158		0.89879		0.28437
4		0.72982		1.10055		0.35909
5		0.73983		1.11063		0.36903
6		0.81248		1.24949		0.37547
7		0.82232		1.25955		0.3851
8		0.83232		1.26973		0.39491
9		0.84224		1.27955		0.40492
10		0.85216		1.28889		0.41543
11		0.86249		1.29958		0.4254
12		0.8726		1.30997		0.43522
13		0.93667		1.44996		0.42338
14		0.94649		1.45983		0.43315
15		1.00919		1.60583		0.41255
16		1.07878		1.69263		0.46492
17		1.18575		1.89915		0.47236
18		1.19621		1.9091		0.48332
19		1.37004		2.18194		0.55814
20		1.43017		2.25358		0.60677
21		1.58607		2.43904		0.7331
22		1.68243		2.57698		0.78789
23		1.79305		2.70066		0.88544
24		1.95509		2.97528		0.9349
25		2.01		3.0477		0.9723
26		2.11503		3.24475		0.98532
27		2.16799		3.31564		1.02033
28		2.26513		3.43146		1.09881
29		2.3671		3.51671		1.21749
30		2.47332		3.63836		1.30827
31		2.64119		3.87846		1.40393
32		2.69615		3.87403		1.51827
33		2.83486		4.10814		1.56158
34		2.89416		4.10776		1.68057
35		3.03531		4.35067		1.71996
36		3.08898		4.35513		1.82283
37		3.2297		4.59871		1.86069
38		3.29022		4.607		1.97344
39		3.47159		4.84971		2.09346
40		3.48185		4.86037		2.10333
41		3.66781		5.11946		2.21616
42		3.71849		5.22591		2.21106
43		3.90094		5.35767		2.4442
44		3.99803		5.53178		2.46428
45		4.18155		5.65059		2.71251
46		4.24201		5.77751		2.70651
47		4.46093		5.93821		2.98365
48		4.57117		6.04875		3.0936
49		4.73667		6.22049		3.25286
50		4.84225		6.32339		3.36111
51		5.06229		6.62012		3.50446
52		5.21826		6.68871		3.7478
53		5.54947		6.9918		4.10714
54		5.68656		7.08659		4.28653
55		6.00675		7.39338		4.62013
56		6.27842		7.71658		4.84026
57		6.64214		8.08325		5.20102
58		6.971		8.3753		5.56669
59		7.36067		8.76108		5.96027
60		7.69175		9.0481		6.33539
61		8.06144		9.36721		6.75568
62		8.41645		9.72418		7.10873
63		8.77038		10.04025		7.50051
64		9.12075		10.39436		7.84714
65		9.46916		10.7056		8.23272
66		9.78419		10.99689		8.5715
67		10.16781		11.37396		8.96167
68		10.4847		11.67354		9.29586
69		10.83565		12.06235		9.60895
70		11.17808		12.33754		10.01862
71		11.4877		12.66035		10.31506
72		11.86982		12.99598		10.74366
73		12.17895		13.32188		11.03602
74		12.55508		13.65537		11.45479
75		12.86375		13.9835		11.74399
76		13.23481		14.31442		12.15521
77		13.50769		14.57035		12.44502
78		13.85876		14.94501		12.77252
79		14.19918		15.23055		13.16782
80		14.50554		15.5672		13.44387
81		14.86426		15.89384		13.83467
82		15.16646		16.22991		14.103
83		15.49174		16.52262		14.46085
84		15.82275		16.89685		14.74866
85		16.14997		17.19562		15.10432
86		16.48326		17.57559		15.39094
87		16.80996		17.87334		15.74657
88		17.13917		18.2476		16.03075
89		17.45965		18.54018		16.37912
90		17.75681		18.85409		16.65954
91		18.10301		19.20541		17.00061
92		18.40788		19.53906		17.27669
93		18.77604		19.93361		17.61847
94		19.07994		20.27064		17.88924
95		19.42746		20.62661		18.22832
96		19.72355		20.95389		18.49321
97		20.02281		21.31013		18.73549
98		20.34016		21.62822		19.0521
99		20.69371		22.04006		19.34736
100		20.98167		22.31364		19.6497
101		21.2833		22.663		19.9036
102		21.63316		23.02822		20.2381
103		21.91908		23.34657		20.4916
104		22.27797		23.73312		20.82283
105		22.54403		24.05164		21.03641
106		22.89276		24.40674		21.37877
107		23.19913		24.77246		21.6258
108		23.55519		25.15387		21.95651
109		23.86319		25.49798		22.2284
110		24.19253		25.83772		22.54735
111		24.5037		26.18983		22.81758
112		24.80405		26.49836		23.10974
113		25.14634		26.88183		23.41086
114		25.44248		27.1874		23.69756
115		25.72465		27.5151		23.93419
116		26.06427		27.86501		24.26353
117		26.34634		28.19153		24.50115
118		26.69028		28.55209		24.82846
119		27.00571		28.92044		25.09097
120		27.36223		29.29971		25.42475
121		27.6735		29.65977		25.68723
122		28.0092		30.00476		26.01364
123		28.34302		30.37356		26.31247
124		28.66304		30.73655		26.58953
125		29.01473		31.13439		26.89507
126		29.38838		31.53764		27.23911
127		29.7507		31.95462		27.54678
128		30.13183		32.36232		27.90133
129		30.4771		32.76311		28.19109
130		30.83792		33.19995		28.47589
131		31.23082		33.62175		28.83988
132		31.57894		34.03752		29.12035
133		31.92873		34.39706		29.46039
134		32.27072		34.79694		29.74451
135		32.62284		35.15275		30.09292
136		32.96657		35.56768		30.36547
137		33.34139		35.98077		30.70202
138		33.71121		36.41557		31.00685
139		34.06557		36.77954		31.35159
140		34.39837		37.16808		31.62867
141		34.7669		37.54406		31.98974
142		35.10149		37.93442		32.26856
143		35.44639		38.28676		32.60603
144		35.78766		38.69197		32.88336
145		36.13038		39.04882		33.21194
146		36.46089		39.44029		33.48149
147		36.80219		39.78563		33.81875
148		37.15183		40.20709		34.09656
149		37.50252		40.57304		34.43199
150		37.81526		40.92671		34.7038
151		38.16833		41.29489		35.04177
152		38.49681		41.6588		35.33482
153		38.85108		42.02607		35.67609
154		39.16209		42.37171		35.95248
155		39.50302		42.76622		36.23981
156		39.837		43.09852		36.57548
157		40.18095		43.51827		36.84362
158		40.5164		43.86705		37.16575
159		40.84738		44.24856		37.44619
160		41.19239		44.60986		37.77491
161		41.51942		44.99051		38.04833
162		41.86464		45.35473		38.37456
163		42.17648		45.70411		38.64886
164		42.52384		46.07342		38.97426
165		42.87062		46.47166		39.26957
166		43.2029		46.80272		39.60308
167		43.53632		47.1929		39.87974
168		43.88242		47.53777		40.22708
169		44.22398		47.93491		40.51306
170		44.56339		48.26689		40.8599
171		44.904		48.67019		41.13781
172		45.27859		49.05755		41.49962
173		45.63039		49.42159		41.83919
174		45.95721		49.74619		42.16823
175		46.29187		50.10754		42.4762
176		46.62492		50.43487		42.81497
177		46.94668		50.81044		43.08292
178		47.2704		51.13772		43.40307
179		47.5953		51.53305		43.65756
180		47.92823		51.8835		43.97297
181		48.27784		52.19686		44.35882
182		48.6153		52.53695		44.69365
183		48.94125		52.86166		45.02083
184		49.28834		53.21269		45.36399
185		49.62292		53.54402		45.70183
186		49.96879		53.86611		46.07147
187		50.30854		54.19888		46.41821
188		50.63375		54.53518		46.73232
189		50.96942		54.85323		47.0856
190		51.28974		55.18316		47.39632
191		51.63015		55.51848		47.74182
192		51.95732		55.86085		48.05378
193		52.31539		56.21763		48.41316
194		52.67713		56.6126		48.74167
195		53.02474		56.97055		49.07893
196		53.35163		57.29911		49.40415
197		53.68288		57.64864		49.71713
198		54.05704		58.04293		50.07115
199		54.39761		58.3839		50.41132
200		54.74415		58.74859		50.73971
201		55.07214		59.07171		51.07257
202		55.40822		59.42229		51.39415
203		55.76026		59.73702		51.78349
204		56.10246		60.05189		52.15302
205		56.45396		60.40004		52.50788
206		56.79351		60.7573		52.82971
207		57.12635		61.07997		53.17272
208		57.43488		61.40214		53.46762
209		57.76372		61.72636		53.80107
210		58.07465		62.0504		54.09891
211		58.40111		62.37197		54.43024
212		58.71074		62.69587		54.72561
213		59.0729		63.0316		55.1142
214		59.39278		63.35987		55.42569
215		59.70712		63.67807		55.73618
216		60.02943		64.00898		56.04989
217		60.35974		64.34437		56.37511
218		60.68486		64.67682		56.6929
219		60.99064		64.98762		56.99365
220		61.3168		65.32215		57.31145
221		61.62172		65.63353		57.60991
222		61.94684		65.96282		57.93086
223		62.2563		66.27479		58.2378
224		62.61708		66.66661		58.56755
225		62.95723		67.0406		58.87385
226		63.26702		67.34219		59.19185
227		63.60212		67.68942		59.51483
228		63.94883		68.02714		59.87052
229		64.2775		68.38607		60.16894
230		64.59303		68.69885		60.48722
231		64.91964		69.0488		60.79048
232		65.22881		69.35727		61.10035
233		65.54196		69.69238		61.39154
234		65.84847		69.99983		61.6971
235		66.18553		70.36488		62.00618
236		66.51345		70.6975		62.3294
237		66.82977		71.04154		62.618
238		67.14824		71.35888		62.9376
239		67.49354		71.73375		63.25334
240		67.79831		72.03991		63.55672
241		68.13098		72.41458		63.84738
242		68.44073		72.73687		64.14458
243		68.74276		73.05055		64.43497
244		69.051		73.36968		64.73231
245		69.37516		73.71342		65.0369
246		69.70753		74.02961		65.38545
247		70.00209		74.32224		65.68194
248		70.31314		74.65859		65.96768
249		70.62074		74.93403		66.30746
250		70.93231		75.25955		66.60507
