step	mediator-max-opt_inst_loss_mean	mediator-max-opt_inst_loss_std_up	mediator-max-opt_inst_loss_std_down
1		47.58632		108.11801		-12.94537
2		-11.40435		46.97126		-69.77996
3		-5.1864		50.64405		-61.01684
4		-12.27755		48.46837		-73.02346
5		-19.74192		51.88277		-91.3666
6		-10.55369		66.87739		-87.98477
7		-21.33642		53.88399		-96.55683
8		-8.82303		73.94894		-91.59499
9		-5.87831		77.64691		-89.40352
10		-26.64224		67.37095		-120.65542
11		-17.81719		76.60453		-112.2389
12		-11.93675		91.98162		-115.85512
13		-19.38318		100.99854		-139.76491
14		-27.22153		69.9606		-124.40366
15		-35.47243		45.20072		-116.14557
16		-27.11212		56.98466		-111.2089
17		-38.76635		44.67673		-122.20943
18		-27.17032		61.56624		-115.90688
19		-25.19125		67.30093		-117.68342
20		-12.88074		85.38195		-111.14342
21		-10.14958		92.3706		-112.66976
22		-14.09286		66.27701		-94.46273
23		-8.01641		81.32931		-97.36213
24		1.78895		91.07731		-87.4994
25		-8.34417		66.62708		-83.31542
26		4.85303		83.77903		-74.07297
27		-8.52791		80.05954		-97.11537
28		8.06871		101.31866		-85.18125
29		8.49337		106.65122		-89.66447
30		25.98585		129.3099		-77.3382
31		27.35353		136.11568		-81.40863
32		-5.29772		112.24645		-122.84189
33		4.65072		126.56318		-117.26174
34		-5.33178		97.80509		-108.46865
35		-9.02149		82.39455		-100.43752
36		-19.72358		61.17506		-100.62221
37		-41.2162		33.88545		-116.31786
38		-33.15821		43.06574		-109.38215
39		-45.13065		12.06419		-102.32549
40		-33.86958		29.37766		-97.11682
41		-32.2431		31.27537		-95.76157
42		-37.3492		17.90648		-92.60487
43		-32.49676		24.33047		-89.324
44		-41.0253		18.96461		-101.01521
45		-32.95725		29.06227		-94.97678
46		-44.91912		-1.13732		-88.70092
47		-67.73783		-45.09269		-90.38297
48		-61.0757		-40.76552		-81.38589
49		-57.47203		-32.62669		-82.31737
50		-50.2696		-27.64986		-72.88934
51		-46.09719		-18.80884		-73.38554
52		-38.29608		-13.10975		-63.48242
53		-33.49349		-3.49346		-63.49352
54		-42.07448		2.66106		-86.81002
55		-34.06166		12.63147		-80.75479
56		-29.03619		20.47442		-78.5468
57		-20.33714		31.38394		-72.05822
58		-14.58934		40.21586		-69.39453
59		-22.17538		35.24111		-79.59187
60		-13.11523		47.66218		-73.89264
61		-6.98732		56.6211		-70.59575
62		2.8722		70.16902		-64.42463
63		9.84155		80.31373		-60.63064
64		3.54134		92.85081		-85.76813
65		-3.09046		72.91967		-79.10058
66		6.97416		93.69184		-79.74352
67		14.1594		98.72645		-70.40764
68		25.13191		120.8578		-70.59399
69		33.27282		127.32205		-60.77641
70		11.16039		82.68126		-60.36048
71		8.33869		88.2787		-71.60133
72		15.59575		98.60156		-67.41007
73		9.59839		68.55086		-49.35408
74		3.28539		49.37683		-42.80605
75		13.68558		59.72176		-32.3506
76		21.22405		72.13146		-29.68336
77		15.52293		80.66427		-49.61842
78		26.56719		94.59717		-41.46278
79		34.78365		106.90868		-37.34138
80		12.75073		79.61988		-54.11841
81		27.05819		100.47979		-46.36342
82		31.89139		106.13104		-42.34826
83		30.1608		89.86137		-29.53977
84		38.56639		101.62107		-24.48829
85		33.77802		112.47495		-44.91892
86		11.69217		124.42043		-101.03609
87		25.94391		141.02146		-89.13363
88		30.71847		155.42941		-93.99247
89		28.92614		165.07706		-107.22477
90		20.2213		148.70183		-108.25924
91		17.87649		130.28224		-94.52926
92		25.63554		146.38907		-95.118
93		3.12114		127.16525		-120.92297
94		-17.16914		78.55016		-112.88844
95		-7.8455		97.3092		-113.00021
96		-1.44024		104.8389		-107.71938
97		8.71123		124.98265		-107.56019
98		15.9879		133.96898		-101.99319
99		10.01118		111.26827		-91.2459
100		3.7199		87.67797		-80.23816
101		14.14296		106.8234		-78.53748
102		4.66006		102.82464		-93.50453
103		-15.54922		50.75126		-81.84971
104		-40.23124		-6.39633		-74.06616
105		-45.75777		-11.88555		-79.62999
106		-41.34789		-11.95797		-70.73781
107		-33.29682		3.88342		-70.47706
108		-28.2311		4.6379		-61.1001
109		-19.48968		21.35776		-60.33711
110		-13.69727		23.02957		-50.4241
111		-21.23636		5.76409		-48.2368
112		-12.12679		10.79137		-35.04495
113		-22.99231		16.72765		-62.71228
114		-10.56607		26.67046		-47.8026
115		-24.75854		6.12095		-55.63803
116		-9.01617		23.48856		-41.52089
117		-9.4907		24.7248		-43.70621
118		-27.03567		13.50049		-67.57183
119		-21.64042		16.44605		-59.72689
120		-12.55211		32.09337		-57.1976
121		-6.39457		36.01583		-48.80497
122		-13.54931		42.51857		-69.61719
123		-21.08061		36.34955		-78.51078
124		-11.96285		52.84676		-76.77245
125		-5.77429		58.06863		-69.61721
126		-12.89638		27.84373		-53.63649
127		-3.34786		40.55405		-47.24978
128		3.29412		48.44905		-41.86082
129		-3.35069		63.79745		-70.49883
130		-10.34523		52.87808		-73.56853
131		-17.70789		25.93921		-61.35499
132		-25.45807		29.22948		-80.14562
133		-33.61615		27.93542		-95.16772
134		-25.15815		39.82367		-90.13997
135		-19.66408		48.52025		-87.84841
136		-27.51721		19.27795		-74.31237
137		-18.73821		36.2429		-73.71933
138		-12.90625		39.22689		-65.0394
139		-3.35826		57.24448		-63.961
140		3.28317		61.33304		-54.76669
141		-3.36221		81.35099		-88.07541
142		-10.35735		84.76881		-105.48351
143		-0.6752		103.84732		-105.19772
144		6.10744		111.72886		-99.51397
145		16.65616		132.22742		-98.9151
146		24.35098		141.60279		-92.90082
147		18.81443		130.98913		-93.36026
148		30.03194		146.51214		-86.44826
149		21.38529		121.55378		-78.78319
150		36.1472		145.40118		-73.10678
151		41.45877		152.64193		-69.72438
152		6.14082		90.95201		-78.67038
153		-13.99053		39.18082		-67.16188
154		-4.4996		55.55163		-64.55083
155		2.08176		61.18857		-57.02505
156		-4.62685		83.37226		-92.62597
157		5.3569		90.91061		-80.19682
158		12.45702		109.58518		-84.67113
159		23.33993		118.50303		-71.82317
160		-2.70438		71.87055		-77.27931
161		-2.84672		73.41479		-79.10823
162		0.41255		79.90384		-79.07875
163		-2.97483		74.42845		-80.37811
164		3.68678		85.17728		-77.80372
165		-2.93736		57.0332		-62.90792
166		7.13531		76.26044		-61.98981
167		14.32904		81.08081		-52.42273
168		8.26502		69.16074		-52.6307
169		-15.16362		42.7778		-73.10503
170		-19.37079		57.8985		-96.64008
171		-13.57213		60.47128		-87.61554
172		-21.10463		51.81371		-94.02298
173		-11.98813		59.04699		-83.02325
174		-5.8009		74.68184		-86.28365
175		4.12106		83.11843		-74.87631
176		-5.88931		57.59556		-69.37419
177		-9.60837		40.79288		-60.00962
178		-3.29589		53.47914		-60.07092
179		6.75791		62.77377		-49.25795
180		13.93178		76.6198		-48.75625
181		24.8923		87.13212		-37.34752
182		-1.07031		59.57844		-61.71906
183		-35.21755		22.33321		-92.7683
184		-26.84383		32.59839		-86.28605
185		-21.43848		42.24152		-85.11849
186		-12.33955		53.55544		-78.23454
187		-6.17082		64.30337		-76.64501
188		3.73168		76.77932		-69.31597
189		10.74626		88.75114		-67.25862
190		21.53913		102.51465		-59.43639
191		29.49095		115.84236		-56.86047
192		41.27038		131.0325		-48.49175
193		16.16978		113.5059		-81.16634
194		17.02082		88.49928		-54.45764
195		4.28029		57.62609		-49.06551
196		4.50557		59.60426		-50.59312
197		8.15179		64.63507		-48.33149
198		22.2172		83.16955		-38.73515
199		9.75018		86.00418		-66.50383
200		10.26334		89.46441		-68.93773
201		14.21261		96.60251		-68.1773
202		-5.49394		55.77349		-66.76137
203		-29.64668		12.31869		-71.61205
204		-17.57064		28.13128		-63.27255
205		-15.08633		31.46816		-61.64082
206		-2.24392		48.29066		-52.77851
207		1.04705		52.68901		-50.59491
208		-2.30696		25.36391		-29.97783
209		4.38973		37.03267		-28.2532
210		14.84818		45.64441		-15.94806
211		22.44773		58.38771		-13.49225
212		33.85669		68.12126		-0.40788
213		42.4566		82.05347		2.85974
214		54.91883		93.03112		16.80654
215		64.62713		108.27922		20.97503
216		78.25652		120.63633		35.87671
217		72.14891		134.01496		10.28287
218		89.58418		150.18969		28.97867
219		80.66487		131.83872		29.49101
220		84.91038		118.93148		50.88929
221		75.74661		114.94302		36.5502
222		79.73328		106.18544		53.28111
223		87.33729		115.40893		59.26565
224		88.52283		145.04218		32.00349
225		65.93092		151.00349		-19.14165
226		69.40097		145.25261		-6.45067
227		59.43609		138.12396		-19.25178
228		62.56431		129.3392		-4.21058
229		69.25812		141.68639		-3.17015
230		69.48348		131.70622		7.26075
231		62.95551		135.10972		-9.19871
232		62.84132		136.44042		-10.75777
233		72.91815		153.30503		-7.46872
234		87.07952		168.72102		5.43802
235		81.56208		151.5427		11.58145
236		82.39016		150.88844		13.89187
237		60.0387		143.69639		-23.61898
238		45.67214		121.40961		-30.06534
239		54.64093		134.98458		-25.70271
240		32.48717		119.34745		-54.37311
241		31.0071		95.48705		-33.47286
242		40.03398		113.81886		-33.75089
243		51.22998		123.99288		-21.53293
244		42.20122		132.29272		-47.89028
245		55.43097		145.60383		-34.74189
246		41.25449		110.09875		-27.58977
247		32.06706		76.82091		-12.68679
248		19.038		63.7826		-25.7066
249		11.4		64.25963		-41.45963
250		0.0		0.0		0.0
