step	mediator-max-opt_cum_inst_loss_mean	mediator-max-opt_cum_inst_loss_std_up	mediator-max-opt_cum_inst_loss_std_down
1		84.72734		185.00475		-15.55007
2		112.4188		313.09043		-88.25283
3		131.34043		432.93865		-170.25779
4		130.80339		530.72522		-269.11844
5		140.46536		642.73841		-361.80769
6		157.45403		771.50004		-456.59198
7		168.51867		881.01904		-543.98171
8		173.34747		983.81827		-637.12334
9		188.65769		1102.08505		-724.76967
10		177.50098		1183.9346		-828.93264
11		148.71163		1218.76952		-921.34627
12		125.22523		1270.89018		-1020.43973
13		93.68451		1316.85883		-1129.4898
14		53.66559		1339.46351		-1232.13234
15		4.72221		1330.0426		-1320.59817
16		-70.66076		1269.61789		-1410.93941
17		-136.3749		1222.69316		-1495.44295
18		-202.13858		1177.7057		-1581.98285
19		-257.72714		1147.38472		-1662.839
20		-312.83233		1120.00422		-1745.66889
21		-357.20143		1108.53455		-1822.93742
22		-400.49666		1101.0892		-1902.08251
23		-449.47967		1087.30166		-1986.26099
24		-494.22255		1080.27003		-2068.71513
25		-531.09305		1083.95326		-2146.13935
26		-563.08591		1095.60123		-2221.77306
27		-586.53534		1118.74627		-2291.81696
28		-604.40077		1151.15921		-2359.96075
29		-612.97922		1195.95244		-2421.91087
30		-632.23643		1223.78233		-2488.25518
31		-655.91627		1241.16635		-2552.99888
32		-674.02423		1267.29585		-2615.34432
33		-699.90343		1262.56056		-2662.36742
34		-733.96288		1263.22851		-2731.15427
35		-759.58765		1267.40507		-2786.58037
36		-779.74291		1285.78899		-2845.27482
37		-807.77716		1316.9516		-2932.50593
38		-827.05963		1361.90416		-3016.02341
39		-840.53877		1414.23377		-3095.31132
40		-861.54553		1455.41028		-3178.50134
41		-890.47609		1493.42605		-3274.37823
42		-910.70204		1543.94692		-3365.351
43		-925.17433		1604.45427		-3454.80292
44		-930.18104		1678.75042		-3539.11251
45		-945.67854		1740.24107		-3631.59816
46		-965.40079		1776.90221		-3707.70379
47		-979.34287		1827.2163		-3785.90204
48		-983.79147		1887.08371		-3854.66665
49		-998.70148		1916.95754		-3914.3605
50		-1000.75986		1963.88885		-3965.40858
51		-1016.56295		2004.95384		-4038.07974
52		-1050.24323		2004.69401		-4105.18046
53		-1078.87797		2016.73541		-4174.49135
54		-1098.79253		2034.44923		-4232.03429
55		-1112.93705		2065.43715		-4291.31125
56		-1134.64419		2110.15259		-4379.44098
57		-1164.312		2122.37536		-4450.99937
58		-1202.35946		2105.40921		-4510.12812
59		-1232.18214		2098.69894		-4563.06321
60		-1273.8017		2078.67711		-4626.28052
61		-1303.97541		2072.88084		-4680.83166
62		-1349.37357		2056.87317		-4755.62031
63		-1397.16111		2012.63333		-4806.95555
64		-1444.05469		1975.73992		-4863.84929
65		-1479.77999		1945.82278		-4905.38276
66		-1531.02193		1880.00558		-4942.04944
67		-1567.91536		1829.32127		-4965.15199
68		-1606.75055		1777.70947		-4991.21057
69		-1630.58424		1742.37664		-5003.54513
70		-1655.67234		1707.36687		-5018.71156
71		-1665.03541		1689.99976		-5020.07059
72		-1674.89128		1674.44124		-5024.2238
73		-1685.26587		1655.85434		-5026.38608
74		-1692.7774		1642.89589		-5028.4507
75		-1687.04792		1644.20631		-5018.30215
76		-1694.65324		1629.41461		-5018.7211
77		-1719.70431		1591.32804		-5030.73665
78		-1739.25566		1560.81726		-5039.32858
79		-1766.65422		1519.03039		-5052.33882
80		-1802.31298		1469.09216		-5073.71813
81		-1829.62126		1425.54177		-5084.78428
82		-1851.54862		1389.08809		-5092.18533
83		-1864.40279		1359.78653		-5088.5921
84		-1871.11531		1338.62705		-5080.85767
85		-1884.9993		1340.91919		-5110.91779
86		-1889.38676		1350.64665		-5129.42016
87		-1904.2324		1351.81354		-5160.27834
88		-1923.26849		1339.13883		-5185.67582
89		-1936.4883		1338.4225		-5211.3991
90		-1940.17661		1344.12932		-5224.48254
91		-1937.24086		1362.77689		-5237.25861
92		-1940.96878		1366.69551		-5248.63307
93		-1934.66564		1387.85256		-5257.18383
94		-1921.21257		1412.71672		-5255.14185
95		-1896.82416		1455.98592		-5249.63425
96		-1898.42489		1496.83309		-5293.68287
97		-1900.10987		1533.41299		-5333.63272
98		-1898.47443		1577.5441		-5374.49296
99		-1883.11656		1637.00661		-5403.23973
100		-1880.58674		1681.19691		-5442.37039
101		-1877.92378		1723.22838		-5479.07594
102		-1871.71156		1773.183		-5516.60613
103		-1868.58148		1810.15193		-5547.3149
104		-1875.51393		1830.39872		-5581.42658
105		-1869.17489		1864.33459		-5602.68436
106		-1859.09311		1904.70197		-5622.8882
107		-1851.88981		1936.79009		-5640.56972
108		-1854.53467		1957.25306		-5666.32239
109		-1860.72781		1965.62474		-5687.08036
110		-1860.42873		1984.85576		-5705.71322
111		-1866.93209		2029.75782		-5763.622
112		-1863.55046		2083.96892		-5811.06983
113		-1887.26357		2097.94423		-5872.47137
114		-1895.17929		2130.04652		-5920.4051
115		-1903.51162		2164.21043		-5971.23368
116		-1895.23705		2217.61733		-6008.09143
117		-1886.52697		2274.26329		-6047.31723
118		-1877.35847		2318.09265		-6072.80958
119		-1881.34377		2337.73532		-6100.42287
120		-1885.53883		2353.91643		-6124.99409
121		-1886.54559		2375.35802		-6148.44921
122		-1891.01443		2426.80615		-6208.83501
123		-1888.90029		2482.1284		-6259.92898
124		-1876.44761		2556.52154		-6309.41676
125		-1856.52134		2635.95968		-6349.00236
126		-1842.3645		2703.07243		-6387.80143
127		-1817.23529		2781.63141		-6416.102
128		-1783.96531		2874.44963		-6442.38025
129		-1755.76246		2948.20328		-6459.72821
130		-1749.93889		2993.66776		-6493.54554
131		-1747.2179		3030.24714		-6524.68295
132		-1737.53552		3080.14513		-6555.21618
133		-1734.16173		3112.28864		-6580.61209
134		-1737.42855		3135.20035		-6610.05744
135		-1730.64003		3166.27566		-6627.55572
136		-1716.67604		3209.99679		-6643.34887
137		-1708.79529		3236.25849		-6653.84907
138		-1707.31794		3250.70089		-6665.33676
139		-1695.53556		3274.62829		-6665.69941
140		-1676.31488		3311.09171		-6663.72147
141		-1679.94621		3350.6434		-6710.53583
142		-1687.17777		3379.68156		-6754.03709
143		-1705.0172		3396.71359		-6806.74799
144		-1727.20464		3401.15856		-6855.56784
145		-1743.74166		3417.53678		-6905.02009
146		-1750.92177		3442.15782		-6944.00137
147		-1751.66161		3479.77146		-6983.09468
148		-1742.21311		3527.10859		-7011.53481
149		-1725.44914		3588.63768		-7039.53596
150		-1697.57558		3661.55252		-7056.70368
151		-1678.46227		3722.17391		-7079.09844
152		-1644.70663		3800.57062		-7089.98387
153		-1605.76528		3889.74409		-7101.27466
154		-1568.18348		3970.65267		-7107.01963
155		-1538.85097		4039.06857		-7116.77051
156		-1511.38373		4141.72987		-7164.49732
157		-1475.65266		4251.76887		-7203.07419
158		-1444.85919		4356.26975		-7245.98814
159		-1402.21774		4473.73913		-7278.17461
160		-1384.60473		4556.04041		-7325.24987
161		-1366.06472		4633.09322		-7365.22267
162		-1343.13983		4720.52923		-7406.80889
163		-1305.372		4824.93614		-7435.68014
164		-1279.25276		4913.4921		-7471.99762
165		-1251.75882		4994.17708		-7497.69472
166		-1236.45419		5055.04016		-7527.94854
167		-1203.2986		5136.33526		-7542.93247
168		-1168.39799		5222.10751		-7558.90348
169		-1131.66049		5298.90374		-7562.22473
170		-1106.62581		5355.47535		-7568.72696
171		-1063.22806		5432.46388		-7558.92
172		-1017.54621		5513.9343		-7549.02672
173		-969.46006		5588.27525		-7527.19538
174		-932.47942		5643.61563		-7508.57448
175		-893.55244		5699.47566		-7486.58053
176		-849.16757		5762.20611		-7460.54125
177		-805.85575		5818.13956		-7429.85105
178		-753.44617		5885.63747		-7392.52981
179		-705.09638		5936.38754		-7346.5803
180		-643.97459		6004.24183		-7292.19102
181		-606.9086		6064.86545		-7278.68264
182		-550.8463		6145.93827		-7247.63087
183		-491.83336		6231.51147		-7215.17819
184		-463.80538		6266.9323		-7194.54306
185		-424.07498		6318.77081		-7166.92077
186		-375.43532		6376.2149		-7127.08553
187		-314.0084		6451.25904		-7079.27584
188		-259.57576		6503.31253		-7022.46405
189		-188.64188		6578.71852		-6956.00229
190		-110.56555		6655.10945		-6876.24056
191		-31.78903		6734.42605		-6798.00412
192		40.90635		6797.29061		-6715.47792
193		114.01871		6854.30594		-6626.26853
194		197.79727		6917.07019		-6521.47564
195		279.16705		6974.86611		-6416.53201
196		340.95581		7036.72914		-6354.81752
197		385.54207		7101.66174		-6330.5776
198		425.65679		7150.23499		-6298.9214
199		444.01919		7166.08489		-6278.0465
200		442.89347		7144.07879		-6258.29185
201		451.93577		7135.88552		-6232.01399
202		468.27216		7129.61762		-6193.0733
203		478.6502		7115.29546		-6157.99506
204		482.75625		7123.64867		-6158.13618
205		480.26024		7117.28446		-6156.76397
206		487.86019		7125.16317		-6149.44278
207		502.67828		7136.303		-6130.94644
208		528.50361		7162.57734		-6105.57011
209		562.50629		7193.19397		-6068.18139
210		608.52599		7239.9413		-6022.88931
211		646.74068		7261.55508		-5968.07372
212		700.60334		7304.71682		-5903.51014
213		743.66492		7363.4021		-5876.07227
214		788.99289		7411.6263		-5833.64052
215		840.11547		7468.64482		-5788.41389
216		873.47278		7491.85979		-5744.91423
217		918.8121		7532.36941		-5694.7452
218		973.35669		7576.90799		-5630.19461
219		1040.99774		7639.85873		-5557.86325
220		1101.96951		7724.76405		-5520.82502
221		1162.74214		7843.41879		-5517.93451
222		1216.48248		7945.54847		-5512.5835
223		1286.68135		8073.64678		-5500.28408
224		1363.98605		8205.45401		-5477.48192
225		1407.88928		8287.99289		-5472.21433
226		1416.56392		8357.24039		-5524.11255
227		1422.29072		8415.82259		-5571.24115
228		1435.14948		8489.05287		-5618.7539
229		1441.88312		8552.31958		-5668.55334
230		1442.13156		8604.10266		-5719.83954
231		1435.60308		8641.65411		-5770.44796
232		1421.87573		8669.92319		-5826.17174
233		1417.57998		8708.21909		-5873.05914
234		1419.94051		8758.02946		-5918.14845
235		1432.52585		8819.11212		-5954.06041
236		1435.3796		8866.76084		-5996.00164
237		1451.72743		8930.65595		-6027.20109
238		1472.44098		9002.22681		-6057.34485
239		1507.37471		9091.29664		-6076.54722
240		1547.72271		9189.43048		-6093.98505
241		1587.00438		9275.74464		-6101.73588
242		1635.74843		9377.85417		-6106.35731
243		1680.99867		9505.97657		-6143.97923
244		1720.81378		9611.31557		-6169.68802
245		1743.4593		9688.60804		-6201.68943
246		1763.02323		9752.44304		-6226.39659
247		1765.44288		9792.26534		-6261.37959
248		1792.51788		9859.05581		-6274.02006
249		1821.01788		9929.73743		-6287.70168
250		1821.01788		9929.73743		-6287.70168
