step	mediator-max-opt_cov_err_sq_T_mean	mediator-max-opt_cov_err_sq_T_std_up	mediator-max-opt_cov_err_sq_T_std_down
1		14.885		15.8648		13.9052
2		14.285		14.787		13.783
3		13.825		14.75581		12.89419
4		13.285		13.81792		12.75208
5		13.09611		13.37509		12.81714
6		13.05833		13.30784		12.80883
7		13.04611		13.30649		12.78573
8		13.075		13.3719		12.7781
9		13.069		13.32866		12.80934
10		13.073		13.33609		12.80991
11		13.07879		13.37372		12.78385
12		13.09797		13.42053		12.77541
13		13.09561		13.38162		12.8096
14		13.08351		13.37517		12.79186
15		13.0733		13.34709		12.79952
16		13.0854		13.35362		12.81718
17		13.06628		13.33029		12.80226
18		13.06608		13.33029		12.80187
19		13.0657		13.34917		12.78222
20		13.0608		13.33315		12.78846
21		13.05454		13.3311		12.77799
22		13.04971		13.3197		12.77972
23		13.04533		13.31841		12.77226
24		13.04199		13.31027		12.7737
25		13.03892		13.30944		12.7684
26		13.03661		13.30356		12.76966
27		13.03448		13.30303		12.76593
28		13.04009		13.31424		12.76594
29		13.03493		13.3062		12.76367
30		13.03224		13.29889		12.76558
31		13.03127		13.29869		12.76386
32		13.02966		13.30038		12.75894
33		13.03495		13.31426		12.75565
34		13.0307		13.30439		12.757
35		13.03081		13.30524		12.75639
36		13.02736		13.29716		12.75756
37		13.02666		13.29784		12.75547
38		13.02443		13.2913		12.75755
39		13.02427		13.29206		12.75648
40		13.02198		13.28656		12.7574
41		13.02201		13.28733		12.7567
42		13.02014		13.28275		12.75753
43		13.02033		13.28352		12.75713
44		13.0188		13.27971		12.7579
45		13.0191		13.28047		12.75773
46		13.01786		13.27728		12.75844
47		13.0186		13.27809		12.75911
48		13.01862		13.27561		12.76163
49		13.0186		13.27625		12.76095
50		13.01779		13.27401		12.76158
51		13.01787		13.27463		12.76112
52		13.01723		13.27275		12.76171
53		13.01422		13.26627		12.76217
54		13.01062		13.26033		12.76092
55		13.01096		13.26086		12.76105
56		13.01034		13.25947		12.7612
57		13.01162		13.26019		12.76305
58		13.01081		13.25896		12.76266
59		13.01138		13.25955		12.76321
60		13.01072		13.25853		12.76291
61		13.00982		13.25582		12.76382
62		13.00945		13.25535		12.76355
63		13.00982		13.25542		12.76421
64		13.01036		13.25526		12.76546
65		13.01048		13.25529		12.76568
66		13.01041		13.25514		12.76569
67		13.01059		13.25518		12.766
68		13.00933		13.25276		12.76589
69		13.00801		13.25171		12.76431
70		13.0079		13.25146		12.76434
71		13.0079		13.25146		12.76434
72		13.00789		13.25133		12.76445
73		13.00789		13.25133		12.76445
74		13.00798		13.25132		12.76465
75		13.00798		13.25132		12.76465
76		13.00734		13.25125		12.76344
77		13.00704		13.2512		12.76288
78		13.00755		13.2522		12.7629
79		13.00813		13.25348		12.76277
80		13.00814		13.25328		12.76299
81		13.00814		13.25328		12.76299
82		13.00727		13.25298		12.76156
83		13.00739		13.25301		12.76177
84		13.00679		13.25163		12.76195
85		13.00699		13.25182		12.76216
86		13.00658		13.2515		12.76167
87		13.00614		13.25158		12.7607
88		13.00611		13.25137		12.76085
89		13.00624		13.25158		12.76091
90		13.00625		13.25141		12.76109
91		13.0064		13.25164		12.76116
92		13.00654		13.25154		12.76154
93		13.00665		13.25176		12.76154
94		13.00619		13.25158		12.76079
95		13.00613		13.25179		12.76048
96		13.00613		13.25173		12.76054
97		13.00598		13.25192		12.76005
98		13.00623		13.25232		12.76014
99		13.0068		13.25332		12.76027
100		13.00672		13.25308		12.76037
101		13.00683		13.25333		12.76034
102		13.0068		13.25312		12.76048
103		13.00692		13.25338		12.76046
104		13.00692		13.25321		12.76064
105		13.00704		13.25347		12.76061
106		13.00682		13.25329		12.76035
107		13.00697		13.25356		12.76038
108		13.00698		13.25345		12.76051
109		13.00702		13.2537		12.76034
110		13.00706		13.25363		12.7605
111		13.00718		13.25389		12.76047
112		13.00725		13.25384		12.76066
113		13.00737		13.25411		12.76063
114		13.00745		13.25408		12.76081
115		13.00676		13.25256		12.76095
116		13.00653		13.2527		12.76036
117		13.00659		13.25271		12.76046
118		13.00609		13.25154		12.76064
119		13.00585		13.25075		12.76095
120		13.00593		13.2509		12.76095
121		13.00599		13.25091		12.76107
122		13.00609		13.25109		12.7611
123		13.00616		13.2511		12.76122
124		13.00594		13.25054		12.76134
125		13.00587		13.25024		12.76151
126		13.0057		13.2502		12.7612
127		13.00579		13.25021		12.76138
128		13.00587		13.25028		12.76147
129		13.00601		13.25041		12.76161
130		13.00602		13.25043		12.76161
131		13.00612		13.25045		12.76179
132		13.00614		13.2505		12.76178
133		13.00635		13.25053		12.76217
134		13.00635		13.2506		12.7621
135		13.00648		13.25062		12.76233
136		13.00649		13.25071		12.76227
137		13.00662		13.25074		12.76251
138		13.0068		13.25087		12.76273
139		13.00689		13.25089		12.76289
140		13.00695		13.25102		12.76288
141		13.00705		13.25104		12.76306
142		13.00711		13.25119		12.76304
143		13.00723		13.25121		12.76324
144		13.00702		13.25076		12.76329
145		13.00734		13.25089		12.76379
146		13.0075		13.25084		12.76417
147		13.00763		13.25095		12.7643
148		13.00763		13.25095		12.7643
149		13.00807		13.25114		12.765
150		13.00799		13.25113		12.76485
151		13.0082		13.25129		12.76511
152		13.00812		13.25127		12.76497
153		13.00834		13.25145		12.76523
154		13.00827		13.25144		12.76511
155		13.00844		13.2515		12.76538
156		13.00842		13.25157		12.76527
157		13.00833		13.25106		12.7656
158		13.00832		13.25115		12.76549
159		13.00855		13.25136		12.76575
160		13.00852		13.25138		12.76566
161		13.00806		13.25129		12.76483
162		13.00834		13.25138		12.7653
163		13.00835		13.25139		12.76532
164		13.00846		13.25146		12.76545
165		13.00804		13.25139		12.7647
166		13.00822		13.25149		12.76494
167		13.00817		13.25148		12.76485
168		13.00719		13.25085		12.76353
169		13.00731		13.25095		12.76367
170		13.0073		13.25094		12.76367
171		13.00724		13.25061		12.76386
172		13.00726		13.25067		12.76386
173		13.00736		13.25069		12.76403
174		13.00739		13.25076		12.76402
175		13.00734		13.25075		12.76393
176		13.0076		13.25088		12.76433
177		13.00762		13.25088		12.76435
178		13.0077		13.25097		12.76443
179		13.00797		13.25101		12.76494
180		13.00805		13.2511		12.765
181		13.00757		13.251		12.76414
182		13.00725		13.25102		12.76348
183		13.00727		13.25102		12.76352
184		13.00731		13.25111		12.76351
185		13.00714		13.25111		12.76318
186		13.00706		13.25116		12.76296
187		13.00708		13.25117		12.76299
188		13.00712		13.25125		12.76298
189		13.00714		13.25126		12.76302
190		13.00722		13.25143		12.763
191		13.00712		13.25139		12.76285
192		13.00715		13.25148		12.76281
193		13.00716		13.25147		12.76286
194		13.0075		13.25162		12.76337
195		13.00744		13.2516		12.76329
196		13.00721		13.25165		12.76277
197		13.00699		13.2517		12.76228
198		13.00679		13.25117		12.76241
199		13.0071		13.25131		12.76289
200		13.00713		13.25146		12.7628
201		13.00696		13.25102		12.76291
202		13.00696		13.25108		12.76284
203		13.00698		13.25105		12.76291
204		13.00698		13.25112		12.76285
205		13.00682		13.25105		12.76258
206		13.00686		13.25113		12.76259
207		13.00685		13.2511		12.76259
208		13.00698		13.25081		12.76316
209		13.00679		13.25052		12.76305
210		13.00664		13.25035		12.76293
211		13.00656		13.25026		12.76286
212		13.00661		13.25028		12.76294
213		13.00656		13.25026		12.76287
214		13.00662		13.25028		12.76295
215		13.00685		13.25032		12.76339
216		13.00684		13.25033		12.76335
217		13.00673		13.25031		12.76316
218		13.00672		13.25027		12.76316
219		13.00672		13.25027		12.76316
220		13.00701		13.25033		12.76369
221		13.00726		13.25039		12.76413
222		13.00694		13.25033		12.76355
223		13.00674		13.25031		12.76316
224		13.00672		13.25031		12.76313
225		13.00672		13.2503		12.76313
226		13.00658		13.25028		12.76289
227		13.00661		13.2503		12.76292
228		13.00636		13.25026		12.76246
229		13.00642		13.25029		12.76255
230		13.00665		13.25034		12.76296
231		13.00664		13.25036		12.76292
232		13.00664		13.25037		12.76292
233		13.00664		13.2504		12.76289
234		13.00665		13.25041		12.76288
235		13.00659		13.25031		12.76288
236		13.00661		13.25034		12.76287
237		13.0066		13.25034		12.76287
238		13.00662		13.25039		12.76286
239		13.0069		13.25044		12.76336
240		13.00685		13.25047		12.76322
241		13.00669		13.25045		12.76294
242		13.00698		13.25055		12.7634
243		13.00679		13.25052		12.76306
244		13.00681		13.25046		12.76316
245		13.00675		13.25047		12.76303
246		13.00671		13.25049		12.76293
247		13.00667		13.2505		12.76283
248		13.00652		13.25051		12.76253
249		13.00651		13.25053		12.7625
250		13.00653		13.25057		12.7625
