step	mediator-max-opt_cum_inst_loss_mean	mediator-max-opt_cum_inst_loss_std_up	mediator-max-opt_cum_inst_loss_std_down
1		107.86879		176.02254		39.71503
2		167.94119		307.70353		28.17885
3		230.39905		438.38096		22.41714
4		288.76517		567.84708		9.68325
5		340.97944		695.34736		-13.38848
6		415.16558		821.82414		8.50701
7		485.87725		950.3741		21.3804
8		551.08685		1079.98163		22.19206
9		610.50479		1209.82494		11.18463
10		692.27373		1345.73876		38.80869
11		770.9673		1484.59425		57.34035
12		844.5789		1625.5315		63.6263
13		941.28854		1753.24454		129.33253
14		1035.70916		1878.01346		193.40486
15		1125.87554		2000.5569		251.19418
16		1211.56378		2120.75321		302.37435
17		1292.53818		2238.47315		346.60321
18		1368.55065		2353.5796		383.52171
19		1439.34003		2465.92725		412.75282
20		1504.63143		2575.3623		433.90055
21		1564.13546		2681.72216		446.54877
22		1617.54755		2784.83502		450.26007
23		1664.54705		2884.51958		444.57452
24		1704.79647		2980.58456		429.00838
25		1737.94053		3072.82834		403.05273
26		1763.60527		3161.03847		366.17208
27		1781.39705		3244.99122		317.80288
28		1790.90149		3324.451		257.35198
29		1791.68242		3399.16987		184.19496
30		1811.72819		3515.35691		108.09947
31		1853.8975		3616.32456		91.47044
32		1890.90725		3714.37686		67.43764
33		1920.64114		3810.45002		30.83225
34		1971.16371		3891.13947		51.18795
35		2045.41386		3976.76192		114.0658
36		2116.19292		4060.12745		172.25839
37		2181.47344		4140.80829		222.13859
38		2240.96604		4218.83965		263.09243
39		2294.36608		4294.26153		294.47063
40		2341.35291		4367.11653		315.5893
41		2381.58899		4437.44704		325.73093
42		2414.719		4505.29215		324.14586
43		2440.36896		4570.68412		310.05381
44		2486.59267		4652.21386		320.97147
45		2556.31769		4731.85602		380.77936
46		2650.78094		4865.95166		435.61022
47		2742.83695		5001.94733		483.72656
48		2830.51426		5136.14589		524.88263
49		2913.58243		5268.46411		558.70075
50		2991.79886		5398.81423		584.78349
51		3064.9082		5527.10362		602.71278
52		3132.64166		5653.23447		612.04885
53		3194.71629		5777.10343		612.32915
54		3250.83426		5898.60128		603.06724
55		3300.68207		6017.61254		583.75159
56		3343.9297		6134.0151		553.8443
57		3437.12475		6263.00571		611.24379
58		3529.69056		6391.67155		667.70958
59		3617.90452		6519.09947		716.70956
60		3701.53756		6645.30162		757.77351
61		3780.3486		6770.29177		790.40544
62		3854.08385		6894.08483		814.08288
63		3950.92365		7012.18271		889.66459
64		4045.48128		7127.39783		963.56472
65		4135.79188		7239.86793		1031.71583
66		4221.63193		7349.48355		1093.7803
67		4302.76613		7456.13177		1149.40048
68		4378.94681		7559.69602		1198.19759
69		4449.91325		7660.05593		1239.77056
70		4515.39102		7757.08713		1273.69491
71		4603.53874		7860.496		1346.58148
72		4688.94682		7961.55649		1416.33714
73		4798.0738		8052.35673		1543.79086
74		4905.56531		8138.34268		1672.78794
75		5009.49053		8219.71413		1799.26692
76		5109.66174		8296.23922		1923.08427
77		5205.88139		8367.67546		2044.08732
78		5297.94148		8433.76943		2162.11353
79		5385.6231		8494.25648		2276.98971
80		5468.69579		8548.8605		2388.53108
81		5546.91699		8597.29372		2496.54025
82		5620.03134		8639.25657		2600.80612
83		5687.77008		8674.43766		2701.10249
84		5749.85027		8702.51385		2797.18669
85		5805.97409		8723.1504		2888.79778
86		5855.82806		8736.00143		2975.65468
87		5899.08217		8740.71045		3057.45388
88		5935.38907		8736.91129		3133.86685
89		5964.38312		8724.22927		3204.53696
90		5985.67942		8702.28292		3269.07592
91		5998.87284		8670.68608		3327.05959
92		6003.5369		8629.05086		3378.02294
93		5999.2227		8576.99124		3421.45415
94		5985.45769		8514.12778		3456.78759
95		5961.74446		8440.09358		3483.39533
96		5927.55942		8354.54167		3500.57717
97		5882.35142		8257.1542		3507.54865
98		5825.54032		8147.65378		3503.42685
99		5756.51541		8025.81706		3487.21375
100		5674.63386		7891.49095		3457.77677
101		5607.6665		7735.38255		3479.95046
102		5529.79556		7567.13159		3492.45952
103		5467.04988		7415.9769		3518.12286
104		5422.0703		7333.55877		3510.58182
105		5395.79186		7272.85199		3518.73173
106		5360.75135		7204.02214		3517.48055
107		5314.64285		7125.39117		3503.89454
108		5256.88385		7036.95688		3476.81082
109		5215.30865		6949.29549		3481.32181
110		5164.16628		6851.82296		3476.50961
111		5101.10847		6743.96415		3458.25279
112		5025.50808		6625.96971		3425.04645
113		4936.70498		6498.25016		3375.1598
114		4862.45177		6378.02973		3346.87381
115		4805.35899		6258.02919		3352.68879
116		4737.88234		6126.47276		3349.29192
117		4686.07803		5988.49562		3383.66043
118		4652.61566		5921.58754		3383.64379
119		4638.46061		5857.32017		3419.60106
120		4616.18157		5782.84406		3449.51908
121		4583.5062		5697.64482		3469.36758
122		4539.88733		5601.81744		3477.95721
123		4541.64396		5584.82706		3498.46085
124		4537.9588		5570.22711		3505.69049
125		4524.85594		5553.38641		3496.32547
126		4501.83971		5535.11263		3468.56678
127		4468.38835		5516.13082		3420.64588
128		4423.95266		5496.99516		3350.91016
129		4396.40198		5464.79824		3328.00573
130		4360.02228		5427.46359		3292.58097
131		4340.9516		5394.37848		3287.52472
132		4341.94569		5342.49186		3341.39953
133		4364.0606		5344.91682		3383.20438
134		4379.96045		5345.91778		3414.00312
135		4387.4734		5341.97106		3432.97573
136		4386.15801		5333.44087		3438.87516
137		4403.99714		5376.58591		3431.40838
138		4415.39618		5420.85322		3409.93914
139		4418.17142		5462.6522		3373.69064
140		4440.31648		5520.26238		3360.37057
141		4456.24806		5573.11627		3339.37985
142		4463.79441		5619.63865		3307.95017
143		4490.96167		5646.53947		3335.38387
144		4512.1798		5666.97017		3357.38942
145		4525.29092		5681.73654		3368.84531
146		4529.86837		5690.79657		3368.94016
147		4525.46298		5694.11043		3356.81553
148		4511.60199		5691.6339		3331.57008
149		4516.23521		5692.26721		3340.20321
150		4542.18079		5692.88673		3391.47484
151		4590.56041		5755.14592		3425.97491
152		4634.10733		5819.3188		3448.89586
153		4670.72246		5881.22601		3460.21891
154		4756.93592		5993.62333		3520.24851
155		4842.1527		6107.92263		3576.38276
156		4922.63082		6220.79923		3624.4624
157		4998.12088		6332.22669		3664.01508
158		5096.80785		6449.86836		3743.74734
159		5193.30988		6567.29424		3819.32553
160		5285.66722		6684.13946		3887.19498
161		5373.66173		6800.49854		3946.82491
162		5457.06378		6916.45775		3997.66981
163		5535.63167		7032.09185		4039.17148
164		5609.11096		7147.46123		4070.7607
165		5677.23385		7262.60934		4091.85836
166		5739.7184		7377.56074		4101.87606
167		5824.71536		7480.02508		4169.40565
168		5906.80685		7579.85425		4233.75945
169		5983.9952		7677.81636		4290.17404
170		6056.02235		7773.95546		4338.08924
171		6122.61666		7868.31472		4376.91859
172		6183.49218		7960.93385		4406.05052
173		6238.34794		8051.8463		4424.84958
174		6286.8671		8141.07645		4432.65775
175		6328.71615		8228.6367		4428.79561
176		6363.54404		8314.52476		4412.56333
177		6419.42873		8411.22882		4427.62864
178		6470.87571		8505.10381		4436.64762
179		6544.25418		8585.55689		4502.95147
180		6614.11568		8661.47158		4566.75977
181		6678.43035		8733.3543		4623.50639
182		6736.90626		8801.10743		4672.70508
183		6789.2361		8864.63567		4713.83654
184		6835.09641		8923.84581		4746.347
185		6902.59416		8983.06252		4822.1258
186		6966.26542		9036.67047		4895.86038
187		7024.06407		9084.06022		4964.06791
188		7075.681		9124.92749		5026.4345
189		7120.79086		9158.955		5082.62672
190		7187.49868		9215.08754		5159.90982
191		7250.33844		9267.83729		5232.83958
192		7307.2618		9315.27344		5299.25017
193		7357.95739		9357.25667		5358.65812
194		7402.09743		9393.65612		5410.53874
195		7439.33688		9424.35088		5454.32288
196		7469.31256		9449.23145		5489.39367
197		7491.64216		9468.20086		5515.08346
198		7505.92326		9481.17556		5530.67096
199		7511.73225		9488.08571		5535.37879
200		7508.62323		9488.8748		5528.37166
201		7553.02182		9556.06925		5549.97439
202		7594.22292		9626.97933		5561.46651
203		7656.81625		9718.61562		5595.01688
204		7715.32497		9810.49015		5620.15979
205		7796.13684		9893.61167		5698.662
206		7873.82297		9972.67972		5774.96621
207		7946.3741		10048.04396		5844.70423
208		8013.51996		10119.65011		5907.38982
209		8103.42357		10206.55402		6000.29311
210		8190.67994		10291.94705		6089.41283
211		8273.30501		10374.72395		6171.88607
212		8351.05503		10454.97466		6247.1354
213		8423.67341		10532.80963		6314.53718
214		8490.89006		10608.35946		6373.42066
215		8552.42069		10681.77358		6423.0678
216		8636.41351		10734.48758		6538.33945
217		8717.44802		10781.13019		6653.76585
218		8793.52376		10822.78414		6764.26337
219		8864.37973		10859.48125		6869.27821
220		8929.74123		10891.30476		6968.17769
221		8989.31906		10918.39911		7060.239
222		9042.80882		10940.9802		7144.63744
223		9089.89008		10959.34547		7220.43469
224		9130.22557		10973.88293		7286.5682
225		9163.46023		10985.0774		7341.84306
226		9189.22033		10993.51222		7384.92845
227		9207.11249		10999.86405		7414.36093
228		9216.7226		11004.88836		7428.55684
229		9217.61476		11009.39379		7425.83573
230		9237.77761		11044.04428		7431.51095
231		9251.62268		11077.11371		7426.13165
232		9256.97269		11106.67184		7407.27354
233		9281.82802		11186.16037		7377.49568
234		9300.61253		11267.69847		7333.5266
235		9339.60945		11324.93484		7354.28405
236		9373.27984		11380.49458		7366.06509
237		9399.49861		11436.28478		7362.71244
238		9417.87357		11492.7116		7343.03553
239		9427.99189		11550.1416		7305.84218
240		9457.8665		11612.93296		7302.80003
241		9481.93446		11672.76025		7291.10867
242		9498.04541		11729.18799		7266.90283
243		9505.78056		11782.16838		7229.39274
244		9504.69908		11831.64133		7177.75683
245		9494.33694		11877.5316		7111.14227
246		9474.20561		11919.74594		7028.66528
247		9472.23773		11951.31174		6993.16372
248		9462.78095		11975.66713		6949.89478
249		9443.68595		11992.93876		6894.43315
250		9443.68595		11992.93876		6894.43315
