step	mediator-max-opt_reward_mean	mediator-max-opt_reward_std_up	mediator-max-opt_reward_std_down
1		0.0		0.0		0.0
2		0.0		0.0		0.0
3		30.0		90.0		-30.0
4		90.0		163.48469		16.51531
5		150.0		150.0		150.0
6		240.0		313.48469		166.51531
7		270.0		330.0		210.0
8		360.0		433.48469		286.51531
9		420.0		480.0		360.0
10		480.0		540.0		420.0
11		510.0		583.48469		436.51531
12		600.0		694.86833		505.13167
13		630.0		690.0		570.0
14		750.0		844.86833		655.13167
15		780.0		840.0		720.0
16		870.0		982.24972		757.75028
17		930.0		990.0		870.0
18		990.0		1110.0		870.0
19		1080.0		1140.0		1020.0
20		1140.0		1260.0		1020.0
21		1200.0		1294.86833		1105.13167
22		1290.0		1410.0		1170.0
23		1350.0		1444.86833		1255.13167
24		1380.0		1526.96938		1233.03062
25		1500.0		1594.86833		1405.13167
26		1530.0		1676.96938		1383.03062
27		1620.0		1732.24972		1507.75028
28		1650.0		1744.86833		1555.13167
29		1740.0		1892.97059		1587.02941
30		1800.0		1894.86833		1705.13167
31		1830.0		1942.24972		1717.75028
32		1950.0		2044.86833		1855.13167
33		1980.0		2092.24972		1867.75028
34		2070.0		2216.96938		1923.03062
35		2100.0		2194.86833		2005.13167
36		2190.0		2342.97059		2037.02941
37		2250.0		2344.86833		2155.13167
38		2340.0		2492.97059		2187.02941
39		2400.0		2494.86833		2305.13167
40		2460.0		2612.97059		2307.02941
41		2520.0		2666.96938		2373.03062
42		2610.0		2762.97059		2457.02941
43		2670.0		2816.96938		2523.03062
44		2730.0		2928.99749		2531.00251
45		2820.0		2966.96938		2673.03062
46		2880.0		3078.99749		2681.00251
47		2970.0		3116.96938		2823.03062
48		3030.0		3228.99749		2831.00251
49		3120.0		3266.96938		2973.03062
50		3150.0		3314.31677		2985.68323
51		3180.0		3354.92856		3005.07144
52		3270.0		3416.96938		3123.03062
53		3300.0		3464.31677		3135.68323
54		3390.0		3593.4699		3186.5301
55		3450.0		3614.31677		3285.68323
56		3510.0		3713.4699		3306.5301
57		3570.0		3744.92856		3395.07144
58		3660.0		3863.4699		3456.5301
59		3690.0		3914.49944		3465.50056
60		3750.0		3939.73666		3560.26334
61		3810.0		4013.4699		3606.5301
62		3900.0		4089.73666		3710.26334
63		3930.0		4104.92856		3755.07144
64		4050.0		4239.73666		3860.26334
65		4050.0		4239.73666		3860.26334
66		4110.0		4290.0		3930.0
67		4200.0		4389.73666		4010.26334
68		4260.0		4440.0		4080.0
69		4320.0		4494.92856		4145.07144
70		4410.0		4590.0		4230.0
71		4470.0		4644.92856		4295.07144
72		4560.0		4740.0		4380.0
73		4590.0		4793.4699		4386.5301
74		4680.0		4900.45408		4459.54592
75		4740.0		4943.4699		4536.5301
76		4830.0		5050.45408		4609.54592
77		4860.0		5040.0		4680.0
78		4980.0		5200.45408		4759.54592
79		4980.0		5200.45408		4759.54592
80		5100.0		5312.13203		4887.86797
81		5130.0		5350.45408		4909.54592
82		5220.0		5394.92856		5045.07144
83		5280.0		5500.45408		5059.54592
84		5340.0		5492.97059		5187.02941
85		5400.0		5612.13203		5187.86797
86		5490.0		5642.97059		5337.02941
87		5550.0		5762.13203		5337.86797
88		5610.0		5813.4699		5406.5301
89		5700.0		5912.13203		5487.86797
90		5760.0		5963.4699		5556.5301
91		5820.0		6078.06976		5561.93024
92		5910.0		6113.4699		5706.5301
93		5940.0		6164.49944		5715.50056
94		6030.0		6250.45408		5809.54592
95		6090.0		6314.49944		5865.50056
96		6180.0		6400.45408		5959.54592
97		6240.0		6464.49944		6015.50056
98		6300.0		6489.73666		6110.26334
99		6390.0		6614.49944		6165.50056
100		6420.0		6660.0		6180.0
101		6480.0		6700.45408		6259.54592
102		6570.0		6810.0		6330.0
103		6570.0		6810.0		6330.0
104		6720.0		6960.0		6480.0
105		6720.0		6960.0		6480.0
106		6840.0		7064.49944		6615.50056
107		6870.0		7110.0		6630.0
108		6930.0		7188.06976		6671.93024
109		7020.0		7260.0		6780.0
110		7080.0		7338.06976		6821.93024
111		7140.0		7433.93877		6846.06123
112		7170.0		7460.86079		6879.13921
113		7290.0		7583.93877		6996.06123
114		7320.0		7610.86079		7029.13921
115		7440.0		7733.93877		7146.06123
116		7470.0		7760.86079		7179.13921
117		7560.0		7909.85711		7210.14289
118		7590.0		7939.85711		7240.14289
119		7710.0		8059.85711		7360.14289
120		7740.0		8089.85711		7390.14289
121		7860.0		8209.85711		7510.14289
122		7890.0		8239.85711		7540.14289
123		8010.0		8359.85711		7660.14289
124		8040.0		8389.85711		7690.14289
125		8100.0		8491.15214		7708.84786
126		8160.0		8569.14545		7750.85455
127		8250.0		8641.15214		7858.84786
128		8280.0		8686.9398		7873.0602
129		8370.0		8765.72718		7974.27282
130		8430.0		8836.9398		8023.0602
131		8520.0		8915.72718		8124.27282
132		8550.0		8963.52146		8136.47854
133		8670.0		9065.72718		8274.27282
134		8700.0		9113.52146		8286.47854
135		8790.0		9240.99889		8339.00111
136		8850.0		9263.52146		8436.47854
137		8940.0		9390.99889		8489.00111
138		8970.0		9365.72718		8574.27282
139		9060.0		9490.581		8629.419
140		9090.0		9540.99889		8639.00111
141		9210.0		9640.581		8779.419
142		9240.0		9690.99889		8789.00111
143		9330.0		9747.85165		8912.14835
144		9390.0		9840.99889		8939.00111
145		9480.0		9897.85165		9062.14835
146		9540.0		9990.99889		9089.00111
147		9630.0		10047.85165		9212.14835
148		9690.0		10140.99889		9239.00111
149		9750.0		10141.15214		9358.84786
150		9840.0		10290.99889		9389.00111
151		9870.0		10265.72718		9474.27282
152		9960.0		10420.86874		9499.13126
153		9990.0		10440.99889		9539.00111
154		10050.0		10474.26407		9625.73593
155		10110.0		10570.86874		9649.13126
156		10200.0		10624.26407		9775.73593
157		10230.0		10678.99889		9781.00111
158		10320.0		10798.12132		9841.87868
159		10350.0		10774.26407		9925.73593
160		10470.0		10948.12132		9991.87868
161		10470.0		10948.12132		9991.87868
162		10620.0		11098.12132		10141.87868
163		10620.0		11098.12132		10141.87868
164		10710.0		11226.13952		10193.86048
165		10740.0		11200.86874		10279.13126
166		10860.0		11376.13952		10343.86048
167		10890.0		11350.86874		10429.13126
168		10950.0		11460.88159		10439.11841
169		11010.0		11460.99889		10559.00111
170		11040.0		11510.53161		10569.46839
171		11100.0		11610.88159		10589.11841
172		11190.0		11660.53161		10719.46839
173		11220.0		11698.12132		10741.87868
174		11340.0		11810.53161		10869.46839
175		11340.0		11810.53161		10869.46839
176		11460.0		11984.78567		10935.21433
177		11490.0		11960.53161		11019.46839
178		11610.0		12134.78567		11085.21433
179		11640.0		12110.53161		11169.46839
180		11760.0		12284.78567		11235.21433
181		11790.0		12260.53161		11319.46839
182		11910.0		12434.78567		11385.21433
183		11910.0		12434.78567		11385.21433
184		12030.0		12610.17239		11449.82761
185		12030.0		12610.17239		11449.82761
186		12150.0		12786.3961		11513.6039
187		12180.0		12760.17239		11599.82761
188		12210.0		12791.72158		11628.27842
189		12330.0		12910.17239		11749.82761
190		12360.0		12941.72158		11778.27842
191		12420.0		13030.4097		11809.5903
192		12480.0		13036.41711		11923.58289
193		12540.0		13144.48325		11935.51675
194		12600.0		13153.17267		12046.82733
195		12660.0		13264.48325		12055.51675
196		12720.0		13276.41711		12163.58289
197		12810.0		13414.48325		12205.51675
198		12870.0		13426.41711		12313.58289
199		12960.0		13564.48325		12355.51675
200		12990.0		13601.88234		12378.11766
201		13050.0		13686.3961		12413.6039
202		13140.0		13751.88234		12528.11766
203		13170.0		13809.21827		12530.78173
204		13260.0		13928.13172		12591.86828
205		13290.0		13984.55021		12595.44979
206		13410.0		14078.13172		12741.86828
207		13440.0		14134.55021		12745.44979
208		13560.0		14228.13172		12891.86828
209		13590.0		14284.55021		12895.44979
210		13680.0		14340.0		13020.0
211		13710.0		14398.0407		13021.9593
212		13800.0		14464.07831		13135.92169
213		13830.0		14490.0		13170.0
214		13950.0		14614.07831		13285.92169
215		13980.0		14640.0		13320.0
216		14070.0		14709.21827		13430.78173
217		14130.0		14790.0		13470.0
218		14220.0		14859.21827		13580.78173
219		14280.0		14940.0		13620.0
220		14370.0		15009.21827		13730.78173
221		14430.0		15090.0		13770.0
222		14490.0		15101.88234		13878.11766
223		14580.0		15240.0		13920.0
224		14640.0		15251.88234		14028.11766
225		14730.0		15390.0		14070.0
226		14790.0		15401.88234		14178.11766
227		14820.0		15459.21827		14180.78173
228		14880.0		15490.4097		14269.5903
229		14970.0		15609.21827		14330.78173
230		14970.0		15609.21827		14330.78173
231		15090.0		15737.61099		14442.38901
232		15090.0		15737.61099		14442.38901
233		15210.0		15850.6247		14569.3753
234		15240.0		15887.61099		14592.38901
235		15360.0		16000.6247		14719.3753
236		15390.0		16037.61099		14742.38901
237		15510.0		16150.6247		14869.3753
238		15540.0		16187.61099		14892.38901
239		15630.0		16247.73781		15012.26219
240		15660.0		16300.6247		15019.3753
241		15750.0		16334.80766		15165.19234
242		15810.0		16450.6247		15169.3753
243		15870.0		16509.21827		15230.78173
244		15960.0		16600.6247		15319.3753
245		16020.0		16659.21827		15380.78173
246		16110.0		16750.6247		15469.3753
247		16170.0		16809.21827		15530.78173
248		16230.0		16923.2532		15536.7468
249		16320.0		16959.21827		15680.78173
250		16320.0		16959.21827		15680.78173
