step	mediator-max-opt_runtime_mean	mediator-max-opt_runtime_std_up	mediator-max-opt_runtime_std_down
1		0.00018		0.0002		0.00015
2		0.0113		0.0129		0.00971
3		0.02125		0.02268		0.01982
4		0.03137		0.03318		0.02956
5		0.04125		0.04337		0.03913
6		0.05135		0.0534		0.0493
7		0.06095		0.0633		0.0586
8		0.07046		0.07318		0.06774
9		0.08051		0.08283		0.07818
10		0.09008		0.09285		0.08731
11		0.0997		0.10281		0.09658
12		0.10932		0.11268		0.10596
13		0.11896		0.12255		0.11537
14		0.12941		0.13466		0.12416
15		0.13944		0.14557		0.13331
16		0.14892		0.15505		0.14279
17		0.15898		0.16612		0.15183
18		0.16836		0.17576		0.16096
19		0.1781		0.18545		0.17074
20		0.18739		0.19511		0.17968
21		0.19719		0.20493		0.18946
22		0.2064		0.21429		0.19852
23		0.21671		0.22593		0.2075
24		0.2267		0.23677		0.21664
25		0.23628		0.24655		0.22601
26		0.2461		0.25644		0.23577
27		0.25578		0.26635		0.24522
28		0.26546		0.27581		0.25511
29		0.27482		0.28579		0.26386
30		0.28453		0.29577		0.2733
31		0.29409		0.30515		0.28303
32		0.30417		0.31528		0.29305
33		0.31417		0.32579		0.30255
34		0.324		0.33569		0.31231
35		0.3363		0.35309		0.31952
36		0.34989		0.37465		0.32513
37		0.36037		0.38679		0.33395
38		0.37015		0.39687		0.34343
39		0.37972		0.40681		0.35263
40		0.39026		0.41756		0.36296
41		0.40016		0.4278		0.37251
42		0.41096		0.44063		0.38129
43		0.42136		0.45144		0.39128
44		0.4315		0.46144		0.40157
45		0.44247		0.47279		0.41215
46		0.45244		0.48305		0.42184
47		0.46218		0.49263		0.43172
48		0.47289		0.50427		0.44151
49		0.4828		0.51432		0.45129
50		0.49298		0.52438		0.46158
51		0.50394		0.53696		0.47091
52		0.51547		0.55077		0.48017
53		0.52608		0.56305		0.48911
54		0.53637		0.57369		0.49905
55		0.54685		0.58411		0.50959
56		0.55624		0.59363		0.51885
57		0.56646		0.60374		0.52918
58		0.57658		0.61339		0.53977
59		0.58634		0.62385		0.54884
60		0.59592		0.63427		0.55758
61		0.60566		0.6441		0.56722
62		0.61584		0.65501		0.57666
63		0.62603		0.66595		0.58611
64		0.63573		0.67587		0.59559
65		0.64532		0.6855		0.60515
66		0.65507		0.69551		0.61462
67		0.66485		0.7058		0.62389
68		0.67467		0.71554		0.6338
69		0.68482		0.72537		0.64426
70		0.69454		0.73548		0.65359
71		0.70444		0.74556		0.66333
72		0.71499		0.7578		0.67217
73		0.72483		0.76857		0.68108
74		0.73441		0.77835		0.69047
75		0.7443		0.78855		0.70006
76		0.75472		0.80034		0.7091
77		0.76533		0.81222		0.71845
78		0.77556		0.82413		0.727
79		0.78589		0.8347		0.73708
80		0.7959		0.8452		0.74659
81		0.80572		0.85589		0.75555
82		0.81542		0.86559		0.76525
83		0.82526		0.87574		0.77477
84		0.83498		0.88558		0.78438
85		0.84461		0.89573		0.7935
86		0.85436		0.90521		0.8035
87		0.86377		0.91479		0.81275
88		0.87353		0.92506		0.82201
89		0.88369		0.93495		0.83243
90		0.89368		0.94486		0.8425
91		0.90404		0.95552		0.85256
92		0.9143		0.96542		0.86318
93		0.92462		0.97579		0.87345
94		0.93489		0.98663		0.88314
95		0.94436		0.99602		0.8927
96		0.95406		1.00561		0.90251
97		0.96372		1.01589		0.91155
98		0.97362		1.02586		0.92139
99		0.98377		1.03591		0.93163
100		0.99325		1.04573		0.94077
101		1.00363		1.05773		0.94952
102		1.01377		1.06863		0.95891
103		1.02428		1.08043		0.96813
104		1.03458		1.09178		0.97739
105		1.04455		1.10207		0.98703
106		1.05455		1.11256		0.99655
107		1.06468		1.12301		1.00634
108		1.07406		1.13231		1.01582
109		1.08376		1.14234		1.02518
110		1.09401		1.15286		1.03516
111		1.10374		1.16269		1.04479
112		1.1134		1.17267		1.05414
113		1.12317		1.18265		1.06369
114		1.13286		1.1923		1.07342
115		1.14267		1.20262		1.08271
116		1.15262		1.213		1.09225
117		1.16297		1.22447		1.10147
118		1.17287		1.23576		1.10998
119		1.1842		1.24889		1.11952
120		1.19403		1.2585		1.12957
121		1.20365		1.2679		1.13939
122		1.21391		1.27824		1.14958
123		1.22328		1.28748		1.15909
124		1.23322		1.29743		1.16901
125		1.24308		1.30734		1.17882
126		1.25268		1.31741		1.18795
127		1.26226		1.32692		1.1976
128		1.2722		1.33671		1.2077
129		1.28154		1.34649		1.21658
130		1.2908		1.35551		1.22608
131		1.30072		1.36547		1.23596
132		1.31047		1.37534		1.2456
133		1.31991		1.38486		1.25495
134		1.32944		1.39431		1.26456
135		1.33962		1.40472		1.27452
136		1.34887		1.41404		1.28369
137		1.35832		1.42376		1.29287
138		1.36821		1.43339		1.30304
139		1.37779		1.44285		1.31272
140		1.38763		1.45293		1.32233
141		1.3977		1.46273		1.33267
142		1.40824		1.473		1.34347
143		1.41843		1.48337		1.35349
144		1.42813		1.49262		1.36363
145		1.43831		1.50273		1.3739
146		1.4479		1.51235		1.38345
147		1.45753		1.52197		1.39309
148		1.46754		1.53229		1.40278
149		1.47765		1.54256		1.41274
150		1.4874		1.55271		1.4221
151		1.49716		1.56252		1.4318
152		1.5076		1.5739		1.4413
153		1.5176		1.58382		1.45138
154		1.52704		1.59305		1.46102
155		1.53715		1.60307		1.47123
156		1.54716		1.61328		1.48104
157		1.55652		1.62269		1.49035
158		1.56657		1.63273		1.50042
159		1.57626		1.64221		1.51031
160		1.58618		1.65301		1.51935
161		1.59615		1.66273		1.52957
162		1.60592		1.67229		1.53955
163		1.61582		1.68251		1.54913
164		1.62559		1.69214		1.55904
165		1.63505		1.70156		1.56854
166		1.64495		1.71178		1.57812
167		1.65453		1.72132		1.58774
168		1.66425		1.73102		1.59747
169		1.67425		1.7413		1.60721
170		1.68401		1.7511		1.61691
171		1.69372		1.76067		1.62677
172		1.70351		1.77063		1.63639
173		1.71317		1.78061		1.64574
174		1.72236		1.79003		1.65469
175		1.73218		1.7998		1.66457
176		1.74211		1.81021		1.67401
177		1.75174		1.81972		1.68376
178		1.76192		1.82971		1.69413
179		1.7719		1.83944		1.70437
180		1.78174		1.84947		1.71401
181		1.79344		1.85991		1.72697
182		1.80431		1.87038		1.73825
183		1.81467		1.88043		1.74891
184		1.82515		1.89075		1.75955
185		1.83536		1.90077		1.76996
186		1.845		1.91029		1.77971
187		1.85504		1.92064		1.78944
188		1.86489		1.93007		1.79971
189		1.87508		1.9403		1.80986
190		1.8854		1.95076		1.82005
191		1.89519		1.96044		1.82995
192		1.90524		1.97057		1.83991
193		1.91514		1.9805		1.84978
194		1.92526		1.99043		1.8601
195		1.93483		1.99981		1.86984
196		1.94447		2.00947		1.87946
197		1.95407		2.0189		1.88924
198		1.96396		2.02872		1.8992
199		1.97361		2.03855		1.90866
200		1.98339		2.04801		1.91877
201		1.99347		2.05852		1.92842
202		2.00302		2.06811		1.93793
203		2.0137		2.07982		1.94758
204		2.0237		2.0899		1.95751
205		2.03332		2.09939		1.96726
206		2.04354		2.10951		1.97757
207		2.05355		2.11965		1.98744
208		2.06371		2.12939		1.99803
209		2.07348		2.13937		2.00759
210		2.0838		2.1504		2.01721
211		2.09368		2.15992		2.02743
212		2.10343		2.16977		2.03709
213		2.11318		2.17966		2.0467
214		2.12333		2.18981		2.05685
215		2.13305		2.19945		2.06665
216		2.1429		2.20954		2.07626
217		2.15236		2.21898		2.08573
218		2.16214		2.22863		2.09565
219		2.17194		2.23826		2.10563
220		2.18159		2.24794		2.11525
221		2.19115		2.25764		2.12467
222		2.20092		2.26731		2.13454
223		2.21047		2.27717		2.14377
224		2.22049		2.2869		2.15409
225		2.23032		2.29694		2.1637
226		2.23987		2.30652		2.17321
227		2.24991		2.31693		2.18289
228		2.25964		2.32703		2.19225
229		2.27023		2.33775		2.20271
230		2.27985		2.34757		2.21213
231		2.29108		2.35785		2.22432
232		2.30176		2.36735		2.23617
233		2.31175		2.37716		2.24634
234		2.32279		2.3873		2.25827
235		2.33409		2.39748		2.2707
236		2.34421		2.40681		2.2816
237		2.35401		2.4169		2.29113
238		2.36376		2.42721		2.30031
239		2.3737		2.43713		2.31028
240		2.38372		2.44741		2.32003
241		2.39346		2.45709		2.32982
242		2.40461		2.46904		2.34019
243		2.41687		2.48213		2.35161
244		2.42679		2.49205		2.36153
245		2.43712		2.50281		2.37142
246		2.4478		2.51328		2.38233
247		2.45792		2.52399		2.39185
248		2.46887		2.53621		2.40153
249		2.47972		2.54783		2.41161
250		2.48927		2.55757		2.42096
