step	mediator-max-opt_reward_mean	mediator-max-opt_reward_std_up	mediator-max-opt_reward_std_down
1		-1.0		-1.0		-1.0
2		-2.0		-2.0		-2.0
3		7.2		27.6		-13.2
4		6.2		26.6		-14.2
5		5.2		25.6		-15.2
6		34.4		93.12172		-24.32172
7		33.4		92.12172		-25.32172
8		32.4		91.12172		-26.32172
9		31.4		90.12172		-27.32172
10		60.6		128.83665		-7.63665
11		89.8		153.36225		26.23775
12		88.8		152.36225		25.23775
13		87.8		151.36225		24.23775
14		86.8		150.36225		23.23775
15		85.8		149.36225		22.23775
16		84.8		148.36225		21.23775
17		114.0		154.0		74.0
18		113.0		153.0		73.0
19		112.0		152.0		72.0
20		141.2		161.6		120.8
21		170.4		229.12172		111.67828
22		169.4		228.12172		110.67828
23		168.4		227.12172		109.67828
24		167.4		226.12172		108.67828
25		196.6		264.83665		128.36335
26		225.8		340.51948		111.08052
27		224.8		339.51948		110.08052
28		254.0		357.53936		150.46064
29		253.0		356.53936		149.46064
30		252.0		355.53936		148.46064
31		281.2		406.00609		156.39391
32		280.2		405.00609		155.39391
33		279.2		404.00609		154.39391
34		278.2		403.00609		153.39391
35		277.2		402.00609		152.39391
36		276.2		401.00609		151.39391
37		275.2		400.00609		150.39391
38		274.2		399.00609		149.39391
39		273.2		398.00609		148.39391
40		272.2		397.00609		147.39391
41		281.4		398.63754		164.16246
42		280.4		397.63754		163.16246
43		309.8		393.70804		225.89196
44		308.8		392.70804		224.89196
45		318.0		398.38159		237.61841
46		337.2		397.27462		277.12538
47		336.2		396.27462		276.12538
48		355.4		418.81167		291.98833
49		364.6		423.33534		305.86466
50		363.6		422.33534		304.86466
51		383.0		458.37639		307.62361
52		402.2		446.70798		357.69202
53		401.2		445.70798		356.69202
54		400.2		444.70798		355.69202
55		399.2		443.70798		354.69202
56		408.4		446.00106		370.79894
57		437.8		474.9128		400.6872
58		436.8		473.9128		399.6872
59		435.8		472.9128		398.6872
60		434.8		471.9128		397.6872
61		454.2		512.65819		395.74181
62		453.2		511.65819		394.74181
63		462.4		537.80451		386.99549
64		461.4		536.80451		385.99549
65		460.4		535.80451		384.99549
66		469.6		551.48919		387.71081
67		468.6		550.48919		386.71081
68		467.6		549.48919		385.71081
69		476.8		569.31032		384.28968
70		475.8		568.31032		383.28968
71		474.8		567.31032		382.28968
72		473.8		566.31032		381.28968
73		472.8		565.31032		380.28968
74		492.0		584.20412		399.79588
75		501.2		604.99865		397.40135
76		530.6		636.15681		425.04319
77		529.6		635.15681		424.04319
78		538.8		636.50855		441.09145
79		537.8		635.50855		440.09145
80		536.8		634.50855		439.09145
81		535.8		633.50855		438.09145
82		534.8		632.50855		437.09145
83		544.0		647.84219		440.15781
84		543.0		646.84219		439.15781
85		582.6		698.91956		466.28044
86		591.8		713.33419		470.26581
87		590.8		712.33419		469.26581
88		589.8		711.33419		468.26581
89		588.8		710.33419		467.26581
90		587.8		709.33419		466.26581
91		586.8		708.33419		465.26581
92		585.8		707.33419		464.26581
93		605.0		712.71815		497.28185
94		604.0		711.71815		496.28185
95		603.0		710.71815		495.28185
96		602.0		709.71815		494.28185
97		611.2		701.10083		521.29917
98		640.6		758.01482		523.18518
99		639.6		757.01482		522.18518
100		638.6		756.01482		521.18518
101		688.2		821.72962		554.67038
102		687.2		820.72962		553.67038
103		696.4		816.93813		575.86187
104		715.6		852.01789		579.18211
105		724.8		850.21675		599.38325
106		723.8		849.21675		598.38325
107		722.8		848.21675		597.38325
108		742.0		844.47731		639.52269
109		751.2		840.87363		661.52637
110		750.2		839.87363		660.52637
111		789.6		892.33383		686.86617
112		788.6		891.33383		685.86617
113		787.6		890.33383		684.86617
114		806.8		927.74032		685.85968
115		805.8		926.74032		684.85968
116		804.8		925.74032		683.85968
117		803.8		924.74032		682.85968
118		802.8		923.74032		681.85968
119		801.8		922.74032		680.85968
120		800.8		921.74032		679.85968
121		820.0		968.19987		671.80013
122		819.0		967.19987		670.80013
123		818.0		966.19987		669.80013
124		817.0		965.19987		668.80013
125		816.0		964.19987		667.80013
126		815.0		963.19987		666.80013
127		814.0		962.19987		665.80013
128		813.0		961.19987		664.80013
129		832.2		1012.65542		651.74458
130		831.2		1011.65542		650.74458
131		860.6		1028.19308		693.00692
132		869.8		1042.8311		696.7689
133		868.8		1041.8311		695.7689
134		908.4		1056.65195		760.14805
135		907.4		1055.65195		759.14805
136		926.6		1069.43921		783.76079
137		925.6		1068.43921		782.76079
138		924.6		1067.43921		781.76079
139		923.6		1066.43921		780.76079
140		922.6		1065.43921		779.76079
141		921.6		1064.43921		778.76079
142		920.6		1063.43921		777.76079
143		919.6		1062.43921		776.76079
144		949.0		1128.56726		769.43274
145		948.0		1127.56726		768.43274
146		947.0		1126.56726		767.43274
147		946.0		1125.56726		766.43274
148		945.0		1124.56726		765.43274
149		944.0		1123.56726		764.43274
150		973.4		1191.01948		755.78052
151		972.4		1190.01948		754.78052
152		971.4		1189.01948		753.78052
153		990.6		1186.53223		794.66777
154		989.6		1185.53223		793.66777
155		988.6		1184.53223		792.66777
156		997.8		1190.62572		804.97428
157		996.8		1189.62572		803.97428
158		995.8		1188.62572		802.97428
159		994.8		1187.62572		801.97428
160		1014.2		1229.75454		798.64546
161		1023.4		1237.11065		809.68935
162		1022.4		1236.11065		808.68935
163		1021.4		1235.11065		807.68935
164		1020.4		1234.11065		806.68935
165		1019.4		1233.11065		805.68935
166		1038.8		1274.99179		802.60821
167		1037.8		1273.99179		801.60821
168		1057.0		1293.32858		820.67142
169		1056.0		1292.32858		819.67142
170		1055.0		1291.32858		818.67142
171		1074.2		1317.46973		830.93027
172		1083.4		1315.38931		851.41069
173		1102.6		1363.5219		841.6781
174		1121.8		1392.80804		850.79196
175		1131.0		1391.9452		870.0548
176		1150.2		1386.30625		914.09375
177		1149.2		1385.30625		913.09375
178		1168.4		1419.69154		917.10846
179		1167.4		1418.69154		916.10846
180		1196.6		1457.56023		935.63977
181		1195.6		1456.56023		934.63977
182		1214.8		1500.36148		929.23852
183		1213.8		1499.36148		928.23852
184		1212.8		1498.36148		927.23852
185		1232.0		1545.45622		918.54378
186		1261.2		1589.93053		932.46947
187		1280.4		1619.01045		941.78955
188		1309.6		1616.09607		1003.10393
189		1308.6		1615.09607		1002.10393
190		1307.6		1614.09607		1001.10393
191		1326.8		1605.96547		1047.63453
192		1325.8		1604.96547		1046.63453
193		1324.8		1603.96547		1045.63453
194		1334.0		1619.43791		1048.56209
195		1343.2		1641.34117		1045.05883
196		1342.2		1640.34117		1044.05883
197		1341.2		1639.34117		1043.05883
198		1340.2		1638.34117		1042.05883
199		1369.4		1639.61295		1099.18705
200		1368.4		1638.61295		1098.18705
201		1367.4		1637.61295		1097.18705
202		1366.4		1636.61295		1096.18705
203		1375.6		1630.82664		1120.37336
204		1374.6		1629.82664		1119.37336
205		1403.8		1676.39743		1131.20257
206		1402.8		1675.39743		1130.20257
207		1401.8		1674.39743		1129.20257
208		1411.0		1695.8066		1126.1934
209		1410.0		1694.8066		1125.1934
210		1409.0		1693.8066		1124.1934
211		1408.0		1692.8066		1123.1934
212		1417.2		1706.39225		1128.00775
213		1416.2		1705.39225		1127.00775
214		1425.4		1721.98227		1128.81773
215		1454.8		1739.89184		1169.70816
216		1453.8		1738.89184		1168.70816
217		1452.8		1737.89184		1167.70816
218		1472.0		1780.4782		1163.5218
219		1481.2		1796.2996		1166.1004
220		1480.2		1795.2996		1165.1004
221		1499.4		1840.0192		1158.7808
222		1498.4		1839.0192		1157.7808
223		1497.4		1838.0192		1156.7808
224		1496.4		1837.0192		1155.7808
225		1495.4		1836.0192		1154.7808
226		1514.6		1883.40813		1145.79187
227		1513.6		1882.40813		1144.79187
228		1512.6		1881.40813		1143.79187
229		1532.0		1899.12832		1164.87168
230		1531.0		1898.12832		1163.87168
231		1560.2		1884.74916		1235.65084
232		1579.4		1935.13901		1223.66099
233		1578.4		1934.13901		1222.66099
234		1577.4		1933.13901		1221.66099
235		1576.4		1932.13901		1220.66099
236		1625.8		1948.43999		1303.16001
237		1655.2		1962.00965		1348.39035
238		1654.2		1961.00965		1347.39035
239		1653.2		1960.00965		1346.39035
240		1652.2		1959.00965		1345.39035
241		1651.2		1958.00965		1344.39035
242		1680.4		1954.2566		1406.5434
243		1689.6		1964.31192		1414.88808
244		1688.6		1963.31192		1413.88808
245		1687.6		1962.31192		1412.88808
246		1727.0		1979.38383		1474.61617
247		1726.0		1978.38383		1473.61617
248		1725.0		1977.38383		1472.61617
249		1724.0		1976.38383		1471.61617
250		1733.2		1988.49309		1477.90691
