step	mediator-max-opt_runtime_mean	mediator-max-opt_runtime_std_up	mediator-max-opt_runtime_std_down
1		0.0002		0.0006		-0.0002
2		0.66472		0.98652		0.34291
3		1.25254		1.49156		1.01352
4		1.74598		1.95597		1.53598
5		1.96893		2.19531		1.74256
6		2.03742		2.23819		1.83666
7		2.05117		2.25167		1.85067
8		2.06216		2.26061		1.8637
9		2.07432		2.27043		1.87822
10		2.08749		2.28183		1.89315
11		2.24683		2.44706		2.0466
12		2.4791		2.73103		2.22717
13		2.90382		3.32197		2.48568
14		3.05469		3.38645		2.72293
15		3.28713		3.4901		3.08417
16		3.38436		3.58088		3.18784
17		3.39333		3.58986		3.1968
18		3.40372		3.60057		3.20686
19		3.41428		3.60998		3.21857
20		3.46096		3.68444		3.23748
21		3.58116		3.83061		3.33171
22		3.59293		3.84416		3.3417
23		3.84986		4.1151		3.58462
24		4.28204		4.58864		3.97545
25		4.70855		5.17218		4.24492
26		4.93942		5.27595		4.60288
27		5.39947		5.64608		5.15286
28		5.80188		6.2947		5.30906
29		6.13986		6.64445		5.63527
30		6.26133		6.93168		5.59098
31		6.44704		7.26122		5.63286
32		6.459		7.27353		5.64448
33		6.46904		7.28431		5.65377
34		6.60628		7.41022		5.80233
35		6.70962		7.44032		5.97891
36		6.98963		7.58695		6.39231
37		7.22813		7.7608		6.69546
38		7.46477		8.0927		6.83684
39		7.73475		8.2183		7.25121
40		8.1101		8.45018		7.77003
41		8.31674		8.70393		7.92955
42		8.45086		8.86799		8.03373
43		8.87541		9.35646		8.39436
44		9.09263		9.6292		8.55606
45		9.4519		10.09503		8.80877
46		9.71058		10.37377		9.04739
47		10.11269		10.72056		9.50482
48		10.35405		11.02172		9.68637
49		10.66589		11.36348		9.9683
50		11.16038		11.95883		10.36193
51		11.4		12.19186		10.60813
52		11.69217		12.48472		10.89963
53		12.03855		12.66163		11.41547
54		12.2843		12.97194		11.59666
55		12.6243		13.39868		11.84992
56		12.97591		13.64461		12.3072
57		13.32577		13.91264		12.7389
58		13.57556		14.34556		12.80556
59		13.78477		14.51545		13.05408
60		14.17558		14.8096		13.54157
61		14.44243		15.17681		13.70805
62		14.78945		15.58706		13.99184
63		15.10223		15.862		14.34247
64		15.30635		16.14517		14.46753
65		15.72943		16.59785		14.861
66		16.13566		16.94577		15.32554
67		16.22675		17.08314		15.37036
68		16.60606		17.40253		15.8096
69		16.95317		17.7422		16.16415
70		17.03077		17.85772		16.20382
71		17.48877		18.25798		16.71956
72		17.7903		18.51888		17.06171
73		18.04026		18.80733		17.27318
74		18.42004		19.20846		17.63163
75		18.87593		19.64351		18.10836
76		19.15127		19.98404		18.3185
77		19.36196		20.15548		18.56844
78		19.65358		20.54239		18.76476
79		19.96838		20.89572		19.04104
80		20.29107		21.27181		19.31034
81		20.63676		21.55987		19.71365
82		20.90541		21.83813		19.97269
83		21.2653		22.26811		20.26249
84		21.61045		22.58598		20.63492
85		21.8664		22.74925		20.98355
86		22.19655		23.06409		21.32901
87		22.53752		23.28446		21.79057
88		22.75359		23.51762		21.98955
89		23.00582		23.80721		22.20443
90		23.31248		24.05248		22.57248
91		23.6343		24.36904		22.89956
92		23.88133		24.54255		23.22012
93		24.08704		24.90172		23.27236
94		24.45537		25.15439		23.75635
95		24.78723		25.40536		24.16909
96		25.11155		25.85968		24.36342
97		25.42		26.11649		24.7235
98		25.6701		26.43875		24.90144
99		25.97111		26.78317		25.15906
100		26.2434		26.94949		25.5373
101		26.53614		27.34543		25.72684
102		26.83005		27.77825		25.88185
103		27.23009		28.14149		26.31868
104		27.57301		28.57254		26.57348
105		27.79936		28.70561		26.89312
106		27.98166		28.93935		27.02397
107		28.33251		29.37597		27.28906
108		28.62649		29.59924		27.65374
109		28.9389		29.94632		27.93148
110		29.27546		30.28709		28.26383
111		29.49945		30.43198		28.56692
112		29.74379		30.74959		28.73799
113		30.1186		31.07895		29.15826
114		30.40619		31.3892		29.42318
115		30.60608		31.56441		29.64775
116		30.94191		31.95276		29.93106
117		31.20045		32.19324		30.20765
118		31.5454		32.54099		30.54981
119		31.81246		32.81144		30.81349
120		32.03248		33.03882		31.02613
121		32.36363		33.32106		31.4062
122		32.66423		33.56075		31.76772
123		32.91405		33.78017		32.04794
124		33.26004		34.19983		32.32026
125		33.64089		34.57564		32.70614
126		33.92736		34.92346		32.93126
127		34.12862		35.12136		33.13587
128		34.45383		35.3331		33.57456
129		34.68042		35.65232		33.70852
130		35.07776		36.10285		34.05268
131		35.42629		36.34364		34.50894
132		35.63567		36.52567		34.74567
133		35.97629		36.845		35.10757
134		36.24819		36.97109		35.52529
135		36.66495		37.48765		35.84225
136		36.93434		37.80995		36.05872
137		37.4032		38.36179		36.4446
138		37.75583		38.7952		36.71645
139		38.09212		39.01907		37.16517
140		38.37793		39.25771		37.49816
141		38.68106		39.61248		37.74965
142		39.05625		39.88317		38.22934
143		39.42987		40.31753		38.5422
144		39.63213		40.54709		38.71718
145		39.89983		40.76996		39.0297
146		40.30626		41.1773		39.43522
147		40.64407		41.40958		39.87855
148		40.91276		41.76415		40.06137
149		41.35894		42.11308		40.6048
150		41.75911		42.46006		41.05816
151		42.16268		42.87376		41.4516
152		42.49569		43.16621		41.82517
153		42.78501		43.46661		42.1034
154		42.96912		43.66859		42.26966
155		43.23001		43.87271		42.58731
156		43.51177		44.22696		42.79658
157		43.84234		44.55049		43.13419
158		44.08462		44.83004		43.3392
159		44.34186		45.1482		43.53551
160		44.59135		45.30534		43.87736
161		44.77463		45.47404		44.07522
162		45.15471		45.87151		44.43791
163		45.44965		46.22644		44.67286
164		45.61739		46.28732		44.94745
165		45.97324		46.65607		45.29041
166		46.33458		47.04249		45.62668
167		46.63023		47.42556		45.83489
168		47.02971		47.80868		46.25074
169		47.28032		48.09532		46.46532
170		47.48681		48.35047		46.62315
171		47.62913		48.51415		46.74411
172		47.82283		48.67344		46.97222
173		48.07485		48.95715		47.19255
174		48.26501		49.0813		47.44871
175		48.39678		49.28131		47.51226
176		48.67908		49.54052		47.81765
177		48.89909		49.77704		48.02113
178		49.20552		50.18949		48.22155
179		49.33368		50.41106		48.25631
180		49.59378		50.77719		48.41037
181		49.84476		51.13631		48.55322
182		49.92525		51.20638		48.64412
183		50.15398		51.47939		48.82858
184		50.30533		51.69682		48.91384
185		50.43054		51.87679		48.98428
186		50.68778		52.15718		49.21838
187		50.76575		52.21494		49.31657
188		50.91504		52.35013		49.47995
189		50.99663		52.426		49.56726
190		51.18253		52.5561		49.80896
191		51.36023		52.70188		50.01858
192		51.49712		52.88717		50.10707
193		51.68772		53.11799		50.25746
194		51.8035		53.21761		50.38938
195		51.96204		53.39817		50.52592
196		52.08871		53.63912		50.53831
197		52.2757		53.83888		50.71251
198		52.40039		53.96135		50.83942
199		52.63188		54.23523		51.02853
200		52.77572		54.33542		51.21602
201		52.89247		54.39464		51.3903
202		52.98441		54.40491		51.56392
203		53.09464		54.44592		51.74335
204		53.16106		54.48725		51.83487
205		53.24041		54.55198		51.92885
206		53.36806		54.609		52.12711
207		53.49751		54.6705		52.32452
208		53.58758		54.76411		52.41105
209		53.70807		54.80504		52.6111
210		53.80879		54.92183		52.69575
211		53.92222		54.97681		52.86764
212		54.04093		55.04769		53.03416
213		54.1948		55.1655		53.22409
214		54.3008		55.23346		53.36814
215		54.41057		55.32178		53.49935
216		54.56096		55.45814		53.66378
217		54.71665		55.62372		53.80959
218		54.87852		55.78575		53.97129
219		55.0843		56.01017		54.15843
220		55.20798		56.13852		54.27744
221		55.39075		56.37495		54.40655
222		55.5573		56.55051		54.56409
223		55.79722		56.83557		54.75886
224		55.98151		57.04521		54.91781
225		56.21021		57.29407		55.12635
226		56.43584		57.56839		55.30328
227		56.63945		57.73086		55.54803
228		56.76248		57.82579		55.69917
229		56.9848		58.0631		55.90649
230		57.20522		58.32296		56.08747
231		57.43552		58.57047		56.30058
232		57.62989		58.79032		56.46945
233		57.82274		58.98073		56.66475
234		58.01803		59.18795		56.84811
235		58.20191		59.35396		57.04986
236		58.3593		59.52369		57.19491
237		58.55242		59.70862		57.39621
238		58.73722		59.91167		57.56277
239		58.94679		60.1333		57.76029
240		59.13132		60.32836		57.93428
241		59.27454		60.44373		58.10536
242		59.44323		60.60546		58.281
243		59.59493		60.73625		58.4536
244		59.71088		60.8354		58.58637
245		59.90475		61.04931		58.76019
246		60.14778		61.22499		59.07057
247		60.30996		61.42229		59.19763
248		60.51579		61.62391		59.40766
249		60.67148		61.78327		59.55969
250		60.90328		62.01988		59.78668
