step	mediator-max-opt_cov_err_sq_T_mean	mediator-max-opt_cov_err_sq_T_std_up	mediator-max-opt_cov_err_sq_T_std_down
1		14.67		14.67		14.67
2		14.17		14.17		14.17
3		13.89		14.53		13.25
4		13.17		13.77		12.57
5		12.91		12.99		12.83
6		12.86778		12.87222		12.86333
7		12.91		12.99		12.83
8		12.91		12.99		12.83
9		12.882		12.906		12.858
10		12.86778		12.87222		12.86333
11		12.8598		12.8802		12.83939
12		12.855		12.885		12.825
13		12.89198		12.98759		12.79636
14		12.96778		13.10927		12.82629
15		12.6109		12.9048		12.317
16		12.40646		12.7761		12.03681
17		12.38568		12.76515		12.0062
18		12.39757		12.76697		12.02816
19		12.39525		12.76655		12.02396
20		12.38123		12.7525		12.00996
21		12.37595		12.75113		12.00077
22		12.37104		12.74659		11.99548
23		12.37228		12.74521		11.99936
24		12.37912		12.74644		12.0118
25		12.37718		12.74615		12.0082
26		12.37837		12.75652		12.00021
27		12.37516		12.75583		11.99449
28		12.3711		12.75083		11.99137
29		12.36987		12.75056		11.98919
30		12.36567		12.74322		11.98813
31		12.20567		12.52588		11.88546
32		12.20519		12.52569		11.88468
33		12.19601		12.52134		11.87067
34		12.19596		12.52132		11.8706
35		12.19483		12.51727		11.87239
36		12.1946		12.51713		11.87207
37		12.18632		12.51256		11.86008
38		12.18477		12.50942		11.86013
39		12.18417		12.50747		11.86087
40		12.18066		12.50543		11.85589
41		12.18106		12.50564		11.85648
42		12.18054		12.50419		11.85688
43		12.18025		12.50405		11.85644
44		12.17726		12.50258		11.85194
45		12.17652		12.5015		11.85153
46		12.17854		12.50215		11.85493
47		12.17798		12.50187		11.85409
48		12.17782		12.50177		11.85388
49		12.17655		12.5009		11.8522
50		12.17594		12.50058		11.8513
51		12.1738		12.49949		11.8481
52		12.1733		12.49917		11.84743
53		12.17286		12.49894		11.84678
54		12.17254		12.49878		11.84631
55		12.17269		12.4989		11.84648
56		12.17162		12.49851		11.84473
57		12.0138		12.52686		11.50074
58		12.01376		12.52693		11.50058
59		12.01321		12.52658		11.49985
60		12.01263		12.52604		11.49921
61		12.01217		12.52561		11.49873
62		12.01212		12.52542		11.49882
63		12.01222		12.52553		11.4989
64		12.01194		12.52524		11.49864
65		12.01239		12.52628		11.49849
66		12.01248		12.52638		11.49859
67		12.01208		12.52595		11.4982
68		12.01523		12.52888		11.50159
69		12.01538		12.52903		11.50173
70		12.01429		12.52805		11.50053
71		12.01538		12.53067		11.50008
72		12.01509		12.53065		11.49952
73		12.0142		12.52926		11.49914
74		12.01498		12.52787		11.5021
75		12.01313		12.52571		11.50056
76		12.01287		12.52602		11.49972
77		12.01273		12.52587		11.49959
78		12.01342		12.52807		11.49878
79		12.01314		12.52823		11.49806
80		12.01428		12.5319		11.49667
81		12.01422		12.53176		11.49668
82		12.01307		12.52991		11.49623
83		12.01581		12.53535		11.49626
84		12.01602		12.53548		11.49656
85		12.01747		12.53611		11.49883
86		12.01696		12.53506		11.49885
87		12.01654		12.53455		11.49854
88		12.01499		12.53299		11.497
89		11.85408		12.46522		11.24294
90		11.85385		12.46437		11.24334
91		11.8544		12.46419		11.24462
92		11.85406		12.46374		11.24439
93		11.85356		12.46292		11.2442
94		11.8536		12.46476		11.24244
95		11.69328		12.34708		11.03949
96		11.69274		12.34591		11.03956
97		11.69264		12.34552		11.03977
98		11.69276		12.34555		11.03997
99		11.69229		12.34452		11.04005
100		11.69207		12.34416		11.03998
101		11.69315		12.34578		11.04053
102		11.69284		12.34494		11.04074
103		11.69234		12.34373		11.04095
104		11.69239		12.34369		11.0411
105		11.69242		12.3437		11.04115
106		11.69317		12.34605		11.04028
107		11.69321		12.34602		11.0404
108		11.69266		12.34477		11.04054
109		11.69233		12.34397		11.04069
110		11.69249		12.34398		11.04099
111		11.6924		12.34369		11.0411
112		11.69211		12.34295		11.04126
113		11.69194		12.34209		11.04178
114		11.69205		12.34212		11.04198
115		11.69191		12.34189		11.04193
116		11.69193		12.34136		11.04251
117		11.69187		12.34087		11.04287
118		11.69176		12.34067		11.04284
119		11.69224		12.3411		11.04339
120		11.69314		12.34323		11.04305
121		11.69311		12.34315		11.04307
122		11.69352		12.34545		11.04158
123		11.69352		12.3454		11.04165
124		11.69329		12.34459		11.04199
125		11.69298		12.34372		11.04225
126		11.692		12.34347		11.04053
127		11.6918		12.34338		11.04022
128		11.69276		12.34577		11.03975
129		11.69285		12.34577		11.03994
130		11.69169		12.34464		11.03873
131		11.69143		12.3439		11.03895
132		11.69179		12.34433		11.03924
133		11.69189		12.34436		11.03941
134		11.69177		12.34363		11.03991
135		11.69174		12.34357		11.03991
136		11.69167		12.3435		11.03985
137		11.69122		12.34277		11.03968
138		11.69093		12.34208		11.03978
139		11.6909		12.34207		11.03973
140		11.69096		12.34205		11.03987
141		11.69071		12.34143		11.03999
142		11.69064		12.34093		11.04035
143		11.69058		12.34087		11.04029
144		11.69068		12.34089		11.04047
145		11.69148		12.34277		11.04019
146		11.69157		12.34275		11.04038
147		11.69238		12.34486		11.0399
148		11.69259		12.34491		11.04027
149		11.69236		12.34422		11.04051
150		11.69309		12.34641		11.03978
151		11.69311		12.34639		11.03982
152		11.69285		12.34566		11.04005
153		11.69223		12.34549		11.03898
154		11.69225		12.34549		11.039
155		11.69209		12.34482		11.03937
156		11.69306		12.3472		11.03892
157		11.69321		12.34724		11.03919
158		11.69301		12.34647		11.03956
159		11.69308		12.34649		11.03967
160		11.69322		12.34649		11.03996
161		11.69294		12.34578		11.0401
162		11.69249		12.34504		11.03993
163		11.69284		12.34513		11.04055
164		11.69285		12.34513		11.04057
165		11.69374		12.34748		11.04
166		11.69387		12.34751		11.04022
167		11.69352		12.34672		11.04032
168		11.69292		12.34597		11.03988
169		11.53207		11.93393		11.13021
170		11.37211		11.68918		11.05504
171		11.37228		11.68927		11.05529
172		11.37238		11.68923		11.05552
173		11.37183		11.68891		11.05475
174		11.37142		11.68872		11.05412
175		11.3718		11.68891		11.0547
176		11.37189		11.6889		11.05488
177		11.37151		11.68874		11.05429
178		11.37158		11.68877		11.05438
179		11.37154		11.68872		11.05437
180		11.21136		11.71781		10.7049
181		11.05139		11.83696		10.26582
182		11.05142		11.837		10.26583
183		11.05148		11.83707		10.26588
184		11.05149		11.83709		10.2659
185		11.05144		11.83703		10.26584
186		10.89148		11.5352		10.24776
187		10.73149		11.37677		10.08621
188		10.73149		11.37677		10.08621
189		10.73126		11.37635		10.08616
190		10.73104		11.37597		10.08612
191		10.73105		11.37597		10.08612
192		10.73098		11.37585		10.0861
193		10.73079		11.37552		10.08606
194		10.73061		11.3752		10.08602
195		10.7306		11.37518		10.08602
196		10.73061		11.3752		10.08602
197		10.73127		11.37637		10.08616
198		10.73097		11.3766		10.08533
199		10.57167		11.17938		9.96395
200		10.2517		10.86413		9.63927
201		10.0915		10.74614		9.43687
202		10.09131		10.74554		9.43707
203		10.09111		10.74497		9.43725
204		10.09115		10.74498		9.43732
205		10.09125		10.7451		9.43739
206		10.09109		10.74456		9.43761
207		10.09108		10.74453		9.43762
208		10.08936		10.73973		9.43899
209		9.92938		10.329		9.52976
210		9.92944		10.32912		9.52976
211		9.92948		10.32917		9.5298
212		9.92956		10.32925		9.52987
213		9.92959		10.3293		9.52988
214		9.92968		10.32941		9.52995
215		9.92973		10.32948		9.52998
216		9.92959		10.32906		9.53011
217		9.92945		10.32869		9.5302
218		9.92918		10.3287		9.52966
219		9.92921		10.32873		9.52969
220		9.92918		10.32873		9.52964
221		9.92924		10.32874		9.52974
222		9.9291		10.3284		9.5298
223		9.92895		10.32805		9.52986
224		9.92865		10.32805		9.52925
225		9.92855		10.3278		9.52929
226		9.92841		10.32746		9.52936
227		9.92824		10.3275		9.52899
228		9.92809		10.32719		9.529
229		9.92811		10.32721		9.52902
230		9.92864		10.32837		9.52891
231		9.92876		10.32841		9.52911
232		9.92862		10.32808		9.52916
233		9.92866		10.32816		9.52916
234		9.92851		10.32783		9.52919
235		9.92852		10.32783		9.52921
236		9.92842		10.32752		9.52932
237		9.92844		10.32758		9.5293
238		9.92833		10.32729		9.52937
239		9.92839		10.32728		9.52949
240		9.92823		10.32698		9.52948
241		9.92829		10.32707		9.52951
242		9.92793		10.32675		9.5291
243		9.92793		10.32675		9.52911
244		9.92788		10.32653		9.52924
245		9.92785		10.32657		9.52912
246		9.92776		10.32636		9.52917
247		9.92779		10.32636		9.52921
248		9.92782		10.32642		9.52921
249		9.92762		10.326		9.52925
250		9.92754		10.32578		9.52931
