step	mediator-max-opt_reward_mean	mediator-max-opt_reward_std_up	mediator-max-opt_reward_std_down
1		0.0		0.0		0.0
2		30.0		54.4949		5.5051
3		60.0		108.98979		11.01021
4		150.0		204.77226		95.22774
5		180.0		204.4949		155.5051
6		240.0		313.48469		166.51531
7		330.0		354.4949		305.5051
8		390.0		463.48469		316.51531
9		390.0		463.48469		316.51531
10		510.0		583.48469		436.51531
11		540.0		613.48469		466.51531
12		660.0		733.48469		586.51531
13		660.0		733.48469		586.51531
14		780.0		892.24972		667.75028
15		810.0		883.48469		736.51531
16		930.0		1042.24972		817.75028
17		960.0		1033.48469		886.51531
18		1080.0		1192.24972		967.75028
19		1110.0		1183.48469		1036.51531
20		1200.0		1334.16408		1065.83592
21		1260.0		1333.48469		1186.51531
22		1290.0		1421.90906		1158.09094
23		1350.0		1472.47449		1227.52551
24		1380.0		1554.92856		1205.07144
25		1440.0		1592.97059		1287.02941
26		1500.0		1704.93902		1295.06098
27		1590.0		1742.97059		1437.02941
28		1620.0		1776.84387		1463.15613
29		1740.0		1892.97059		1587.02941
30		1770.0		1926.84387		1613.15613
31		1830.0		2043.54157		1616.45843
32		1920.0		2076.84387		1763.15613
33		1950.0		2123.20508		1776.79492
34		2070.0		2226.84387		1913.15613
35		2100.0		2273.20508		1926.79492
36		2220.0		2376.84387		2063.15613
37		2250.0		2423.20508		2076.79492
38		2370.0		2526.84387		2213.15613
39		2400.0		2573.20508		2226.79492
40		2460.0		2684.49944		2235.50056
41		2550.0		2723.20508		2376.79492
42		2580.0		2771.31126		2388.68874
43		2700.0		2873.20508		2526.79492
44		2730.0		2921.31126		2538.68874
45		2820.0		3040.45408		2599.54592
46		2880.0		3071.31126		2688.68874
47		2940.0		3135.95918		2744.04082
48		3030.0		3221.31126		2838.68874
49		3060.0		3277.71541		2842.28459
50		3150.0		3323.20508		2976.79492
51		3180.0		3386.39767		2973.60233
52		3300.0		3473.20508		3126.79492
53		3300.0		3473.20508		3126.79492
54		3450.0		3623.20508		3276.79492
55		3450.0		3623.20508		3276.79492
56		3600.0		3773.20508		3426.79492
57		3600.0		3773.20508		3426.79492
58		3690.0		3893.4699		3486.5301
59		3750.0		3923.20508		3576.79492
60		3840.0		4043.4699		3636.5301
61		3900.0		4073.20508		3726.79492
62		3990.0		4193.4699		3786.5301
63		4020.0		4176.84387		3863.15613
64		4080.0		4271.31126		3888.68874
65		4140.0		4302.48077		3977.51923
66		4230.0		4421.31126		4038.68874
67		4290.0		4452.48077		4127.51923
68		4380.0		4571.31126		4188.68874
69		4440.0		4602.48077		4277.51923
70		4470.0		4626.84387		4313.15613
71		4590.0		4752.48077		4427.51923
72		4620.0		4776.84387		4463.15613
73		4680.0		4871.31126		4488.68874
74		4770.0		4926.84387		4613.15613
75		4830.0		5021.31126		4638.68874
76		4890.0		5052.48077		4727.51923
77		4920.0		5076.84387		4763.15613
78		5010.0		5198.14888		4821.85112
79		5070.0		5226.84387		4913.15613
80		5160.0		5348.14888		4971.85112
81		5220.0		5376.84387		5063.15613
82		5280.0		5454.92856		5105.07144
83		5340.0		5528.14888		5151.85112
84		5400.0		5522.47449		5277.52551
85		5460.0		5648.14888		5271.85112
86		5520.0		5686.13248		5353.86752
87		5610.0		5798.14888		5421.85112
88		5670.0		5836.13248		5503.86752
89		5760.0		5948.14888		5571.85112
90		5820.0		5986.13248		5653.86752
91		5880.0		6054.92856		5705.07144
92		5940.0		6128.14888		5751.85112
93		6030.0		6204.92856		5855.07144
94		6060.0		6248.14888		5871.85112
95		6150.0		6339.73666		5960.26334
96		6210.0		6398.14888		6021.85112
97		6240.0		6402.48077		6077.51923
98		6360.0		6548.14888		6171.85112
99		6360.0		6548.14888		6171.85112
100		6510.0		6698.14888		6321.85112
101		6510.0		6698.14888		6321.85112
102		6630.0		6836.39767		6423.60233
103		6630.0		6836.39767		6423.60233
104		6720.0		6978.06976		6461.93024
105		6780.0		6986.39767		6573.60233
106		6840.0		7057.71541		6622.28459
107		6930.0		7136.39767		6723.60233
108		6990.0		7207.71541		6772.28459
109		7050.0		7282.379		6817.621
110		7080.0		7300.45408		6859.54592
111		7140.0		7389.79992		6890.20008
112		7200.0		7432.379		6967.621
113		7260.0		7527.20778		6992.79222
114		7350.0		7582.379		7117.621
115		7380.0		7600.45408		7159.54592
116		7500.0		7732.379		7267.621
117		7530.0		7750.45408		7309.54592
118		7590.0		7839.79992		7340.20008
119		7680.0		7900.45408		7459.54592
120		7740.0		7989.79992		7490.20008
121		7830.0		8050.45408		7609.54592
122		7890.0		8139.79992		7640.20008
123		7950.0		8182.379		7717.621
124		8040.0		8289.79992		7790.20008
125		8100.0		8332.379		7867.621
126		8190.0		8439.79992		7940.20008
127		8250.0		8482.379		8017.621
128		8340.0		8589.79992		8090.20008
129		8340.0		8589.79992		8090.20008
130		8460.0		8753.93877		8166.06123
131		8460.0		8753.93877		8166.06123
132		8550.0		8900.71356		8199.28644
133		8580.0		8922.92856		8237.07144
134		8670.0		9025.80894		8314.19106
135		8730.0		9072.92856		8387.07144
136		8820.0		9175.80894		8464.19106
137		8880.0		9222.92856		8537.07144
138		8940.0		9281.17444		8598.82556
139		9030.0		9372.92856		8687.07144
140		9090.0		9431.17444		8748.82556
141		9150.0		9500.71356		8799.28644
142		9210.0		9596.52296		8823.47704
143		9300.0		9650.71356		8949.28644
144		9330.0		9725.72718		8934.27282
145		9450.0		9800.71356		9099.28644
146		9480.0		9875.72718		9084.27282
147		9570.0		9908.52622		9231.47378
148		9630.0		10025.72718		9234.27282
149		9690.0		10076.52296		9303.47704
150		9750.0		10191.58804		9308.41196
151		9780.0		10175.72718		9384.27282
152		9900.0		10341.58804		9458.41196
153		9930.0		10325.72718		9534.27282
154		10020.0		10451.97222		9588.02778
155		10050.0		10491.58804		9608.41196
156		10140.0		10584.2972		9695.7028
157		10200.0		10641.58804		9758.41196
158		10290.0		10734.2972		9845.7028
159		10320.0		10775.63143		9864.36857
160		10440.0		10884.2972		9995.7028
161		10470.0		10925.63143		10014.36857
162		10560.0		11049.28519		10070.71481
163		10620.0		11075.63143		10164.36857
164		10710.0		11199.28519		10220.71481
165		10740.0		11241.39805		10238.60195
166		10830.0		11367.21504		10292.78496
167		10890.0		11391.39805		10388.60195
168		10950.0		11483.85391		10416.14609
169		11010.0		11499.28519		10520.71481
170		11040.0		11576.09701		10503.90299
171		11160.0		11649.28519		10670.71481
172		11190.0		11726.09701		10653.90299
173		11280.0		11764.35524		10795.64476
174		11340.0		11876.09701		10803.90299
175		11400.0		11898.999		10901.001
176		11460.0		11993.29167		10926.70833
177		11520.0		12013.55851		11026.44149
178		11580.0		12128.27001		11031.72999
179		11640.0		12153.2251		11126.7749
180		11730.0		12278.27001		11181.72999
181		11790.0		12303.2251		11276.7749
182		11850.0		12419.20998		11280.79002
183		11940.0		12453.2251		11426.7749
184		11970.0		12490.19227		11449.80773
185		12060.0		12612.63008		11507.36992
186		12120.0		12640.19227		11599.80773
187		12180.0		12685.56899		11674.43101
188		12270.0		12790.19227		11749.80773
189		12330.0		12835.56899		11824.43101
190		12420.0		12940.19227		11899.80773
191		12480.0		12985.56899		11974.43101
192		12570.0		13090.19227		12049.80773
193		12600.0		13128.20451		12071.79549
194		12690.0		13250.71383		12129.28617
195		12750.0		13278.20451		12221.79549
196		12840.0		13400.71383		12279.28617
197		12870.0		13390.19227		12349.80773
198		12960.0		13518.03226		12401.96774
199		12990.0		13550.71383		12429.28617
200		13080.0		13680.49979		12479.50021
201		13140.0		13700.71383		12579.28617
202		13200.0		13819.67734		12580.32266
203		13290.0		13850.71383		12729.28617
204		13320.0		13927.94737		12712.05263
205		13410.0		13962.63008		12857.36992
206		13410.0		13962.63008		12857.36992
207		13530.0		14078.27001		12981.72999
208		13560.0		14112.63008		13007.36992
209		13650.0		14219.20998		13080.79002
210		13680.0		14228.27001		13131.72999
211		13710.0		14268.03226		13151.96774
212		13830.0		14378.27001		13281.72999
213		13860.0		14418.03226		13301.96774
214		13950.0		14519.20998		13380.79002
215		14010.0		14568.03226		13451.96774
216		14100.0		14669.20998		13530.79002
217		14130.0		14710.17239		13549.82761
218		14220.0		14740.19227		13699.80773
219		14280.0		14860.17239		13699.82761
220		14340.0		14859.03757		13820.96243
221		14430.0		15010.17239		13849.82761
222		14460.0		15018.03226		13901.96774
223		14580.0		15160.17239		13999.82761
224		14610.0		15168.03226		14051.96774
225		14730.0		15310.17239		14149.82761
226		14760.0		15318.03226		14201.96774
227		14820.0		15440.16127		14199.83873
228		14910.0		15468.03226		14351.96774
229		14940.0		15546.95964		14333.04036
230		15030.0		15591.78288		14468.21712
231		15060.0		15618.03226		14501.96774
232		15180.0		15741.78288		14618.21712
233		15210.0		15768.03226		14651.96774
234		15270.0		15839.73678		14700.26322
235		15360.0		15918.03226		14801.96774
236		15390.0		15996.95964		14783.04036
237		15510.0		16068.03226		14951.96774
238		15540.0		16146.95964		14933.04036
239		15630.0		16191.78288		15068.21712
240		15690.0		16296.95964		15083.04036
241		15750.0		16332.23707		15167.76293
242		15810.0		16368.03226		15251.96774
243		15900.0		16482.23707		15317.76293
244		15930.0		16491.78288		15368.21712
245		16020.0		16554.41557		15485.58443
246		16050.0		16563.8093		15536.1907
247		16140.0		16629.28519		15650.71481
248		16200.0		16713.8093		15686.1907
249		16260.0		16730.53161		15789.46839
250		16350.0		16863.8093		15836.1907
