step	mediator-max-opt_runtime_mean	mediator-max-opt_runtime_std_up	mediator-max-opt_runtime_std_down
1		0.00018		0.00022		0.00015
2		0.44209		0.65936		0.22482
3		0.90453		1.12738		0.68167
4		1.22504		1.5039		0.94618
5		1.39544		1.65614		1.13473
6		1.40507		1.66658		1.14356
7		1.41478		1.67651		1.15306
8		1.52967		1.81417		1.24517
9		1.64114		1.99376		1.28851
10		1.65096		2.00413		1.29779
11		1.66057		2.01429		1.30685
12		1.67025		2.02421		1.3163
13		1.67976		2.03403		1.32549
14		1.6894		2.04378		1.33502
15		1.74401		2.14652		1.3415
16		1.79452		2.25176		1.33728
17		1.84404		2.36207		1.326
18		1.91776		2.48798		1.34755
19		1.98075		2.63623		1.32528
20		2.03021		2.70318		1.35725
21		2.03972		2.71303		1.36641
22		2.04951		2.72274		1.37627
23		2.05939		2.73244		1.38634
24		2.06897		2.74191		1.39603
25		2.07858		2.75157		1.40559
26		2.08815		2.76133		1.41498
27		2.09789		2.77134		1.42443
28		2.15213		2.85481		1.44946
29		2.16189		2.86493		1.45886
30		2.21687		2.95952		1.47422
31		2.26329		3.04429		1.4823
32		2.27347		3.05496		1.49199
33		2.2833		3.06461		1.502
34		2.29297		3.07445		1.51148
35		2.30285		3.08435		1.52135
36		2.31305		3.09435		1.53174
37		2.32347		3.1046		1.54234
38		2.333		3.11407		1.55193
39		2.3434		3.12455		1.56225
40		2.35327		3.13456		1.57199
41		2.36334		3.14464		1.58203
42		2.37321		3.15433		1.59208
43		2.38308		3.16445		1.6017
44		2.39286		3.17414		1.61158
45		2.40253		3.18393		1.62113
46		2.41301		3.19567		1.63034
47		2.42366		3.20771		1.63962
48		2.43402		3.21909		1.64895
49		2.44373		3.22892		1.65855
50		2.45307		3.23839		1.66775
51		2.46273		3.2478		1.67765
52		2.47271		3.258		1.68741
53		2.48244		3.26768		1.69719
54		2.49215		3.2778		1.70649
55		2.502		3.28772		1.71628
56		2.54629		3.29059		1.80198
57		2.59257		3.29783		1.88731
58		2.6023		3.30726		1.89734
59		2.65565		3.32237		1.98893
60		2.75196		3.34235		2.16158
61		2.85123		3.37315		2.32932
62		2.95757		3.43544		2.47969
63		3.14508		3.5339		2.75625
64		3.29921		3.58063		3.0178
65		3.54706		3.75732		3.33679
66		3.70218		3.96157		3.44279
67		3.8263		4.06076		3.59185
68		3.98581		4.25668		3.71494
69		4.11827		4.474		3.76255
70		4.26131		4.69403		3.8286
71		4.45932		4.999		3.91965
72		4.62521		5.28511		3.9653
73		4.86284		5.6565		4.06917
74		5.09517		6.01653		4.1738
75		5.32891		6.38188		4.27593
76		5.54805		6.72885		4.36724
77		5.75688		6.97801		4.53575
78		5.91669		7.18293		4.65046
79		6.11538		7.43264		4.79811
80		6.31571		7.68245		4.94896
81		6.5135		7.94323		5.08378
82		6.71381		8.21327		5.21436
83		6.91371		8.48704		5.34038
84		7.14026		8.78422		5.4963
85		7.38341		9.10329		5.66354
86		7.62652		9.43485		5.8182
87		7.86302		9.75894		5.9671
88		8.05609		10.05426		6.05791
89		8.29282		10.39629		6.18935
90		8.53399		10.74714		6.32083
91		8.76515		11.08883		6.44147
92		8.99519		11.43155		6.55883
93		9.17912		11.73744		6.6208
94		9.33135		12.04722		6.61549
95		9.52179		12.37045		6.67313
96		9.76007		12.74554		6.77461
97		9.88568		12.89896		6.87241
98		10.03904		13.12518		6.95291
99		10.22256		13.44317		7.00194
100		10.40097		13.7535		7.04843
101		10.58217		14.07015		7.09419
102		10.77004		14.40161		7.13848
103		10.94751		14.71405		7.18098
104		11.14143		15.06564		7.21722
105		11.28189		15.2327		7.33108
106		11.49961		15.57683		7.4224
107		11.72411		15.94278		7.50545
108		11.92949		16.29722		7.56177
109		12.0816		16.61397		7.54923
110		12.23654		16.94207		7.53101
111		12.31537		17.08459		7.54616
112		12.4564		17.38139		7.53142
113		12.60216		17.68801		7.5163
114		12.74284		17.98514		7.50053
115		12.88268		18.28082		7.48453
116		13.02706		18.5855		7.46862
117		13.16949		18.88585		7.45313
118		13.37667		19.21198		7.54135
119		13.62673		19.5375		7.71596
120		13.89489		19.85552		7.93426
121		14.14548		20.18925		8.1017
122		14.34176		20.50962		8.17389
123		14.50872		20.80889		8.20856
124		14.65442		21.00589		8.30295
125		14.70954		21.03776		8.38131
126		14.75298		21.05747		8.44849
127		14.79622		21.07846		8.51398
128		14.87358		21.09334		8.65382
129		14.98917		21.12561		8.85274
130		15.16742		21.24861		9.08624
131		15.32158		21.38472		9.25844
132		15.55653		21.55043		9.56263
133		15.67894		21.68902		9.66885
134		15.87815		21.85458		9.90172
135		15.98493		21.88712		10.08274
136		16.16302		21.93099		10.39505
137		16.28949		21.98794		10.59104
138		16.51345		22.12427		10.90263
139		16.71455		22.26562		11.16348
140		16.92733		22.41834		11.43633
141		17.12054		22.55234		11.68875
142		17.2524		22.67545		11.82936
143		17.52541		22.89419		12.15664
144		17.6743		23.05334		12.29526
145		17.86223		23.1507		12.57377
146		18.00307		23.25493		12.75121
147		18.20298		23.34812		13.05783
148		18.34456		23.47548		13.21364
149		18.42641		23.47259		13.38023
150		18.60617		23.56237		13.64997
151		18.79055		23.65142		13.92967
152		18.93732		23.72035		14.1543
153		19.14488		23.88281		14.40696
154		19.32139		24.06991		14.57287
155		19.53448		24.24644		14.82251
156		19.69539		24.40299		14.98779
157		19.94726		24.60557		15.28896
158		20.1276		24.78865		15.46655
159		20.33412		24.89652		15.77172
160		20.49357		24.96596		16.02118
161		20.71451		25.14598		16.28305
162		20.92423		25.33541		16.51304
163		21.09164		25.51026		16.67302
164		21.29433		25.67464		16.91401
165		21.54108		25.8629		17.21927
166		21.77871		26.06301		17.49442
167		21.99048		26.23554		17.74542
168		22.22623		26.42585		18.02661
169		22.44691		26.62825		18.26557
170		22.67117		26.80331		18.53902
171		22.74637		26.85539		18.63735
172		22.9981		27.03009		18.96611
173		23.17126		27.21979		19.12273
174		23.37238		27.37009		19.37467
175		23.61396		27.54911		19.6788
176		23.8241		27.69501		19.95318
177		24.06306		27.87114		20.25498
178		24.2664		28.05972		20.47307
179		24.46655		28.20841		20.7247
180		24.71195		28.38043		21.04348
181		24.90268		28.5633		21.24207
182		25.08019		28.72786		21.43253
183		25.27695		28.90774		21.64616
184		25.446		29.00411		21.88788
185		25.66735		29.1845		22.1502
186		25.79992		29.29059		22.30925
187		26.00223		29.46929		22.53518
188		26.22439		29.67721		22.77157
189		26.36758		29.84548		22.88967
190		26.58607		30.057		23.11513
191		26.75537		30.22989		23.28084
192		26.89878		30.33368		23.46387
193		27.10748		30.53506		23.67991
194		27.29322		30.71959		23.86686
195		27.51179		30.92606		24.09752
196		27.65939		31.09832		24.22045
197		27.87126		31.31009		24.43243
198		28.02085		31.39857		24.64313
199		28.25568		31.59794		24.91343
200		28.4359		31.77856		25.09323
201		28.6739		31.9833		25.3645
202		28.81375		32.10563		25.52188
203		29.07542		32.32715		25.82369
204		29.18769		32.43318		25.94221
205		29.42249		32.55591		26.28908
206		29.56352		32.7206		26.40643
207		29.79788		32.91215		26.68361
208		30.07132		33.11111		27.03153
209		30.30505		33.2999		27.31019
210		30.55749		33.46924		27.64574
211		30.69677		33.56708		27.82647
212		30.90651		33.7437		28.06932
213		31.06333		33.80804		28.31862
214		31.26574		33.98528		28.5462
215		31.39299		34.10338		28.68259
216		31.53386		34.2225		28.84522
217		31.77177		34.40589		29.13765
218		31.86703		34.47706		29.25699
219		32.03989		34.59437		29.48542
220		32.22798		34.73962		29.71633
221		32.37223		34.90944		29.83502
222		32.54138		35.05829		30.02447
223		32.75132		35.23366		30.26899
224		32.92615		35.40142		30.45088
225		33.13019		35.58352		30.67686
226		33.3248		35.7698		30.8798
227		33.48881		35.89574		31.08188
228		33.62704		35.97241		31.28166
229		33.80397		36.07426		31.53369
230		33.89804		36.1406		31.65549
231		34.0793		36.25399		31.90461
232		34.13875		36.30854		31.96895
233		34.31133		36.42637		32.19629
234		34.46969		36.54173		32.39764
235		34.67439		36.83213		32.51665
236		34.83742		36.96453		32.71031
237		34.9738		37.08252		32.86507
238		35.13858		37.31492		32.96223
239		35.28073		37.51585		33.04561
240		35.38142		37.68305		33.0798
241		35.49828		37.86421		33.13235
242		35.63415		38.06707		33.20123
243		35.73118		38.2291		33.23326
244		35.80932		38.3721		33.24654
245		35.94039		38.56878		33.31199
246		36.03118		38.72248		33.33988
247		36.07709		38.82694		33.32723
248		36.20929		39.00277		33.41581
249		36.28405		39.13639		33.43172
250		36.40008		39.30242		33.49775
