step	mediator-max-opt_inst_loss_mean	mediator-max-opt_inst_loss_std_up	mediator-max-opt_inst_loss_std_down
1		25.21568		80.17575		-29.74439
2		-16.40455		32.65011		-65.4592
3		-18.0442		47.34665		-83.43505
4		10.52209		77.68025		-56.63607
5		5.54164		77.38568		-66.30241
6		-3.39044		72.23487		-79.01576
7		-12.79263		66.81296		-92.39822
8		-22.68967		61.10569		-106.48503
9		-33.10761		55.09803		-121.31325
10		-44.07386		48.77418		-136.9219
11		-27.16979		63.22355		-117.56313
12		-35.97878		59.90651		-131.86407
13		-47.09614		53.83574		-148.02802
14		-58.79863		47.44546		-165.04272
15		-24.22206		30.45004		-78.89416
16		-31.03115		22.46817		-84.53047
17		-41.88812		14.42696		-98.20319
18		-34.86901		21.0302		-90.76822
19		-44.08322		15.735		-103.90144
20		-55.62713		7.33942		-118.59368
21		-39.33113		-9.64206		-69.0202
22		-48.78018		-17.61079		-79.94958
23		-60.57131		-27.76142		-93.3812
24		-26.08804		11.20754		-63.38361
25		-32.99534		10.51525		-76.50593
26		-15.50819		71.37832		-102.3947
27		-23.70341		71.0148		-118.42162
28		-15.72721		97.49478		-128.9492
29		4.51353		121.17491		-112.14784
30		-2.62791		120.83388		-126.0897
31		16.45753		120.20217		-87.28712
32		9.94472		118.30558		-98.41615
33		1.24438		115.30845		-112.81969
34		-7.91387		112.15357		-127.98131
35		-17.55414		108.83264		-143.94092
36		-27.70178		105.33693		-160.7405
37		-38.38351		101.65724		-178.42427
38		-49.62744		97.78387		-197.03876
39		-33.01567		137.38598		-203.41732
40		-13.68484		160.16324		-187.53293
41		6.66339		135.25946		-121.93267
42		-0.3649		131.53166		-132.26145
43		-9.60785		129.23064		-148.44633
44		9.11022		163.89128		-145.67083
45		2.21071		166.3975		-161.97608
46		39.9983		161.21937		-81.22278
47		36.56923		161.42154		-88.28309
48		29.27018		160.69367		-102.15332
49		50.03446		131.67711		-31.60819
50		45.28885		127.56163		-36.98393
51		38.44873		125.05166		-48.15419
52		31.24861		122.40958		-59.91237
53		52.11701		92.067		12.16703
54		47.48102		85.99582		8.96622
55		40.75628		81.29817		0.21439
56		33.6776		76.35327		-8.99808
57		26.22636		71.14812		-18.6954
58		18.38295		65.66902		-28.90312
59		10.12673		59.90154		-39.64808
60		29.88346		46.86463		12.90229
61		24.07728		43.7339		4.42066
62		16.12076		36.81194		-4.57042
63		26.19297		70.65351		-18.26758
64		20.19255		70.2459		-29.8608
65		20.47906		68.06188		-27.10377
66		42.6254		86.29563		-1.04484
67		37.48984		85.54449		-10.56481
68		58.68674		116.70672		0.66675
69		62.844		117.9834		7.7046
70		58.77259		115.54333		2.00185
71		61.08963		117.82501		4.35424
72		56.92587		116.63283		-2.78108
73		79.14572		104.70164		53.58979
74		75.93229		103.00968		48.85489
75		70.70498		99.2075		42.20245
76		65.20255		95.2052		35.19989
77		67.85801		94.81583		40.90018
78		64.05048		92.7252		35.37576
79		58.19782		88.38173		28.0139
80		52.03712		83.80966		20.26457
81		45.55217		78.99695		12.10739
82		38.72591		73.93094		3.52087
83		31.54037		68.5983		-5.51756
84		52.42413		106.21895		-1.37069
85		47.8043		107.25816		-11.64956
86		41.09657		103.67958		-21.48644
87		42.48329		107.69488		-22.72829
88		37.34026		106.41376		-31.73324
89		30.08179		102.79074		-42.62715
90		22.4413		98.97703		-54.09443
91		14.39868		94.96261		-66.16525
92		5.93276		90.73689		-78.87137
93		25.46875		111.0076		-60.07009
94		19.43022		110.52053		-71.66009
95		11.22912		107.11366		-84.65542
96		39.49136		90.32504		-11.34233
97		64.48309		131.4511		-2.48492
98		60.49794		133.53462		-12.53873
99		54.4583		131.33901		-22.42241
100		48.10078		129.02785		-32.82628
101		41.40866		126.59504		-43.77773
102		34.36432		124.0342		-55.30556
103		26.94922		121.33857		-67.44012
104		47.59135		112.61224		-17.42955
105		42.71716		110.05031		-24.61599
106		44.18917		108.0517		-19.67335
107		39.13592		105.32502		-27.05317
108		50.41945		112.78982		-11.95091
109		45.69411		111.76772		-20.37949
110		75.7703		121.79899		29.74161
111		74.22396		121.51118		26.93675
112		68.90675		118.68276		19.13073
113		63.30967		115.70548		10.91386
114		75.8655		134.73025		17.00076
115		72.47943		136.04705		8.9118
116		67.07039		133.98368		0.1571
117		61.37667		131.81171		-9.05837
118		55.38328		129.52542		-18.75887
119		49.07444		127.11881		-28.96993
120		42.43356		124.58553		-39.7184
121		63.89065		142.14742		-14.36612
122		59.87432		143.10824		-23.3596
123		53.80186		141.41651		-33.81279
124		55.85728		148.51143		-36.79688
125		79.86563		122.62779		37.10346
126		76.69009		118.2784		35.10177
127		71.50266		115.27984		27.72549
128		66.04222		112.12345		19.96098
129		60.29438		108.80094		11.78781
130		54.24402		105.30356		3.18448
131		47.87523		101.62211		-5.87166
132		69.61872		92.02531		47.21213
133		65.90387		90.53413		41.2736
134		68.59624		88.33151		48.86096
135		64.82757		85.94152		43.71362
136		59.0158		81.24101		36.79059
137		52.89815		76.29311		29.5032
138		46.45852		71.08479		21.83225
139		39.67996		65.60235		13.75757
140		32.54464		59.83136		5.25791
141		25.03377		53.75664		-3.6891
142		17.12759		47.36219		-13.10701
143		17.25279		62.58941		-28.08384
144		19.22932		73.1065		-34.64785
145		12.8624		70.87969		-45.1549
146		12.76311		82.06037		-56.53415
147		24.50334		83.83104		-34.82435
148		53.75646		101.39257		6.12036
149		52.89625		103.61123		2.18128
150		46.45652		99.84071		-6.92766
151		48.12535		101.27785		-5.02715
152		43.27927		99.25411		-12.69558
153		36.33338		95.25426		-22.58751
154		29.02192		91.0439		-33.00007
155		29.77313		97.85611		-38.30985
156		23.96114		96.76929		-48.847
157		24.446		108.23112		-59.33913
158		26.80112		120.41644		-66.81419
159		20.83271		120.5202		-78.85478
160		12.70543		117.63963		-92.22877
161		32.59788		111.2536		-46.05785
162		55.38205		99.39536		11.36873
163		50.9179		96.27576		5.56004
164		44.37404		92.11916		-3.37107
165		37.48577		87.74379		-12.77224
166		30.23497		83.13814		-22.66821
167		22.60254		78.29009		-33.08501
168		14.5684		73.18687		-44.05008
169		14.5589		84.92847		-55.81067
170		43.28863		124.74713		-38.16987
171		41.87748		129.904		-46.14904
172		53.3053		110.54233		-3.93173
173		48.73185		105.54723		-8.08353
174		42.07294		101.8786		-17.73272
175		35.06356		98.01689		-27.88977
176		27.68527		93.95193		-38.5814
177		19.91864		89.67302		-49.83574
178		11.74325		85.16891		-61.68242
179		3.13757		80.42774		-74.15261
180		-5.92104		75.43704		-87.27912
181		21.43856		71.09717		-28.22006
182		17.03266		70.16848		-36.10317
183		17.15286		69.54062		-35.23491
184		10.67664		65.73968		-44.38639
185		38.9098		88.12144		-10.30183
186		35.42344		88.95493		-18.10805
187		28.06409		84.41303		-28.28485
188		38.76489		65.55771		11.97207
189		33.42615		59.06854		7.78377
190		25.96168		52.95366		-1.0303
191		44.99932		70.3173		19.68134
192		41.83345		71.33752		12.32939
193		34.81147		65.86839		3.75456
194		27.41991		60.1114		-5.27158
195		38.08681		101.74983		-25.57621
196		32.71238		103.06659		-37.64183
197		33.65783		109.12941		-41.81375
198		28.0503		108.29467		-52.19407
199		20.30289		104.77064		-64.16487
200		12.14771		101.06114		-76.76572
201		12.01081		104.10009		-80.07846
202		5.26396		102.27759		-91.74966
203		13.21225		105.14555		-78.72105
204		16.82087		114.96422		-81.32248
205		37.22216		116.95273		-42.5084
206		33.64698		114.00508		-46.71113
207		26.19413		110.78161		-58.39336
208		18.34902		107.38847		-70.69043
209		10.09101		103.81676		-83.63473
210		9.84586		95.47998		-75.78825
211		2.98507		90.46587		-84.49572
212		2.36593		99.09323		-94.36138
213		-4.88855		98.29896		-108.07606
214		-14.36958		94.24885		-122.98802
215		-24.34962		89.98557		-138.68481
216		-34.85493		85.49791		-155.20776
217		-0.57067		99.94601		-101.08736
218		14.15728		111.19774		-82.88318
219		25.9709		100.85978		-48.91799
220		38.40628		107.5439		-30.73135
221		33.04867		106.11867		-40.02134
222		44.01181		96.16284		-8.13921
223		38.94923		92.18453		-14.28607
224		31.77544		87.8126		-24.26172
225		24.22409		83.21058		-34.76239
226		34.72279		82.92071		-13.47513
227		29.17131		79.86268		-21.52007
228		21.48289		74.84224		-31.87645
229		13.38983		69.55756		-42.7779
230		4.87081		63.99474		-54.25311
231		14.35092		77.84326		-49.14143
232		7.72723		75.84714		-60.39268
233		17.35767		60.23362		-25.51827
234		10.89224		53.85892		-32.07445
235		20.68926		76.2017		-34.82318
236		32.84666		80.74027		-15.04695
237		27.19644		77.71906		-23.32619
238		19.40408		72.58579		-33.77763
239		11.20161		67.18236		-44.77914
240		21.01491		50.77063		-8.74081
241		14.74196		44.16373		-14.67981
242		6.29411		37.2644		-24.67618
243		-2.59837		30.00194		-35.19867
244		-11.95887		22.35724		-46.27497
245		-13.36454		19.4307		-46.15979
246		-2.99936		26.45739		-32.45611
247		-10.53562		22.34953		-43.42076
248		-11.85847		23.73321		-47.45015
249		-11.514		26.09057		-49.11857
250		0.0		0.0		0.0
