step	mediator-max-opt_cov_err_sq_T_mean	mediator-max-opt_cov_err_sq_T_std_up	mediator-max-opt_cov_err_sq_T_std_down
1		14.67		14.67		14.67
2		14.45		15.01		13.89
3		14.61		15.47163		13.74837
4		13.89		14.75116		13.02884
5		13.23		13.75764		12.70236
6		13.14556		13.7078		12.58331
7		13.12		13.69598		12.54402
8		13.11		13.69172		12.52828
9		13.10556		13.68989		12.52122
10		13.10592		13.69054		12.52129
11		12.94495		13.66337		12.22652
12		12.94335		13.66332		12.22337
13		12.94249		13.66341		12.22158
14		12.94438		13.66522		12.22354
15		12.78413		13.58837		11.97988
16		12.78288		13.58755		11.97821
17		12.78775		13.5926		11.9829
18		12.64753		13.50576		11.78931
19		12.64577		13.50384		11.7877
20		12.64664		13.50312		11.79015
21		12.64567		13.50204		11.7893
22		12.64451		13.50107		11.78794
23		12.64902		13.50552		11.79252
24		12.64875		13.50543		11.79206
25		12.65021		13.50503		11.7954
26		12.64915		13.50396		11.79433
27		12.65207		13.5079		11.79625
28		12.65051		13.50489		11.79613
29		12.48887		13.05049		11.92725
30		12.48909		13.04935		11.92883
31		12.48799		13.04807		11.92792
32		12.48681		13.04693		11.9267
33		12.4858		13.04597		11.92564
34		12.48494		13.04515		11.92472
35		12.48419		13.04446		11.92393
36		12.48355		13.04387		11.92323
37		12.483		13.04336		11.92263
38		12.48241		13.04263		11.92218
39		12.48334		13.04259		11.92408
40		12.48205		13.04201		11.92209
41		12.32159		13.06672		11.57646
42		12.3212		13.06629		11.5761
43		12.32252		13.06704		11.57801
44		12.32237		13.06682		11.57793
45		12.32309		13.06786		11.57831
46		12.32281		13.06768		11.57794
47		12.32233		13.06725		11.57742
48		12.32291		13.06642		11.57939
49		12.32256		13.06607		11.57905
50		12.32211		13.06582		11.5784
51		12.32171		13.0656		11.57782
52		12.32283		13.06475		11.58092
53		12.32261		13.06454		11.58069
54		12.32219		13.06445		11.57994
55		12.32182		13.06437		11.57927
56		12.32148		13.0643		11.57867
57		12.08118		12.56428		11.59807
58		12.04535		12.52024		11.57045
59		12.03709		12.50931		11.56488
60		12.03399		12.50617		11.5618
61		12.03279		12.5053		11.56028
62		12.03272		12.50598		11.55946
63		12.03249		12.50604		11.55894
64		12.0362		12.50989		11.5625
65		12.03608		12.50995		11.5622
66		12.03394		12.50797		11.5599
67		12.03322		12.50746		11.55898
68		12.03808		12.51248		11.56368
69		12.03786		12.5124		11.56333
70		12.04509		12.52017		11.57
71		12.04491		12.5201		11.56971
72		12.0422		12.51565		11.56875
73		12.03955		12.51285		11.56624
74		12.03743		12.51087		11.56398
75		12.0358		12.5094		11.5622
76		11.89994		12.22266		11.57723
77		11.89979		12.2227		11.57689
78		11.89788		12.22008		11.57568
79		11.89634		12.21803		11.57464
80		11.89509		12.21643		11.57376
81		11.89409		12.21516		11.57302
82		11.89326		12.21415		11.57238
83		11.89384		12.21523		11.57246
84		11.7333		12.12505		11.34154
85		11.73209		12.12455		11.33963
86		11.73313		12.12745		11.3388
87		11.73272		12.1275		11.33795
88		11.7319		12.1266		11.33721
89		11.73125		12.12585		11.33665
90		11.73073		12.12523		11.33622
91		11.7303		12.12471		11.33589
92		11.73047		12.12417		11.33677
93		11.73023		12.12381		11.33665
94		11.72998		12.12352		11.33644
95		11.73076		12.12501		11.33651
96		11.73092		12.12542		11.33642
97		11.73062		12.12499		11.33625
98		11.73034		12.12459		11.3361
99		11.73011		12.12424		11.33597
100		11.72991		12.12395		11.33586
101		11.72974		12.12371		11.33577
102		11.7296		12.12351		11.33569
103		11.72955		12.12347		11.33563
104		11.72945		12.12334		11.33557
105		11.72982		12.12401		11.33563
106		11.72979		12.12398		11.33559
107		11.72978		12.12371		11.33585
108		11.72968		12.12351		11.33586
109		11.73013		12.12465		11.33561
110		11.73001		12.12466		11.33536
111		11.72978		12.12438		11.33519
112		11.72961		12.12412		11.3351
113		11.73048		12.12368		11.33729
114		11.73039		12.12348		11.33729
115		11.73004		12.12336		11.33671
116		11.72976		12.12326		11.33626
117		11.72954		12.12316		11.33592
118		11.72937		12.12308		11.33567
119		11.72923		12.12301		11.33544
120		11.72885		12.12301		11.33469
121		11.72877		12.12296		11.33458
122		11.72874		12.12296		11.33452
123		11.76871		12.20316		11.33427
124		11.76868		12.2031		11.33426
125		11.73313		12.13119		11.33507
126		11.7237		12.11369		11.33371
127		11.72072		12.10828		11.33315
128		11.71986		12.10669		11.33302
129		11.71978		12.10652		11.33305
130		11.72005		12.10692		11.33318
131		11.72056		12.10776		11.33335
132		11.72099		12.10846		11.33353
133		11.72042		12.10736		11.33347
134		11.72045		12.10733		11.33357
135		11.72018		12.10678		11.33359
136		11.72011		12.10656		11.33366
137		11.72015		12.10656		11.33375
138		11.72028		12.10669		11.33387
139		11.72039		12.10693		11.33385
140		11.72059		12.10721		11.33398
141		11.72082		12.10751		11.33412
142		11.71376		12.09442		11.3331
143		11.71301		12.09296		11.33306
144		11.71341		12.0936		11.33322
145		11.71438		12.0954		11.33336
146		11.7147		12.09595		11.33345
147		11.71153		12.09107		11.332
148		11.71135		12.09075		11.33196
149		11.71141		12.0908		11.33202
150		11.71171		12.09129		11.33213
151		11.7119		12.09158		11.33222
152		11.71208		12.09185		11.33231
153		11.7123		12.09218		11.33242
154		11.71279		12.09301		11.33258
155		11.71307		12.09345		11.33269
156		11.71365		12.09453		11.33276
157		11.7137		12.09457		11.33284
158		11.71378		12.09473		11.33282
159		11.71391		12.09501		11.33281
160		11.71391		12.09519		11.33262
161		11.7143		12.09532		11.33328
162		11.71441		12.09553		11.3333
163		11.71457		12.09587		11.33326
164		11.71467		12.09611		11.33322
165		11.71478		12.09637		11.33318
166		11.71494		12.09672		11.33316
167		11.71506		12.09698		11.33313
168		11.71343		12.09404		11.33282
169		11.71304		12.09394		11.33215
170		11.71317		12.09416		11.33217
171		11.71325		12.09432		11.33218
172		11.71337		12.0945		11.33224
173		11.71354		12.09477		11.33231
174		11.71367		12.09496		11.33237
175		11.7138		12.09526		11.33234
176		11.71394		12.09546		11.33241
177		11.71403		12.09568		11.33239
178		11.71422		12.09596		11.33247
179		11.71432		12.09619		11.33245
180		11.7132		12.09411		11.33229
181		11.71321		12.09417		11.33225
182		11.71288		12.09363		11.33214
183		11.71297		12.09374		11.33219
184		11.71296		12.09355		11.33236
185		11.71304		12.09366		11.33243
186		11.71312		12.09386		11.33238
187		11.71297		12.09407		11.33188
188		11.71307		12.09427		11.33187
189		11.71317		12.09444		11.3319
190		11.71304		12.09441		11.33167
191		11.7131		12.09454		11.33166
192		11.71317		12.09467		11.33167
193		11.71326		12.09483		11.33168
194		11.71334		12.09498		11.33169
195		11.71342		12.09515		11.3317
196		11.71343		12.09518		11.33167
197		11.71349		12.09532		11.33166
198		11.71355		12.09543		11.33167
199		11.71362		12.09557		11.33167
200		11.7127		12.09388		11.33153
201		11.71271		12.0939		11.33153
202		11.71203		12.09262		11.33143
203		11.712		12.09257		11.33142
204		11.71214		12.09287		11.33142
205		11.71219		12.09298		11.33139
206		11.71223		12.09306		11.33141
207		11.71226		12.09314		11.33138
208		11.71231		12.09323		11.3314
209		11.71243		12.09347		11.33139
210		11.71245		12.09349		11.33141
211		11.71237		12.09338		11.33136
212		11.71235		12.09333		11.33138
213		11.71231		12.09329		11.33134
214		11.71233		12.0933		11.33136
215		11.71232		12.09331		11.33133
216		11.73009		12.12683		11.33335
217		11.567		11.9352		11.19879
218		11.4492		11.75567		11.14272
219		11.44935		11.7557		11.143
220		11.42143		11.72632		11.11654
221		11.44952		11.75573		11.14332
222		11.44959		11.75575		11.14344
223		11.42887		11.73297		11.12477
224		11.416		11.72169		11.11031
225		11.40632		11.71503		11.09761
226		11.40054		11.7113		11.08977
227		11.39653		11.70893		11.08414
228		11.39364		11.70734		11.07994
229		11.39155		11.70626		11.07684
230		11.39003		11.70551		11.07455
231		11.38888		11.70496		11.07279
232		11.39392		11.70746		11.08038
233		11.39396		11.70748		11.08045
234		11.3884		11.69479		11.082
235		11.23376		11.25707		11.21045
236		11.23377		11.25711		11.21044
237		11.23186		11.25275		11.21097
238		11.23034		11.24953		11.21114
239		11.22838		11.24712		11.20964
240		11.22734		11.24542		11.20927
241		11.22653		11.24421		11.20885
242		11.22587		11.24336		11.20837
243		11.22532		11.24277		11.20788
244		11.22933		11.25307		11.20559
245		11.2286		11.25276		11.20444
246		11.21882		11.23337		11.20427
247		11.20796		11.21018		11.20574
248		11.2202		11.24376		11.19664
249		11.22241		11.24514		11.19967
250		11.21467		11.22701		11.20232
