step	mediator-max-opt_inst_loss_mean	mediator-max-opt_inst_loss_std_up	mediator-max-opt_inst_loss_std_down
1		113.26814		155.74761		70.78867
2		45.12435		104.28393		-14.03522
3		55.17055		117.14981		-6.8087
4		70.98751		129.41639		12.55863
5		67.3447		129.30713		5.38227
6		61.66541		126.88903		-3.5582
7		84.1347		141.18364		27.08576
8		81.18385		142.34886		20.01884
9		76.23294		140.61716		11.84872
10		71.02146		138.79432		3.24859
11		65.53568		136.87554		-5.80417
12		59.76119		134.85577		-15.3334
13		82.13026		113.77112		50.48939
14		79.07391		110.46967		47.67814
15		74.01195		107.06012		40.96378
16		68.68357		103.47111		33.89602
17		63.07475		99.69322		26.45628
18		75.61822		104.17878		47.05765
19		72.21913		103.68651		40.75174
20		66.79639		99.91995		33.67282
21		61.08824		95.95515		26.22133
22		55.07967		91.78168		18.37766
23		48.75486		87.38855		10.12116
24		42.09716		82.7642		1.43011
25		43.53654		95.17566		-8.10258
26		38.44894		95.24373		-18.34585
27		31.24883		91.03282		-28.53516
28		23.66976		86.60027		-39.26076
29		15.69179		81.93444		-50.55086
30		25.74142		101.64047		-50.15764
31		19.71723		101.16962		-61.73516
32		39.97873		83.07064		-3.11319
33		34.70387		78.48801		-9.08026
34		35.75414		73.96672		-2.45845
35		30.25694		69.55776		-9.04389
36		31.07315		72.40936		-10.26305
37		25.32959		69.73538		-19.07621
38		17.43898		64.18192		-29.30396
39		46.02805		88.95316		3.10295
40		42.91634		91.08687		-5.2542
41		35.95135		86.65717		-14.75448
42		28.61978		81.99433		-24.75477
43		49.34983		68.82853		29.87112
44		44.56819		66.14159		22.99479
45		37.69014		60.39899		14.98129
46		38.89758		73.36728		4.42787
47		33.56582		72.77709		-5.64545
48		26.1087		67.38372		-15.16632
49		26.70659		75.40314		-21.98997
50		20.7332		73.81757		-32.35117
51		21.04817		71.26279		-29.16646
52		33.22446		64.06441		2.3845
53		27.59412		59.57807		-4.38984
54		66.71767		116.06363		17.37172
55		64.69488		120.41527		8.97449
56		58.87613		117.52917		0.22309
57		61.19862		110.13809		12.25915
58		65.48809		114.17403		16.80215
59		61.55584		113.48949		9.62219
60		64.01936		124.68544		3.35329
61		60.00981		125.70798		-5.68836
62		53.94448		123.10044		-15.21149
63		47.55991		120.35567		-25.23584
64		40.83932		117.46643		-35.78779
65		33.76502		114.42513		-46.8951
66		26.31838		111.22377		-58.58701
67		18.47981		107.8539		-70.89428
68		37.12367		97.69603		-23.4487
69		33.5433		92.99698		-25.91038
70		34.53248		89.31252		-20.24756
71		47.41847		83.0077		11.82924
72		42.53518		79.37901		5.69135
73		35.55013		74.33311		-3.23285
74		28.19745		69.02164		-12.62674
75		20.45778		63.43061		-22.51505
76		29.20574		60.67431		-2.26284
77		25.20864		56.40757		-5.9903
78		25.75915		51.76929		-0.25099
79		19.7359		46.8732		-7.4014
80		19.99838		53.45901		-13.46226
81		22.11942		60.79519		-16.55636
82		15.9046		57.86957		-26.06037
83		15.96543		68.89896		-36.96811
84		9.42672		67.55959		-48.70616
85		9.14661		69.1818		-50.88859
86		20.6965		53.57245		-12.17945
87		14.40679		46.7014		-17.88781
88		5.9413		39.93562		-28.05302
89		-2.96974		32.81376		-38.75324
90		6.0977		51.16863		-38.97323
91		-0.96036		48.76117		-50.6819
92		8.21283		89.29432		-72.86865
93		9.71358		95.71466		-76.28749
94		21.29332		94.61406		-52.02742
95		23.48251		98.95273		-51.9877
96		17.33944		97.10093		-62.42206
97		17.47578		91.58442		-56.63286
98		11.01657		87.21835		-65.18522
99		29.26762		106.00386		-47.46862
100		52.16875		113.42043		-9.08293
101		49.38023		112.73349		-13.97304
102		42.75544		109.44309		-23.93221
103		35.78198		105.97951		-34.41554
104		28.4415		102.33363		-45.45063
105		20.71468		98.49587		-57.06651
106		31.02867		112.07216		-50.01482
107		25.28276		111.42367		-60.85815
108		25.83718		102.51669		-50.84234
109		19.81803		97.63699		-58.00093
110		11.63734		93.55204		-70.27735
111		3.02609		89.25208		-83.1999
112		-6.03839		84.72582		-96.80259
113		-15.57994		79.96133		-111.12121
114		-25.62368		74.94607		-126.19344
115		-36.19604		69.66686		-142.05894
116		-47.32484		64.10979		-158.75947
117		-40.59188		84.19071		-165.37447
118		-21.6598		105.876		-149.19559
119		6.71619		88.91273		-75.48034
120		1.53543		85.00462		-81.93376
121		-7.6075		80.2548		-95.46981
122		-17.23164		75.255		-109.71828
123		-27.36231		69.99204		-124.71667
124		-38.02618		64.45209		-140.50445
125		-49.2513		58.62056		-157.12316
126		-32.61973		32.91847		-98.15793
127		-23.26806		56.17772		-102.71385
128		23.47077		59.80359		-12.86205
129		21.01658		54.88862		-12.85547
130		21.34646		50.56367		-7.87075
131		15.09096		45.57203		-15.39011
132		6.66148		38.74681		-25.42386
133		-2.21166		31.56238		-35.9857
134		-3.10432		36.04263		-42.25128
135		17.80078		56.19768		-20.59611
136		11.35867		54.29209		-31.57474
137		19.62773		56.83801		-17.58255
138		23.57401		62.11661		-14.96859
139		35.88324		77.54368		-5.77719
140		30.39284		76.01605		-15.23037
141		22.76872		70.79315		-25.25572
142		14.74333		65.29536		-35.80871
143		6.29555		59.50821		-46.91712
144		-2.59685		53.41648		-58.61019
145		14.9377		96.78553		-66.91013
146		10.18965		100.09012		-79.71081
147		9.94969		103.60934		-83.70996
148		49.98934		100.12329		-0.1446
149		47.08611		97.96753		-3.79531
150		48.78807		98.46758		-0.89143
151		43.97687		96.14809		-8.19434
152		37.0677		91.98477		-17.84937
153		58.24238		74.49743		41.98732
154		53.92877		71.74103		36.11651
155		47.54338		66.29313		28.79363
156		40.82192		60.55849		21.08534
157		33.7467		54.52204		12.97135
158		26.29909		48.16788		4.43031
159		18.45951		41.47928		-4.56026
160		10.20732		34.43866		-14.02401
161		36.86327		63.32003		10.40651
162		63.56143		115.6483		11.47456
163		59.52778		117.46032		1.59523
164		53.43707		114.4187		-7.54455
165		55.4733		109.54308		1.40351
166		59.46144		118.0632		0.85967
167		55.21199		118.25333		-7.82935
168		57.34163		120.35962		-5.67636
169		61.4281		121.71798		1.13822
170		57.28216		120.01544		-5.45111
171		51.07327		117.1083		-14.96176
172		44.53759		114.04815		-24.97296
173		37.65793		110.82694		-35.51107
174		30.41619		107.43619		-46.60382
175		22.79329		103.86698		-58.2804
176		14.7692		100.10992		-70.57153
177		6.32278		96.15512		-83.50957
178		44.32679		104.5169		-15.86333
179		41.12553		103.97297		-21.72191
180		34.06629		100.22149		-32.08891
181		26.63551		96.27256		-43.00155
182		18.81363		92.11579		-54.48853
183		10.58008		87.74025		-66.58009
184		1.91318		83.13441		-79.30805
185		-7.20987		78.28616		-92.70591
186		10.08189		80.4106		-60.24681
187		13.52576		88.83981		-61.78829
188		6.85865		87.48323		-73.76593
189		16.44338		108.09252		-75.20577
190		28.37731		99.30254		-42.54792
191		22.49186		94.95419		-49.97048
192		14.45189		90.72803		-61.82425
193		5.98878		86.27945		-74.3019
194		-2.91977		81.59673		-87.43627
195		6.1503		80.15645		-67.85584
196		17.5425		65.61987		-30.53488
197		11.08679		59.38846		-37.21488
198		10.89405		63.70875		-41.92065
199		22.53591		70.58339		-25.51156
200		16.34302		67.52157		-34.83553
201		7.97943		61.85159		-45.89272
202		-0.82434		55.88319		-57.53187
203		8.35602		32.95843		-16.24639
204		1.41681		24.13717		-21.30354
205		10.71512		31.94425		-10.514
206		3.90008		29.26729		-21.46713
207		13.3291		74.44142		-47.78323
208		23.54661		83.50485		-36.41163
209		27.69915		82.7319		-27.33361
210		38.67298		92.06289		-14.71694
211		52.06913		93.73558		10.40268
212		57.72285		100.16755		15.27815
213		53.3819		99.17169		7.59211
214		46.96773		95.1675		-1.23205
215		48.66346		93.65406		3.67286
216		43.8457		90.7031		-3.01171
217		36.92962		86.25321		-12.39396
218		38.09703		91.11204		-14.91798
219		32.72314		89.46712		-24.02084
220		52.11665		107.20471		-2.97141
221		49.32538		109.08585		-10.43509
222		42.69771		105.60346		-20.20804
223		35.72121		101.93779		-30.49537
224		28.37753		98.0792		-41.32413
225		49.09483		83.52392		14.66574
226		44.29977		79.81667		8.78288
227		37.4076		74.7938		0.02139
228		30.15267		69.50657		-9.20123
229		40.9634		73.97318		7.95362
230		35.74037		71.77268		-0.29194
231		28.3977		66.32645		-9.53105
232		29.11606		78.70153		-20.46941
233		23.26949		78.06313		-31.52415
234		15.27045		72.94797		-42.40706
235		6.85042		67.5636		-53.86276
236		26.43471		89.48368		-36.61426
237		20.44702		88.50397		-47.60993
238		12.29943		83.93833		-59.33946
239		3.72302		79.13239		-71.68634
240		-5.30477		74.07351		-84.68305
241		-6.36023		78.23964		-90.96009
242		-14.07397		75.64737		-103.79531
243		-15.59096		78.81948		-110.00141
244		-23.79053		75.9795		-123.56057
245		-5.81893		44.67626		-56.31412
246		-5.05661		46.83857		-56.95179
247		-12.70114		43.08449		-68.48677
248		14.32534		18.57935		10.07132
249		9.595		9.595		9.595
250		0.0		0.0		0.0
