step	mediator-max-opt_reward_mean	mediator-max-opt_reward_std_up	mediator-max-opt_reward_std_down
1		0.0		0.0		0.0
2		20.0		44.4949		-4.4949
3		20.0		44.4949		-4.4949
4		140.0		213.48469		66.51531
5		170.0		194.4949		145.5051
6		230.0		311.24038		148.75962
7		320.0		344.4949		295.5051
8		350.0		427.45967		272.54033
9		410.0		483.48469		336.51531
10		470.0		494.4949		445.5051
11		530.0		611.24038		448.75962
12		590.0		638.98979		541.01021
13		650.0		759.54451		540.45549
14		710.0		816.77078		603.22922
15		740.0		871.90906		608.09094
16		830.0		942.24972		717.75028
17		890.0		1021.90906		758.09094
18		980.0		1092.24972		867.75028
19		1040.0		1171.90906		908.09094
20		1100.0		1194.86833		1005.13167
21		1160.0		1291.90906		1028.09094
22		1250.0		1344.86833		1155.13167
23		1310.0		1441.90906		1178.09094
24		1370.0		1516.96938		1223.03062
25		1460.0		1591.90906		1328.09094
26		1520.0		1666.96938		1373.03062
27		1550.0		1704.91933		1395.08067
28		1670.0		1816.96938		1523.03062
29		1700.0		1854.91933		1545.08067
30		1790.0		1993.4699		1586.5301
31		1850.0		2004.91933		1695.08067
32		1940.0		2143.4699		1736.5301
33		2000.0		2154.91933		1845.08067
34		2060.0		2248.14888		1871.85112
35		2150.0		2304.91933		1995.08067
36		2180.0		2363.30303		1996.69697
37		2240.0		2392.97059		2087.02941
38		2300.0		2454.91933		2145.08067
39		2360.0		2563.4699		2156.5301
40		2450.0		2604.91933		2295.08067
41		2480.0		2663.30303		2296.69697
42		2600.0		2754.91933		2445.08067
43		2600.0		2754.91933		2445.08067
44		2720.0		2933.54157		2506.45843
45		2720.0		2933.54157		2506.45843
46		2780.0		2963.30303		2596.69697
47		2870.0		3083.54157		2656.45843
48		2900.0		3054.91933		2745.08067
49		2990.0		3193.4699		2786.5301
50		3020.0		3166.96938		2873.03062
51		3110.0		3298.14888		2921.85112
52		3110.0		3298.14888		2921.85112
53		3230.0		3476.17067		2983.82933
54		3230.0		3476.17067		2983.82933
55		3350.0		3654.95901		3045.04099
56		3350.0		3654.95901		3045.04099
57		3470.0		3770.99834		3169.00166
58		3500.0		3804.95901		3195.04099
59		3590.0		3948.32946		3231.67054
60		3620.0		3920.99834		3319.00166
61		3740.0		4098.32946		3381.67054
62		3770.0		4070.99834		3469.00166
63		3830.0		4150.31235		3509.68765
64		3890.0		4248.32946		3531.67054
65		3980.0		4300.31235		3659.68765
66		4040.0		4398.32946		3681.67054
67		4130.0		4450.31235		3809.68765
68		4160.0		4496.74916		3823.25084
69		4280.0		4600.31235		3959.68765
70		4310.0		4646.74916		3973.25084
71		4430.0		4750.31235		4109.68765
72		4460.0		4796.74916		4123.25084
73		4580.0		4900.31235		4259.68765
74		4610.0		4946.74916		4273.25084
75		4700.0		5019.37439		4380.62561
76		4730.0		5068.52622		4391.47378
77		4850.0		5169.37439		4530.62561
78		4880.0		5218.52622		4541.47378
79		4970.0		5299.54514		4640.45486
80		5030.0		5368.52622		4691.47378
81		5120.0		5449.54514		4790.45486
82		5180.0		5518.52622		4841.47378
83		5240.0		5622.62253		4857.37747
84		5330.0		5668.52622		4991.47378
85		5390.0		5772.62253		5007.37747
86		5450.0		5769.37439		5130.62561
87		5510.0		5872.49138		5147.50862
88		5570.0		5870.99834		5269.00166
89		5660.0		6022.49138		5297.50862
90		5660.0		6022.49138		5297.50862
91		5750.0		6152.49224		5347.50776
92		5780.0		6127.27511		5432.72489
93		5900.0		6302.49224		5497.50776
94		5900.0		6302.49224		5497.50776
95		5990.0		6434.2972		5545.7028
96		6020.0		6478.91176		5561.08824
97		6110.0		6526.41326		5693.58674
98		6110.0		6526.41326		5693.58674
99		6260.0		6676.41326		5843.58674
100		6260.0		6676.41326		5843.58674
101		6380.0		6854.97368		5905.02632
102		6410.0		6826.41326		5993.58674
103		6530.0		7004.97368		6055.02632
104		6560.0		6976.41326		6143.58674
105		6650.0		7111.51923		6188.48077
106		6680.0		7154.97368		6205.02632
107		6770.0		7218.99889		6321.00111
108		6830.0		7304.97368		6355.02632
109		6890.0		7397.34604		6382.65396
110		6980.0		7454.97368		6505.02632
111		7010.0		7493.11489		6526.88511
112		7100.0		7633.85391		6566.14609
113		7100.0		7633.85391		6566.14609
114		7220.0		7734.39285		6705.60715
115		7220.0		7734.39285		6705.60715
116		7340.0		7850.29403		6829.70597
117		7340.0		7850.29403		6829.70597
118		7460.0		7952.34135		6967.65865
119		7490.0		8000.29403		6979.70597
120		7580.0		8073.55851		7086.44149
121		7610.0		8102.34135		7117.65865
122		7730.0		8223.55851		7236.44149
123		7760.0		8252.34135		7267.65865
124		7880.0		8373.55851		7386.44149
125		7910.0		8402.34135		7417.65865
126		8030.0		8523.55851		7536.44149
127		8060.0		8552.34135		7567.65865
128		8150.0		8624.34165		7675.65835
129		8180.0		8673.55851		7686.44149
130		8300.0		8774.34165		7825.65835
131		8330.0		8823.55851		7836.44149
132		8450.0		8924.34165		7975.65835
133		8450.0		8924.34165		7975.65835
134		8600.0		9074.34165		8125.65835
135		8600.0		9074.34165		8125.65835
136		8720.0		9182.1688		8257.8312
137		8750.0		9224.34165		8275.65835
138		8840.0		9307.33286		8372.66714
139		8870.0		9351.24838		8388.75162
140		8960.0		9400.90815		8519.09185
141		9020.0		9501.24838		8538.75162
142		9080.0		9497.85165		8662.14835
143		9140.0		9607.33286		8672.66714
144		9200.0		9627.78499		8772.21501
145		9290.0		9757.33286		8822.66714
146		9350.0		9777.78499		8922.21501
147		9410.0		9890.0		8930.0
148		9440.0		9907.33286		8972.66714
149		9530.0		9982.32732		9077.67268
150		9590.0		10057.33286		9122.66714
151		9680.0		10132.32732		9227.67268
152		9740.0		10207.33286		9272.66714
153		9830.0		10282.32732		9377.67268
154		9890.0		10357.33286		9422.66714
155		9980.0		10432.32732		9527.67268
156		10010.0		10450.90815		9569.09185
157		10130.0		10582.32732		9677.67268
158		10160.0		10600.90815		9719.09185
159		10280.0		10732.32732		9827.67268
160		10310.0		10750.90815		9869.09185
161		10340.0		10726.52296		9953.47704
162		10460.0		10900.90815		10019.09185
163		10490.0		10876.52296		10103.47704
164		10580.0		11032.32732		10127.67268
165		10640.0		11026.52296		10253.47704
166		10700.0		11141.58804		10258.41196
167		10790.0		11176.52296		10403.47704
168		10850.0		11291.58804		10408.41196
169		10910.0		11350.90815		10469.09185
170		11000.0		11441.58804		10558.41196
171		11030.0		11461.97222		10598.02778
172		11150.0		11591.58804		10708.41196
173		11150.0		11591.58804		10708.41196
174		11240.0		11674.05069		10805.94931
175		11300.0		11741.58804		10858.41196
176		11360.0		11843.11489		10876.88511
177		11450.0		11891.58804		11008.41196
178		11510.0		11993.11489		11026.88511
179		11600.0		12041.58804		11158.41196
180		11660.0		12143.11489		11176.88511
181		11720.0		12137.85165		11302.14835
182		11810.0		12293.11489		11326.88511
183		11870.0		12287.85165		11452.14835
184		11930.0		12404.97368		11455.02632
185		12020.0		12437.85165		11602.14835
186		12020.0		12437.85165		11602.14835
187		12140.0		12574.05069		11705.94931
188		12140.0		12574.05069		11705.94931
189		12260.0		12676.41326		11843.58674
190		12290.0		12724.05069		11855.94931
191		12410.0		12826.41326		11993.58674
192		12440.0		12874.05069		12005.94931
193		12560.0		12976.41326		12143.58674
194		12560.0		12976.41326		12143.58674
195		12680.0		13086.9398		12273.0602
196		12680.0		13086.9398		12273.0602
197		12800.0		13254.97253		12345.02747
198		12830.0		13236.9398		12423.0602
199		12950.0		13404.97253		12495.02747
200		12950.0		13404.97253		12495.02747
201		13070.0		13512.26689		12627.73311
202		13100.0		13554.97253		12645.02747
203		13160.0		13664.38081		12655.61919
204		13250.0		13704.97253		12795.02747
205		13310.0		13814.38081		12805.61919
206		13400.0		13854.97253		12945.02747
207		13460.0		13964.38081		12955.61919
208		13550.0		14004.97253		13095.02747
209		13610.0		14114.38081		13105.61919
210		13700.0		14154.97253		13245.02747
211		13760.0		14264.38081		13255.61919
212		13820.0		14325.56899		13314.43101
213		13910.0		14414.38081		13405.61919
214		13940.0		14432.34135		13447.65865
215		14000.0		14454.97253		13545.02747
216		14060.0		14564.38081		13555.61919
217		14120.0		14562.26689		13677.73311
218		14210.0		14714.38081		13705.61919
219		14270.0		14712.26689		13827.73311
220		14330.0		14826.58836		13833.41164
221		14390.0		14827.49286		13952.50714
222		14480.0		14976.58836		13983.41164
223		14540.0		14977.49286		14102.50714
224		14600.0		15086.82646		14113.17354
225		14660.0		15110.99889		14209.00111
226		14720.0		15222.59327		14217.40673
227		14810.0		15260.99889		14359.00111
228		14870.0		15372.59327		14367.40673
229		14960.0		15410.99889		14509.00111
230		14990.0		15488.39743		14491.60257
231		15110.0		15560.99889		14659.00111
232		15140.0		15638.39743		14641.60257
233		15260.0		15710.99889		14809.00111
234		15290.0		15788.39743		14791.60257
235		15380.0		15876.58836		14883.41164
236		15440.0		15938.39743		14941.60257
237		15530.0		16026.58836		15033.41164
238		15590.0		16088.39743		15091.60257
239		15650.0		16145.98387		15154.01613
240		15740.0		16238.39743		15241.60257
241		15800.0		16295.98387		15304.01613
242		15890.0		16388.39743		15391.60257
243		15950.0		16445.98387		15454.01613
244		15980.0		16522.77067		15437.22933
245		16070.0		16581.46847		15558.53153
246		16100.0		16658.5696		15541.4304
247		16190.0		16723.29167		15656.70833
248		16250.0		16808.5696		15691.4304
249		16340.0		16873.29167		15806.70833
250		16400.0		16958.5696		15841.4304
