step	mediator-max-opt_cum_inst_loss_mean	mediator-max-opt_cum_inst_loss_std_up	mediator-max-opt_cum_inst_loss_std_down
1		153.49386		192.5585		114.42921
2		261.38212		341.56746		181.19679
3		365.72498		489.19524		242.25472
4		466.33582		635.36917		297.30247
5		563.01822		780.01271		346.02373
6		655.56543		923.04533		388.08552
7		743.75979		1064.38223		423.13735
8		827.37222		1203.93418		450.81027
9		906.16157		1341.60722		470.71591
10		979.87397		1477.30247		482.44547
11		1048.24223		1610.91583		485.56864
12		1110.98508		1742.33772		479.63243
13		1167.80643		1871.45281		464.16005
14		1218.39464		1998.13969		438.64959
15		1262.42165		2122.27056		402.57273
16		1299.54211		2243.71088		355.37335
17		1329.39255		2362.31906		296.46604
18		1351.59031		2477.94603		225.2346
19		1394.18013		2569.09046		219.2698
20		1431.63251		2655.10165		208.16338
21		1461.83233		2737.10185		186.56281
22		1512.84536		2796.2845		229.40623
23		1559.16429		2851.2783		267.05029
24		1598.69732		2903.41269		293.98194
25		1659.53477		2972.22123		346.84831
26		1716.1952		3039.81642		392.57398
27		1766.61401		3105.09853		428.12949
28		1810.4627		3168.18521		452.74019
29		1847.39547		3229.18181		465.60914
30		1895.49582		3289.17294		501.8187
31		1938.74877		3344.5084		532.98914
32		1975.05444		3394.80361		555.30527
33		2004.0472		3439.88932		568.20508
34		2052.23712		3494.53143		609.94281
35		2097.42911		3546.56427		648.29395
36		2135.77588		3592.2926		679.25916
37		2166.91716		3631.40108		702.43324
38		2198.92119		3671.88966		725.95272
39		2225.23065		3707.69236		742.76894
40		2243.70108		3736.82992		750.57224
41		2253.91989		3759.00844		748.83134
42		2255.45279		3773.92146		736.98411
43		2247.84262		3781.24904		714.4362
44		2230.60817		3780.65674		680.55961
45		2203.24291		3771.79446		634.69135
46		2165.21362		3754.29513		576.1321
47		2134.40653		3721.35091		547.46215
48		2111.494		3693.41812		529.56988
49		2100.28879		3652.379		548.19858
50		2098.00981		3633.6491		562.37052
51		2098.52413		3611.80986		585.2384
52		2118.5815		3586.67754		650.48546
53		2134.16028		3554.77152		713.54903
54		2141.33524		3514.10712		768.56337
55		2148.11158		3462.00108		834.22208
56		2147.86558		3399.35257		896.37858
57		2146.83037		3344.80359		948.85715
58		2146.80917		3299.61775		994.00058
59		2147.85534		3261.7586		1033.95209
60		2150.02508		3237.88679		1062.16336
61		2144.93001		3212.53225		1077.32777
62		2147.23801		3207.58756		1086.88846
63		2152.58073		3197.66454		1107.49692
64		2159.27314		3199.58824		1118.95804
65		2158.93878		3201.69936		1116.17821
66		2166.25807		3223.69548		1108.82065
67		2168.42832		3247.7199		1089.13675
68		2169.93655		3261.73372		1078.13938
69		2164.14517		3271.16995		1057.12038
70		2157.27271		3283.56799		1030.97743
71		2169.55453		3319.04597		1020.06309
72		2176.94852		3352.27295		1001.62409
73		2192.40289		3400.97469		983.8311
74		2211.5839		3443.6145		979.55331
75		2224.39544		3480.84334		967.94754
76		2247.10501		3544.51984		949.69018
77		2272.07832		3603.49937		940.65726
78		2290.98701		3659.1799		922.79412
79		2310.11465		3712.33088		907.89842
80		2322.87001		3761.56577		884.17424
81		2327.07295		3806.64622		847.49969
82		2322.27336		3847.39997		797.14676
83		2307.99742		3883.62887		732.36597
84		2302.19386		3947.90851		656.4792
85		2288.70584		4013.0894		564.32229
86		2283.73168		4068.01465		499.44872
87		2271.11673		4117.73128		424.50217
88		2248.61408		4162.68128		334.54689
89		2224.15083		4203.4502		244.85147
90		2209.46854		4268.50292		150.43415
91		2195.08198		4334.15218		56.01178
92		2172.55924		4397.15002		-52.03154
93		2158.07484		4485.73035		-169.58067
94		2153.8966		4563.53069		-255.73749
95		2142.11945		4636.96953		-352.73064
96		2128.94619		4720.19337		-462.30098
97		2126.1481		4789.81886		-537.52266
98		2115.82375		4853.33715		-621.68964
99		2095.73227		4911.71099		-720.24645
100		2065.35959		4964.68286		-833.96367
101		2024.16461		5011.97984		-963.65062
102		1971.57773		5053.31275		-1110.15729
103		1925.44686		5074.89843		-1224.00471
104		1887.95654		5098.25719		-1322.3441
105		1859.56154		5102.49742		-1383.37433
106		1822.29308		5097.78742		-1453.20126
107		1773.83937		5085.11995		-1537.44122
108		1713.61172		5064.18594		-1636.96249
109		1640.99045		5034.66309		-1752.68219
110		1582.21824		5018.95141		-1854.51493
111		1531.71349		5032.18772		-1968.76074
112		1473.01635		5046.90958		-2100.87689
113		1420.45363		5042.13599		-2201.22874
114		1357.74545		5029.60917		-2314.11827
115		1300.96059		4996.84361		-2394.92244
116		1233.80805		4955.71744		-2488.10134
117		1153.89743		4907.51188		-2599.71703
118		1089.00473		4871.32864		-2693.31919
119		1021.76511		4843.0052		-2799.47498
120		943.60758		4809.44743		-2922.23227
121		870.56023		4754.75755		-3013.63709
122		794.73678		4706.02984		-3116.55628
123		791.33358		4713.47063		-3130.80347
124		785.90652		4720.04456		-3148.23153
125		770.97007		4720.2861		-3178.34596
126		746.02376		4714.10442		-3222.0569
127		738.98822		4709.63959		-3231.66315
128		742.65089		4687.25554		-3201.95377
129		767.57482		4662.09354		-3126.94391
130		814.87903		4685.00255		-3055.2445
131		857.29394		4704.13284		-2989.54497
132		892.71747		4715.60746		-2930.17253
133		920.78165		4719.09589		-2877.5326
134		969.54663		4719.97899		-2780.88572
135		1013.4992		4712.75714		-2685.75873
136		1050.54132		4696.73755		-2595.65491
137		1080.30928		4671.5839		-2510.96533
138		1102.42023		4636.9644		-2432.12394
139		1116.47117		4592.55645		-2359.6141
140		1158.93287		4605.60717		-2287.74143
141		1198.09515		4617.83711		-2221.64682
142		1238.54234		4640.73855		-2163.65387
143		1273.73934		4660.65048		-2113.1718
144		1301.56506		4673.4797		-2070.34958
145		1350.07905		4726.17495		-2026.01686
146		1402.21489		4795.66225		-1991.23247
147		1468.16322		4886.87477		-1950.54834
148		1530.20351		4976.16787		-1915.76084
149		1594.73283		5056.24077		-1866.7751
150		1655.27944		5130.53106		-1819.97218
151		1718.23645		5194.93582		-1758.46291
152		1777.128		5252.90952		-1698.65353
153		1858.34284		5336.62121		-1619.93553
154		1936.45315		5417.8276		-1544.92129
155		2009.45079		5494.38146		-1475.47987
156		2077.06667		5566.069		-1411.93566
157		2139.01753		5632.66829		-1354.63324
158		2195.00522		5693.94909		-1303.93866
159		2244.71588		5749.67267		-1260.24091
160		2287.81915		5799.5917		-1223.9534
161		2323.96727		5843.45008		-1195.51554
162		2352.79418		5880.98281		-1175.39445
163		2373.91455		5911.91583		-1164.08674
164		2386.92277		5935.9659		-1162.12035
165		2391.39189		5952.84037		-1170.05658
166		2395.31998		5974.13366		-1183.4937
167		2392.07581		5990.46751		-1206.31589
168		2387.88464		6010.70324		-1234.93397
169		2411.43635		6085.1156		-1262.24291
170		2432.53812		6162.42789		-1297.35164
171		2453.97426		6238.11795		-1330.16942
172		2487.60712		6300.34776		-1325.13352
173		2515.63112		6356.53566		-1325.27342
174		2535.90633		6407.39367		-1335.581
175		2548.02491		6452.718		-1356.66817
176		2578.45255		6493.68103		-1336.77593
177		2604.94739		6530.18872		-1320.29394
178		2623.61296		6560.79127		-1313.56536
179		2642.48466		6594.71025		-1309.74092
180		2654.97062		6624.48759		-1314.54635
181		2658.88999		6647.92619		-1330.14621
182		2662.23939		6666.3412		-1341.86243
183		2666.83356		6686.79771		-1353.13059
184		2664.29054		6701.91324		-1373.33216
185		2660.83742		6710.61501		-1388.94017
186		2649.82356		6711.47624		-1411.82913
187		2665.90125		6768.17951		-1436.37701
188		2677.2909		6825.63949		-1471.0577
189		2698.50374		6895.97868		-1498.9712
190		2721.90154		6977.29292		-1533.48984
191		2776.04679		7056.65815		-1504.56458
192		2827.50754		7130.82892		-1475.81385
193		2880.90049		7213.4775		-1451.67652
194		2929.7246		7294.3713		-1434.92209
195		3000.34215		7370.59713		-1369.91283
196		3075.74491		7440.22061		-1288.7308
197		3156.18472		7517.75786		-1205.38841
198		3233.47922		7593.31659		-1126.35816
199		3305.6181		7663.81932		-1052.58313
200		3372.33002		7729.0208		-984.36077
201		3433.32934		7788.66515		-922.00646
202		3488.31542		7842.48551		-865.85467
203		3536.97175		7890.20373		-816.26023
204		3597.41269		7949.66878		-754.8434
205		3672.10323		8050.54115		-706.3347
206		3743.34585		8152.15201		-665.46031
207		3817.56182		8264.32177		-629.19812
208		3888.3049		8376.46218		-599.85237
209		3953.54756		8485.46125		-578.36612
210		4013.0003		8591.16737		-565.16676
211		4066.35839		8693.42174		-560.70496
212		4113.30105		8792.05797		-565.45587
213		4153.49064		8886.90167		-579.9204
214		4186.57172		8977.77005		-604.62661
215		4212.17017		9064.47143		-640.13109
216		4238.33965		9155.51662		-678.83733
217		4276.95496		9238.11064		-684.20073
218		4310.22366		9315.38018		-694.93286
219		4336.0196		9387.68233		-715.64313
220		4362.39697		9469.84439		-745.05046
221		4382.78362		9550.804		-785.23675
222		4395.01952		9627.25276		-837.21373
223		4417.12315		9701.62173		-867.37544
224		4433.01113		9771.58106		-905.5588
225		4440.51158		9836.68811		-955.66495
226		4457.63053		9900.13474		-984.87367
227		4476.71898		9978.51789		-1025.07993
228		4489.43308		10057.29155		-1078.42539
229		4522.04009		10119.23953		-1075.15934
230		4567.43176		10194.95416		-1060.09064
231		4636.28095		10254.51125		-981.94935
232		4701.37479		10307.34905		-904.59948
233		4760.67087		10354.00815		-832.6664
234		4813.86406		10394.19386		-766.46574
235		4869.08063		10445.87091		-707.70964
236		4919.82435		10495.19416		-655.54546
237		4964.01504		10538.04628		-610.0162
238		5001.30781		10574.10375		-571.48813
239		5031.33962		10603.02785		-540.34862
240		5053.7283		10624.46408		-517.00748
241		5068.07159		10638.04151		-501.89833
242		5082.39353		10661.10236		-496.31529
243		5090.09027		10680.13591		-499.95537
244		5088.96835		10691.05149		-513.11479
245		5087.01112		10695.85875		-521.8365
246		5077.57183		10692.44702		-537.30337
247		5066.85872		10689.33138		-555.61394
248		5048.19645		10679.21379		-582.82089
249		5019.41145		10659.79116		-620.96826
250		5019.41145		10659.79116		-620.96826
