step	mediator-max-opt_reward_mean	mediator-max-opt_reward_std_up	mediator-max-opt_reward_std_down
1		-30.8		28.8		-90.4
2		-31.8		27.8		-91.4
3		-32.8		26.8		-92.4
4		-33.8		25.8		-93.4
5		-34.8		24.8		-94.4
6		-5.6		89.26959		-100.46959
7		23.6		135.95764		-88.75764
8		22.6		134.95764		-89.75764
9		21.6		133.95764		-90.75764
10		50.8		170.90062		-69.30062
11		49.8		169.90062		-70.30062
12		79.0		232.36362		-74.36362
13		78.0		231.36362		-75.36362
14		77.0		230.36362		-76.36362
15		96.2		220.52441		-28.12441
16		125.4		272.05824		-21.25824
17		124.4		271.05824		-22.25824
18		123.4		270.05824		-23.25824
19		122.4		269.05824		-24.25824
20		121.4		268.05824		-25.25824
21		150.6		337.3004		-36.1004
22		159.8		338.04859		-18.44859
23		209.2		434.96306		-16.56306
24		218.4		436.77729		0.02271
25		247.6		518.11329		-22.91329
26		246.6		517.11329		-23.91329
27		255.8		528.18458		-16.58458
28		275.0		548.09559		1.90441
29		274.0		547.09559		0.90441
30		303.2		628.05406		-21.65406
31		332.6		661.79635		3.40365
32		341.8		658.64343		24.95657
33		340.8		657.64343		23.95657
34		339.8		656.64343		22.95657
35		338.8		655.64343		21.95657
36		337.8		654.64343		20.95657
37		336.8		653.64343		19.95657
38		335.8		652.64343		18.95657
39		345.0		650.35488		39.64512
40		384.4		744.46477		24.33523
41		383.4		743.46477		23.33523
42		382.4		742.46477		22.33523
43		401.8		751.51211		52.08789
44		400.8		750.51211		51.08789
45		410.0		750.26872		69.73128
46		409.0		749.26872		68.73128
47		408.0		748.26872		67.73128
48		407.0		747.26872		66.73128
49		406.0		746.26872		65.73128
50		405.0		745.26872		64.73128
51		404.0		744.26872		63.73128
52		423.2		747.75409		98.64591
53		422.2		746.75409		97.64591
54		461.6		841.77396		81.42604
55		460.6		840.77396		80.42604
56		459.6		839.77396		79.42604
57		468.8		838.2739		99.3261
58		467.8		837.2739		98.3261
59		466.8		836.2739		97.3261
60		476.0		835.61368		116.38632
61		475.0		834.61368		115.38632
62		474.0		833.61368		114.38632
63		503.2		919.80408		86.59592
64		502.2		918.80408		85.59592
65		531.6		924.35264		138.84736
66		530.6		923.35264		137.84736
67		529.6		922.35264		136.84736
68		528.6		921.35264		135.84736
69		527.6		920.35264		134.84736
70		526.6		919.35264		133.84736
71		555.8		950.07219		161.52781
72		554.8		949.07219		160.52781
73		584.0		1034.91418		133.08582
74		633.4		1076.32555		190.47445
75		632.4		1075.32555		189.47445
76		631.4		1074.32555		188.47445
77		630.4		1073.32555		187.47445
78		659.6		1157.90537		161.29463
79		658.6		1156.90537		160.29463
80		667.8		1160.70908		174.89092
81		666.8		1159.70908		173.89092
82		665.8		1158.70908		172.89092
83		664.8		1157.70908		171.89092
84		684.0		1168.58518		199.41482
85		683.0		1167.58518		198.41482
86		682.0		1166.58518		197.41482
87		681.0		1165.58518		196.41482
88		690.2		1167.54072		212.85928
89		699.4		1167.03045		231.76955
90		698.4		1166.03045		230.76955
91		697.4		1165.03045		229.76955
92		706.6		1165.22255		247.97745
93		735.8		1185.70017		285.89983
94		734.8		1184.70017		284.89983
95		744.0		1195.02328		292.97672
96		743.0		1194.02328		291.97672
97		742.0		1193.02328		290.97672
98		741.0		1192.02328		289.97672
99		740.0		1191.02328		288.97672
100		769.2		1228.8718		309.5282
101		788.4		1244.94993		331.85007
102		787.4		1243.94993		330.85007
103		796.6		1242.77736		350.42264
104		805.8		1242.21879		369.38121
105		804.8		1241.21879		368.38121
106		803.8		1240.21879		367.38121
107		802.8		1239.21879		366.38121
108		812.0		1247.7077		376.2923
109		811.0		1246.7077		375.2923
110		810.0		1245.7077		374.2923
111		809.0		1244.7077		373.2923
112		828.2		1246.32505		410.07495
113		827.2		1245.32505		409.07495
114		856.4		1327.5826		385.2174
115		885.6		1366.30057		404.89943
116		884.6		1365.30057		403.89943
117		883.6		1364.30057		402.89943
118		892.8		1365.55846		420.04154
119		891.8		1364.55846		419.04154
120		890.8		1363.55846		418.04154
121		900.0		1361.19497		438.80503
122		899.0		1360.19497		437.80503
123		898.0		1359.19497		436.80503
124		897.0		1358.19497		435.80503
125		896.0		1357.19497		434.80503
126		915.2		1362.13239		468.26761
127		914.2		1361.13239		467.26761
128		913.2		1360.13239		466.26761
129		912.2		1359.13239		465.26761
130		951.6		1382.38561		520.81439
131		950.6		1381.38561		519.81439
132		949.6		1380.38561		518.81439
133		948.6		1379.38561		517.81439
134		947.6		1378.38561		516.81439
135		946.6		1377.38561		515.81439
136		955.8		1373.37941		538.22059
137		954.8		1372.37941		537.22059
138		984.0		1454.65996		513.34004
139		983.0		1453.65996		512.34004
140		1002.2		1478.38123		526.01877
141		1001.2		1477.38123		525.01877
142		1010.4		1480.9833		539.8167
143		1009.4		1479.9833		538.8167
144		1008.4		1478.9833		537.8167
145		1007.4		1477.9833		536.8167
146		1057.0		1578.36475		535.63525
147		1086.4		1589.03768		583.76232
148		1085.4		1588.03768		582.76232
149		1084.4		1587.03768		581.76232
150		1083.4		1586.03768		580.76232
151		1092.6		1582.93156		602.26844
152		1091.6		1581.93156		601.26844
153		1090.6		1580.93156		600.26844
154		1089.6		1579.93156		599.26844
155		1088.6		1578.93156		598.26844
156		1087.6		1577.93156		597.26844
157		1086.6		1576.93156		596.26844
158		1085.6		1575.93156		595.26844
159		1084.6		1574.93156		594.26844
160		1083.6		1573.93156		593.26844
161		1113.0		1577.75929		648.24071
162		1112.0		1576.75929		647.24071
163		1111.0		1575.75929		646.24071
164		1110.0		1574.75929		645.24071
165		1109.0		1573.75929		644.24071
166		1128.2		1598.54983		657.85017
167		1127.2		1597.54983		656.85017
168		1126.2		1596.54983		655.85017
169		1125.2		1595.54983		654.85017
170		1124.2		1594.54983		653.85017
171		1123.2		1593.54983		652.85017
172		1132.4		1591.60566		673.19434
173		1131.4		1590.60566		672.19434
174		1130.4		1589.60566		671.19434
175		1129.4		1588.60566		670.19434
176		1128.4		1587.60566		669.19434
177		1147.6		1615.52076		679.67924
178		1146.6		1614.52076		678.67924
179		1165.8		1628.45901		703.14099
180		1164.8		1627.45901		702.14099
181		1163.8		1626.45901		701.14099
182		1203.2		1648.00665		758.39335
183		1202.2		1647.00665		757.39335
184		1201.2		1646.00665		756.39335
185		1200.2		1645.00665		755.39335
186		1199.2		1644.00665		754.39335
187		1198.2		1643.00665		753.39335
188		1197.2		1642.00665		752.39335
189		1196.2		1641.00665		751.39335
190		1245.8		1687.10461		804.49539
191		1244.8		1686.10461		803.49539
192		1243.8		1685.10461		802.49539
193		1263.0		1707.52447		818.47553
194		1262.0		1706.52447		817.47553
195		1261.0		1705.52447		816.47553
196		1280.2		1731.55192		828.84808
197		1289.4		1727.26692		851.53308
198		1288.4		1726.26692		850.53308
199		1297.6		1722.53369		872.66631
200		1296.6		1721.53369		871.66631
201		1325.8		1723.47846		928.12154
202		1324.8		1722.47846		927.12154
203		1384.2		1808.83509		959.56491
204		1383.2		1807.83509		958.56491
205		1402.4		1832.6681		972.1319
206		1401.4		1831.6681		971.1319
207		1410.6		1842.78403		978.41597
208		1429.8		1870.76594		988.83406
209		1428.8		1869.76594		987.83406
210		1427.8		1868.76594		986.83406
211		1426.8		1867.76594		985.83406
212		1425.8		1866.76594		984.83406
213		1424.8		1865.76594		983.83406
214		1423.8		1864.76594		982.83406
215		1422.8		1863.76594		981.83406
216		1421.8		1862.76594		980.83406
217		1420.8		1861.76594		979.83406
218		1419.8		1860.76594		978.83406
219		1449.0		1909.43805		988.56195
220		1448.0		1908.43805		987.56195
221		1447.0		1907.43805		986.56195
222		1446.0		1906.43805		985.56195
223		1455.2		1900.3743		1010.0257
224		1454.2		1899.3743		1009.0257
225		1483.4		1970.50475		996.29525
226		1482.4		1969.50475		995.29525
227		1531.8		2076.42699		987.17301
228		1551.0		2095.64924		1006.35076
229		1550.0		2094.64924		1005.35076
230		1549.0		2093.64924		1004.35076
231		1568.2		2098.88838		1037.51162
232		1567.2		2097.88838		1036.51162
233		1586.4		2105.90153		1066.89847
234		1595.6		2099.59468		1091.60532
235		1594.6		2098.59468		1090.60532
236		1613.8		2130.88313		1096.71687
237		1612.8		2129.88313		1095.71687
238		1611.8		2128.88313		1094.71687
239		1610.8		2127.88313		1093.71687
240		1640.0		2200.66211		1079.33789
241		1639.0		2199.66211		1078.33789
242		1638.0		2198.66211		1077.33789
243		1637.0		2197.66211		1076.33789
244		1636.0		2196.66211		1075.33789
245		1655.2		2206.02643		1104.37357
246		1654.2		2205.02643		1103.37357
247		1673.4		2194.53591		1152.26409
248		1672.4		2193.53591		1151.26409
249		1671.4		2192.53591		1150.26409
250		1670.4		2191.53591		1149.26409
