step	mediator-max-opt_cov_err_sq_T_mean	mediator-max-opt_cov_err_sq_T_std_up	mediator-max-opt_cov_err_sq_T_std_down
1		15.285		16.2648		14.3052
2		14.465		14.87194		14.05806
3		14.085		14.88998		13.28002
4		13.405		13.87997		12.93003
5		13.28722		13.52784		13.04661
6		13.17833		13.40051		12.95616
7		13.17222		13.40383		12.94062
8		13.258		13.51784		12.99816
9		13.205		13.42771		12.98229
10		13.19611		13.43192		12.9603
11		13.16323		13.40012		12.92635
12		13.17702		13.39606		12.95798
13		13.17513		13.38365		12.96661
14		13.16303		13.38363		12.94243
15		13.15401		13.37893		12.92909
16		13.14611		13.37949		12.91273
17		13.1414		13.37777		12.90502
18		13.13611		13.37838		12.89383
19		13.14242		13.37603		12.90881
20		13.13522		13.37758		12.89286
21		13.13945		13.38482		12.89409
22		13.14738		13.39123		12.90354
23		13.16117		13.40259		12.91975
24		13.16548		13.42333		12.90762
25		13.17132		13.43568		12.90697
26		13.16053		13.4246		12.89646
27		13.14943		13.40493		12.89393
28		13.14168		13.39714		12.88623
29		13.14091		13.39584		12.88597
30		13.15178		13.40847		12.8951
31		13.144		13.39904		12.88896
32		13.13884		13.39068		12.88699
33		13.13311		13.38406		12.88215
34		13.13295		13.38411		12.8818
35		13.12846		13.37913		12.87778
36		13.12841		13.37915		12.87768
37		13.12489		13.37542		12.87435
38		13.12492		13.37541		12.87444
39		13.13245		13.38342		12.88149
40		13.12853		13.37893		12.87813
41		13.12593		13.37433		12.87753
42		13.12302		13.37113		12.87492
43		13.12316		13.37137		12.87496
44		13.12592		13.37872		12.87313
45		13.12407		13.37504		12.87311
46		13.12185		13.37255		12.87114
47		13.12051		13.36986		12.87116
48		13.12291		13.36941		12.87641
49		13.11999		13.36601		12.87397
50		13.12039		13.36625		12.87452
51		13.11834		13.36417		12.87252
52		13.11745		13.36439		12.87051
53		13.1159		13.36272		12.86909
54		13.1159		13.36272		12.86909
55		13.11469		13.36141		12.86797
56		13.11469		13.36141		12.86797
57		13.11604		13.36594		12.86613
58		13.11508		13.36402		12.86613
59		13.11492		13.36462		12.86521
60		13.11411		13.36295		12.86526
61		13.11405		13.36358		12.86451
62		13.11316		13.36218		12.86414
63		13.11328		13.36238		12.86418
64		13.11327		13.36096		12.86558
65		13.113		13.3615		12.8645
66		13.11242		13.36044		12.86441
67		13.11224		13.36095		12.86353
68		13.11176		13.36007		12.86346
69		13.11089		13.35731		12.86446
70		13.11041		13.35699		12.86383
71		13.11028		13.35702		12.86354
72		13.11134		13.35944		12.86324
73		13.11073		13.35853		12.86294
74		13.11073		13.35891		12.86255
75		13.11073		13.35803		12.86344
76		13.11018		13.35599		12.86438
77		13.11084		13.35542		12.86627
78		13.11038		13.35552		12.86524
79		13.11024		13.35525		12.86522
80		13.10984		13.35534		12.86434
81		13.10963		13.35496		12.86431
82		13.11041		13.35478		12.86604
83		13.10902		13.35294		12.86511
84		13.10949		13.35309		12.8659
85		13.11008		13.35252		12.86764
86		13.10984		13.35286		12.86683
87		13.10955		13.35253		12.86657
88		13.10937		13.35289		12.86585
89		13.10913		13.35261		12.86564
90		13.1089		13.35281		12.86498
91		13.10939		13.35384		12.86495
92		13.10905		13.35377		12.86433
93		13.10934		13.35371		12.86496
94		13.10949		13.35358		12.8654
95		13.10935		13.35365		12.86506
96		13.10903		13.35349		12.86456
97		13.10881		13.35337		12.86425
98		13.10946		13.35323		12.86569
99		13.10906		13.35323		12.86488
100		13.10906		13.35323		12.86488
101		13.10925		13.35316		12.86533
102		13.10979		13.35304		12.86654
103		13.11095		13.35423		12.86767
104		13.1105		13.35393		12.86708
105		13.10981		13.35303		12.8666
106		13.1095		13.35292		12.86608
107		13.10941		13.35307		12.86574
108		13.10985		13.3543		12.86541
109		13.11013		13.35511		12.86516
110		13.11071		13.35655		12.86487
111		13.11088		13.3559		12.86585
112		13.11137		13.356		12.86674
113		13.1109		13.35556		12.86624
114		13.11027		13.35473		12.86582
115		13.10993		13.35448		12.86538
116		13.1098		13.35451		12.86508
117		13.11035		13.35589		12.86482
118		13.10996		13.35541		12.86451
119		13.10989		13.3556		12.86418
120		13.10954		13.35516		12.86391
121		13.10949		13.35535		12.86362
122		13.10963		13.35486		12.86439
123		13.10946		13.35508		12.86385
124		13.10927		13.35472		12.86382
125		13.10913		13.35493		12.86333
126		13.10896		13.35462		12.8633
127		13.10885		13.35483		12.86287
128		13.10935		13.35575		12.86295
129		13.10989		13.3571		12.86267
130		13.11057		13.35836		12.86277
131		13.11163		13.35984		12.86342
132		13.1123		13.36132		12.86328
133		13.11235		13.36079		12.8639
134		13.11215		13.36084		12.86347
135		13.11194		13.36043		12.86345
136		13.11176		13.36047		12.86306
137		13.1115		13.35998		12.86302
138		13.11135		13.36002		12.86268
139		13.11115		13.35965		12.86266
140		13.11137		13.35962		12.86312
141		13.11206		13.36109		12.86303
142		13.11171		13.36057		12.86286
143		13.11212		13.36067		12.86358
144		13.11169		13.3602		12.86318
145		13.11179		13.36038		12.8632
146		13.11133		13.35984		12.86283
147		13.11143		13.36001		12.86285
148		13.11195		13.36124		12.86265
149		13.11273		13.36269		12.86277
150		13.11289		13.36202		12.86376
151		13.11284		13.36224		12.86343
152		13.11255		13.36171		12.86339
153		13.11248		13.36187		12.86309
154		13.11314		13.36311		12.86318
155		13.11321		13.36266		12.86376
156		13.1131		13.36269		12.86352
157		13.11288		13.36233		12.86342
158		13.11323		13.36227		12.86419
159		13.1129		13.36197		12.86383
160		13.11291		13.36199		12.86383
161		13.11349		13.36335		12.86364
162		13.11323		13.36285		12.8636
163		13.11319		13.36305		12.86334
164		13.11384		13.36425		12.86343
165		13.11448		13.36567		12.86329
166		13.11419		13.36513		12.86326
167		13.11427		13.36529		12.86324
168		13.11388		13.36464		12.86313
169		13.11426		13.36474		12.86379
170		13.11386		13.36424		12.86348
171		13.11395		13.3644		12.8635
172		13.11361		13.364		12.86322
173		13.11368		13.36413		12.86323
174		13.11371		13.3636		12.86383
175		13.11378		13.36392		12.86363
176		13.11358		13.36341		12.86374
177		13.11396		13.36351		12.86441
178		13.11406		13.36297		12.86515
179		13.114		13.36316		12.86484
180		13.11376		13.36272		12.8648
181		13.1142		13.3628		12.8656
182		13.11384		13.36242		12.86526
183		13.11315		13.36119		12.86512
184		13.1136		13.36228		12.86492
185		13.11337		13.36188		12.86487
186		13.11265		13.36081		12.86449
187		13.11252		13.36057		12.86446
188		13.11239		13.36058		12.8642
189		13.11227		13.36036		12.86418
190		13.11216		13.36038		12.86394
191		13.11205		13.36018		12.86392
192		13.11238		13.36011		12.86464
193		13.1128		13.36113		12.86448
194		13.11261		13.36078		12.86445
195		13.11258		13.36094		12.86423
196		13.1124		13.3606		12.8642
197		13.11242		13.36083		12.86401
198		13.11286		13.36165		12.86408
199		13.11333		13.36269		12.86397
200		13.11311		13.36228		12.86393
201		13.11349		13.36235		12.86464
202		13.11318		13.36199		12.86437
203		13.11321		13.36214		12.86429
204		13.11291		13.3618		12.86403
205		13.1124		13.36078		12.86402
206		13.11222		13.36067		12.86377
207		13.11221		13.36064		12.86377
208		13.11238		13.36039		12.86436
209		13.11234		13.36053		12.86415
210		13.11237		13.3606		12.86413
211		13.11213		13.36036		12.8639
212		13.11212		13.36036		12.86388
213		13.11227		13.36005		12.8645
214		13.11217		13.36007		12.86426
215		13.11204		13.35984		12.86424
216		13.11234		13.35978		12.8649
217		13.1116		13.35865		12.86455
218		13.11167		13.35877		12.86456
219		13.1115		13.35867		12.86433
220		13.11154		13.35874		12.86434
221		13.11182		13.35947		12.86418
222		13.11171		13.35924		12.86417
223		13.11161		13.35926		12.86396
224		13.11151		13.35906		12.86396
225		13.11142		13.35908		12.86376
226		13.11196		13.36006		12.86387
227		13.11169		13.35974		12.86365
228		13.11173		13.35986		12.8636
229		13.11162		13.3598		12.86343
230		13.11116		13.35898		12.86335
231		13.111		13.35884		12.86317
232		13.11097		13.35878		12.86317
233		13.11112		13.35858		12.86366
234		13.11101		13.35854		12.86347
235		13.11142		13.35931		12.86354
236		13.11117		13.35901		12.86334
237		13.11123		13.35912		12.86335
238		13.11113		13.35907		12.86319
239		13.11115		13.35912		12.86319
240		13.11126		13.35882		12.86369
241		13.11076		13.35808		12.86344
242		13.11069		13.35795		12.86344
243		13.11073		13.35817		12.86329
244		13.11023		13.35725		12.86322
245		13.10985		13.35671		12.863
246		13.10944		13.35594		12.86295
247		13.10942		13.35604		12.8628
248		13.10925		13.35578		12.86271
249		13.10923		13.35587		12.86258
250		13.10951		13.35638		12.86263
