step	mediator-max-opt_cov_err_sq_T_mean	mediator-max-opt_cov_err_sq_T_std_up	mediator-max-opt_cov_err_sq_T_std_down
1		15.285		16.2648		14.3052
2		14.225		14.66591		13.78409
3		13.905		14.84606		12.96394
4		13.585		14.51236		12.65764
5		13.41611		14.02117		12.81105
6		13.24722		13.5872		12.90724
7		13.19		13.47302		12.90698
8		13.19		13.47302		12.90698
9		13.17		13.40431		12.93569
10		13.16011		13.40504		12.91518
11		13.15122		13.38851		12.91393
12		13.16545		13.38597		12.94494
13		13.13708		13.35068		12.92347
14		13.14043		13.35675		12.92412
15		13.13142		13.35121		12.91162
16		13.13111		13.35065		12.91157
17		13.12559		13.34734		12.90384
18		13.12559		13.34734		12.90384
19		13.12312		13.34696		12.89927
20		13.12312		13.34696		12.89927
21		13.12438		13.35172		12.89704
22		13.12326		13.34968		12.89685
23		13.12327		13.35104		12.89549
24		13.12691		13.35776		12.89605
25		13.12572		13.35618		12.89527
26		13.11578		13.35722		12.87435
27		13.116		13.35667		12.87534
28		13.116		13.35667		12.87534
29		13.11673		13.35687		12.87658
30		13.11673		13.35687		12.87658
31		13.10809		13.35055		12.86564
32		13.10888		13.35103		12.86672
33		13.11102		13.3545		12.86754
34		13.11486		13.3607		12.86902
35		13.11876		13.36756		12.86995
36		13.12315		13.37526		12.87104
37		13.12101		13.37042		12.8716
38		13.12071		13.3691		12.87232
39		13.11912		13.36532		12.87292
40		13.11951		13.36524		12.87378
41		13.11855		13.36266		12.87444
42		13.11874		13.36228		12.87521
43		13.12233		13.36848		12.87617
44		13.12089		13.36496		12.87682
45		13.12096		13.36446		12.87747
46		13.12109		13.3638		12.87837
47		13.12087		13.3628		12.87895
48		13.11998		13.36043		12.87952
49		13.11992		13.35971		12.88012
50		13.11919		13.35771		12.88066
51		13.11925		13.35723		12.88128
52		13.11867		13.35554		12.8818
53		13.1195		13.35643		12.88256
54		13.11879		13.35458		12.883
55		13.11905		13.35447		12.88363
56		13.1185		13.35295		12.88406
57		13.11879		13.35291		12.88468
58		13.11527		13.35231		12.87824
59		13.11584		13.35227		12.87941
60		13.11532		13.35131		12.87933
61		13.1159		13.35133		12.88047
62		13.11548		13.35057		12.8804
63		13.11378		13.35116		12.87641
64		13.11511		13.35313		12.8771
65		13.11501		13.35245		12.87757
66		13.11525		13.35241		12.87808
67		13.11522		13.35188		12.87855
68		13.11547		13.35189		12.87905
69		13.11639		13.35315		12.87963
70		13.11802		13.35572		12.88032
71		13.11767		13.35463		12.88071
72		13.11786		13.35454		12.88118
73		13.11781		13.354		12.88161
74		13.118		13.35392		12.88208
75		13.11776		13.35307		12.88245
76		13.11765		13.35246		12.88284
77		13.11748		13.35176		12.88321
78		13.11763		13.35163		12.88364
79		13.11667		13.35408		12.87926
80		13.1166		13.35314		12.88005
81		13.11665		13.35324		12.88006
82		13.11683		13.35279		12.88088
83		13.11682		13.35277		12.88087
84		13.11507		13.35247		12.87767
85		13.11362		13.35233		12.8749
86		13.11367		13.35174		12.87561
87		13.11364		13.35167		12.8756
88		13.11486		13.35324		12.87647
89		13.11473		13.35299		12.87646
90		13.11324		13.35321		12.87327
91		13.11311		13.35262		12.8736
92		13.11349		13.353		12.87399
93		13.11246		13.3537		12.87123
94		13.11259		13.3533		12.87188
95		13.11237		13.35289		12.87184
96		13.11252		13.35254		12.8725
97		13.11233		13.3522		12.87246
98		13.11134		13.35215		12.87054
99		13.11044		13.35205		12.86884
100		13.11059		13.35178		12.8694
101		13.11123		13.35295		12.86951
102		13.11103		13.35341		12.86864
103		13.11128		13.35458		12.86797
104		13.11086		13.35387		12.86785
105		13.11094		13.35397		12.86792
106		13.11073		13.3533		12.86817
107		13.11083		13.35341		12.86825
108		13.11065		13.35281		12.8685
109		13.11076		13.35292		12.8686
110		13.11126		13.35356		12.86897
111		13.1112		13.35335		12.86905
112		13.10999		13.35333		12.86665
113		13.11008		13.35313		12.86703
114		13.1105		13.35389		12.86711
115		13.11047		13.35346		12.86748
116		13.11047		13.35346		12.86748
117		13.11168		13.35529		12.86808
118		13.11134		13.35467		12.86801
119		13.11161		13.35478		12.86845
120		13.1113		13.35422		12.86839
121		13.11111		13.35348		12.86874
122		13.11152		13.35422		12.86881
123		13.11153		13.35386		12.86921
124		13.11148		13.35375		12.8692
125		13.11115		13.35351		12.86878
126		13.11115		13.35342		12.86888
127		13.11113		13.35314		12.86912
128		13.11164		13.35394		12.86933
129		13.11043		13.35364		12.86722
130		13.11041		13.35381		12.86701
131		13.11075		13.35435		12.86715
132		13.10989		13.35438		12.8654
133		13.10993		13.35415		12.86571
134		13.10987		13.35404		12.8657
135		13.10973		13.35388		12.86558
136		13.10971		13.35379		12.86563
137		13.10973		13.35362		12.86584
138		13.10972		13.35355		12.8659
139		13.10975		13.35339		12.86611
140		13.11024		13.35421		12.86627
141		13.10936		13.35398		12.86473
142		13.10957		13.35411		12.86504
143		13.10939		13.35378		12.865
144		13.10961		13.35391		12.86532
145		13.10945		13.35361		12.86528
146		13.10948		13.35379		12.86518
147		13.10936		13.35352		12.86521
148		13.10899		13.35265		12.86534
149		13.10897		13.35254		12.86539
150		13.10906		13.35252		12.8656
151		13.10867		13.352		12.86533
152		13.10841		13.35138		12.86544
153		13.10838		13.35134		12.86543
154		13.10843		13.35123		12.86562
155		13.10874		13.3518		12.86568
156		13.10871		13.35155		12.86586
157		13.10877		13.35165		12.86589
158		13.10875		13.35142		12.86607
159		13.10851		13.35099		12.86603
160		13.10871		13.35118		12.86623
161		13.10866		13.3511		12.86623
162		13.10878		13.35103		12.86653
163		13.10872		13.35096		12.86648
164		13.10856		13.3505		12.86663
165		13.10855		13.3505		12.8666
166		13.10859		13.35038		12.86679
167		13.10842		13.3501		12.86674
168		13.10766		13.35003		12.86529
169		13.10771		13.34997		12.86546
170		13.10767		13.34988		12.86545
171		13.10786		13.35007		12.86565
172		13.10779		13.34993		12.86564
173		13.10787		13.34991		12.86583
174		13.10781		13.3498		12.86582
175		13.10791		13.34978		12.86603
176		13.10792		13.34967		12.86617
177		13.10798		13.34966		12.8663
178		13.10795		13.3496		12.8663
179		13.10801		13.34958		12.86643
180		13.10798		13.34954		12.86643
181		13.10748		13.34963		12.86534
182		13.10699		13.34983		12.86416
183		13.10704		13.34976		12.86431
184		13.107		13.34975		12.86426
185		13.10705		13.3497		12.86441
186		13.10703		13.34969		12.86437
187		13.10709		13.34965		12.86452
188		13.10706		13.34964		12.86449
189		13.10713		13.34962		12.86464
190		13.10712		13.34962		12.86461
191		13.10719		13.3496		12.86477
192		13.10728		13.34963		12.86493
193		13.1074		13.34975		12.86505
194		13.10751		13.34994		12.86507
195		13.10765		13.34986		12.86544
196		13.10762		13.34987		12.86537
197		13.10768		13.34982		12.86553
198		13.1078		13.34979		12.8658
199		13.10728		13.34989		12.86466
200		13.10734		13.34987		12.86481
201		13.10746		13.35016		12.86476
202		13.10718		13.3505		12.86386
203		13.10719		13.35046		12.86392
204		13.10718		13.35044		12.86392
205		13.1072		13.35041		12.864
206		13.1072		13.3504		12.864
207		13.10742		13.35073		12.86411
208		13.10737		13.35064		12.8641
209		13.10744		13.35068		12.8642
210		13.1074		13.3506		12.86419
211		13.10747		13.35065		12.8643
212		13.10743		13.35057		12.86429
213		13.10751		13.35062		12.8644
214		13.10748		13.35056		12.86439
215		13.10756		13.35061		12.86451
216		13.10752		13.35053		12.8645
217		13.1076		13.35058		12.86462
218		13.10774		13.35083		12.86465
219		13.1076		13.35047		12.86473
220		13.10749		13.35026		12.86471
221		13.10772		13.35058		12.86487
222		13.10768		13.35049		12.86486
223		13.10776		13.35052		12.865
224		13.10796		13.35089		12.86504
225		13.108		13.35079		12.86522
226		13.10806		13.35077		12.86535
227		13.10759		13.3508		12.86439
228		13.10765		13.35079		12.86452
229		13.10748		13.3505		12.86446
230		13.10747		13.35037		12.86457
231		13.1075		13.35028		12.86472
232		13.10754		13.35028		12.8648
233		13.10751		13.35022		12.8648
234		13.10711		13.3503		12.86392
235		13.10676		13.35033		12.86319
236		13.10655		13.35037		12.86272
237		13.10643		13.35072		12.86214
238		13.10643		13.35063		12.86223
239		13.10647		13.3505		12.86243
240		13.10665		13.3508		12.86249
241		13.1066		13.35072		12.86248
242		13.10663		13.35074		12.86252
243		13.10658		13.35064		12.86251
244		13.10661		13.35066		12.86256
245		13.10677		13.35095		12.86258
246		13.10692		13.3512		12.86265
247		13.10714		13.35159		12.86269
248		13.10711		13.35206		12.86216
249		13.10704		13.35185		12.86223
250		13.10703		13.35187		12.86219
