step	mediator-max-opt_cum_inst_loss_mean	mediator-max-opt_cum_inst_loss_std_up	mediator-max-opt_cum_inst_loss_std_down
1		6.40899		118.14335		-105.32537
2		-40.52891		188.82055		-269.87838
3		-99.16098		253.99387		-452.31583
4		-170.10269		313.37361		-653.57899
5		-197.10694		390.51839		-784.73226
6		-231.06671		469.10213		-931.23554
7		-276.03758		546.03518		-1098.11034
8		-332.59909		620.13887		-1285.33704
9		-344.46628		697.99666		-1386.92922
10		-334.04482		797.28813		-1465.37777
11		-330.45386		895.46403		-1556.37175
12		-335.89764		990.76921		-1662.5645
13		-350.85168		1082.90339		-1784.60676
14		-347.36904		1150.41746		-1845.15554
15		-351.08209		1212.38738		-1914.55156
16		-327.31933		1261.20668		-1915.84535
17		-307.84015		1307.08019		-1922.7605
18		-296.55949		1348.89013		-1942.00911
19		-293.90886		1386.5529		-1974.37063
20		-300.34247		1419.96581		-2020.65075
21		-316.33843		1449.00328		-2081.68014
22		-325.50505		1486.96938		-2137.97948
23		-340.68837		1523.02895		-2204.40569
24		-365.89456		1554.1044		-2285.89352
25		-401.65113		1579.96487		-2383.26713
26		-448.51337		1600.3546		-2497.38135
27		-488.6183		1629.87676		-2607.11337
28		-538.21302		1654.49727		-2730.92331
29		-591.19423		1676.51029		-2858.89875
30		-635.89544		1707.05904		-2978.84992
31		-690.32834		1732.46194		-3113.11862
32		-756.84987		1750.9747		-3264.67444
33		-809.20131		1778.81849		-3397.2211
34		-851.39483		1810.51675		-3513.30642
35		-884.74058		1855.90421		-3625.38538
36		-927.22037		1900.56655		-3755.00728
37		-981.15967		1942.76912		-3905.08846
38		-1047.16163		1982.39275		-4076.71602
39		-1088.96615		2033.20827		-4211.14056
40		-1138.50515		2081.02578		-4358.03608
41		-1171.42772		2137.79605		-4480.65149
42		-1213.46205		2191.70111		-4618.62522
43		-1266.93246		2241.77995		-4775.64488
44		-1275.54588		2308.80408		-4859.89583
45		-1290.14687		2374.3227		-4954.61644
46		-1306.29259		2459.77648		-5072.36167
47		-1330.66709		2548.06368		-5209.39786
48		-1365.54819		2634.35657		-5365.45296
49		-1384.59391		2718.15093		-5487.33876
50		-1410.17629		2798.87341		-5619.22599
51		-1427.88136		2874.30304		-5730.06576
52		-1435.44978		2947.30263		-5818.20219
53		-1450.79554		3015.92239		-5917.51346
54		-1449.27773		3102.98081		-6001.53628
55		-1434.7668		3188.20264		-6057.73624
56		-1426.87113		3268.6127		-6122.35497
57		-1427.78365		3344.21893		-6199.78623
58		-1409.52044		3439.10198		-6258.14286
59		-1389.22753		3547.0007		-6325.45575
60		-1356.79807		3652.57123		-6366.16736
61		-1330.04079		3755.45365		-6415.53523
62		-1311.09898		3855.91583		-6478.11379
63		-1271.93649		3954.51414		-6498.38712
64		-1238.0918		4050.18078		-6526.36439
65		-1193.24208		4138.59555		-6525.07971
66		-1144.96335		4243.04805		-6532.97475
67		-1101.52263		4348.77446		-6551.81972
68		-1065.0193		4451.43912		-6581.47772
69		-978.92351		4544.12924		-6501.97626
70		-893.83061		4632.22279		-6419.88401
71		-813.48288		4715.92204		-6342.88781
72		-738.13007		4795.01618		-6271.27631
73		-668.03506		4869.2854		-6205.35552
74		-603.47459		4938.50065		-6145.44982
75		-536.29245		5017.54855		-6090.13345
76		-472.9534		5095.28334		-6041.19015
77		-415.50447		5168.39043		-5999.39937
78		-345.80816		5278.68853		-5970.30486
79		-279.82263		5389.92708		-5949.57234
80		-219.58791		5497.94563		-5937.12145
81		-165.40669		5602.5867		-5933.40008
82		-117.59757		5703.68527		-5938.88042
83		-76.49593		5801.06845		-5954.06031
84		-42.45478		5894.55501		-5979.46458
85		-7.39826		5994.54078		-6009.33729
86		22.12436		6093.35391		-6049.1052
87		43.97704		6188.67908		-6100.72499
88		114.65111		6270.61985		-6041.31763
89		183.51061		6347.28644		-5980.26521
90		246.77056		6419.05002		-5925.5089
91		304.13623		6485.68209		-5877.40962
92		363.74489		6562.63888		-5835.1491
93		446.00684		6651.09112		-5759.07745
94		535.5116		6738.04413		-5667.02094
95		630.79563		6838.42466		-5576.8334
96		723.71561		6938.91906		-5491.48784
97		812.30237		7035.60519		-5411.00044
98		896.32786		7128.29572		-5335.64001
99		975.55199		7216.79477		-5265.6908
100		1049.72206		7300.8976		-5201.45347
101		1118.57209		7380.39025		-5143.24608
102		1181.82205		7455.04924		-5091.40514
103		1247.6247		7542.28164		-5047.03224
104		1309.51166		7628.89505		-5009.87174
105		1365.43208		7711.01103		-4980.14688
106		1415.07193		7788.40869		-4958.26483
107		1458.10066		7860.8569		-4944.65557
108		1502.61781		7945.67965		-4940.44403
109		1542.09897		8029.80681		-4945.60887
110		1574.43434		8109.38408		-4960.51539
111		1617.69532		8180.31465		-4944.924
112		1655.8542		8245.4269		-4933.7185
113		1686.79769		8304.79683		-4931.20144
114		1728.59354		8392.42005		-4935.23298
115		1765.21017		8478.92176		-4948.50143
116		1802.97773		8559.31551		-4953.36005
117		1835.35407		8634.54083		-4963.8327
118		1860.21067		8704.6753		-4984.25395
119		1877.15178		8769.46595		-5015.16239
120		1885.76078		8828.64758		-5057.12602
121		1885.59914		8881.94217		-5110.74389
122		1876.20525		8929.05826		-5176.64776
123		1857.0932		8969.69025		-5255.50385
124		1856.199		8995.98014		-5283.58214
125		1856.32622		9013.04093		-5300.38849
126		1867.52864		9059.73071		-5324.67343
127		1871.94166		9103.73678		-5359.85346
128		1895.81069		9180.05069		-5388.42931
129		1913.55699		9253.72073		-5426.60676
130		1931.46105		9319.87568		-5456.95358
131		1942.92843		9379.85046		-5493.9936
132		1945.77562		9433.8052		-5542.25397
133		1939.54891		9481.42708		-5602.32926
134		1923.77073		9522.38711		-5674.84564
135		1916.38587		9553.86886		-5721.09711
136		1901.23334		9577.61452		-5775.14783
137		1904.50705		9586.12473		-5777.11062
138		1900.57407		9585.50269		-5784.35455
139		1887.21034		9575.75781		-5801.33713
140		1872.36701		9568.2492		-5823.51519
141		1877.81093		9607.83063		-5852.20876
142		1894.60988		9641.09212		-5851.87236
143		1904.91398		9666.73638		-5856.90842
144		1924.98415		9680.4761		-5830.50781
145		1938.73164		9685.61472		-5808.15143
146		1943.97895		9682.16103		-5794.20313
147		1940.27869		9669.70317		-5789.1458
148		1927.15993		9647.81209		-5793.49224
149		1922.57445		9653.61234		-5808.46344
150		1928.81613		9650.86434		-5793.23208
151		1928.00732		9638.60978		-5782.59515
152		1926.37968		9615.31475		-5762.55539
153		1944.18236		9629.76566		-5741.40093
154		1957.38778		9642.57064		-5727.79508
155		1980.51197		9684.97101		-5723.94708
156		2015.92171		9720.69069		-5688.84728
157		2045.81612		9749.35521		-5657.72297
158		2068.06018		9771.07856		-5634.9582
159		2100.69873		9808.46325		-5607.0658
160		2146.12359		9878.74199		-5586.49482
161		2195.00772		9946.6575		-5556.64207
162		2247.53319		10026.77749		-5531.71111
163		2303.89166		10105.61399		-5497.83067
164		2384.28485		10173.98468		-5405.41498
165		2479.97776		10258.48768		-5298.53216
166		2573.32814		10340.81393		-5194.15764
167		2662.36796		10418.76809		-5094.03218
168		2746.87033		10492.17857		-4998.4379
169		2845.04395		10580.78766		-4890.69976
170		2941.0056		10667.00516		-4784.99396
171		3051.24161		10768.49455		-4666.01133
172		3159.90052		10868.13355		-4548.33251
173		3265.05458		10963.84527		-4433.73612
174		3366.51931		11055.42889		-4322.39027
175		3464.10055		11142.67366		-4214.47257
176		3566.04139		11242.59551		-4110.51273
177		3665.96854		11342.33829		-4010.40121
178		3761.93127		11438.12481		-3914.26227
179		3853.72092		11529.74877		-3822.30692
180		3941.11787		11616.99323		-3734.7575
181		4023.89091		11699.63007		-3651.84825
182		4101.79668		11777.4194		-3573.82603
183		4174.57901		11850.109		-3500.95097
184		4250.41574		11934.61488		-3433.7834
185		4322.86488		12018.14281		-3372.41306
186		4389.90338		12096.89505		-3317.08829
187		4451.24648		12170.62557		-3268.13261
188		4506.59442		12239.07597		-3225.88712
189		4555.63167		12301.97478		-3190.71143
190		4598.02608		12359.03692		-3162.98475
191		4633.42804		12409.96299		-3143.10692
192		4661.4695		12454.43859		-3131.49959
193		4681.76309		12492.13363		-3128.60744
194		4730.796		12592.31223		-3130.72023
195		4785.32283		12693.32628		-3122.68062
196		4835.3405		12790.27461		-3119.59362
197		4878.76693		12883.23998		-3125.70613
198		4942.15019		12979.16001		-3094.85962
199		5003.33517		13073.11769		-3066.44735
200		5086.96416		13158.09105		-2984.16273
201		5167.61567		13238.19626		-2902.96491
202		5251.73575		13322.90135		-2819.42984
203		5332.9042		13405.19694		-2739.38853
204		5409.12094		13482.94725		-2664.70537
205		5480.12534		13555.95032		-2595.69965
206		5545.64306		13623.99751		-2532.71139
207		5605.38534		13686.87352		-2476.10283
208		5677.4957		13779.85777		-2424.86636
209		5754.46984		13870.71389		-2361.77422
210		5828.11624		13956.97279		-2300.74031
211		5896.41503		14038.73917		-2245.90911
212		5967.53224		14114.42215		-2179.35767
213		6053.46095		14219.86297		-2112.94106
214		6136.53323		14325.34332		-2052.27686
215		6214.75399		14427.38319		-1997.8752
216		6287.86789		14525.82429		-1950.0885
217		6355.60615		14620.50211		-1909.28982
218		6417.68583		14711.24574		-1875.87408
219		6473.80912		14797.87772		-1850.25949
220		6523.66252		14880.21388		-1832.88884
221		6566.91604		14958.06316		-1824.23108
222		6603.22232		15031.22749		-1824.78285
223		6660.6632		15092.8166		-1771.49021
224		6713.74828		15148.07404		-1720.57747
225		6760.40358		15197.09461		-1676.28746
226		6800.29067		15239.55849		-1638.97715
227		6833.05334		15275.1299		-1609.02321
228		6858.31662		15303.45636		-1586.82313
229		6875.68579		15324.16797		-1572.79638
230		6884.74539		15336.87653		-1567.38574
231		6885.05807		15341.17476		-1571.05861
232		6884.61095		15334.44128		-1565.21938
233		6876.7613		15317.77681		-1564.2542
234		6859.27477		15291.14669		-1572.59716
235		6831.64415		15254.04153		-1590.75324
236		6793.33554		15205.92679		-1619.25572
237		6762.23443		15141.41126		-1616.94241
238		6759.0124		15094.77196		-1576.74715
239		6750.08655		15038.53427		-1538.36117
240		6731.46717		14970.18999		-1507.25565
241		6702.64408		14889.11183		-1483.82367
242		6663.08024		14794.64081		-1468.48033
243		6630.65784		14720.31747		-1459.0018
244		6589.14999		14636.3042		-1458.00421
245		6536.23379		14538.66551		-1466.19792
246		6479.75634		14424.40864		-1464.89595
247		6439.81997		14345.9706		-1466.33065
248		6400.706		14260.59972		-1459.18771
249		6360.502		14170.85012		-1449.84611
250		6360.502		14170.85012		-1449.84611
