step	mediator-max-opt_cum_inst_loss_mean	mediator-max-opt_cum_inst_loss_std_up	mediator-max-opt_cum_inst_loss_std_down
1		39.98546		121.09867		-41.12776
2		45.28618		220.37606		-129.8037
3		62.22662		325.75128		-201.29804
4		74.52442		428.7869		-279.73807
5		78.24572		528.29457		-371.80313
6		72.93913		623.96029		-478.08202
7		58.12951		715.5236		-599.26458
8		33.31669		802.73822		-736.10484
9		26.42168		883.03406		-830.19071
10		11.78477		960.91193		-937.34238
11		44.04874		1087.87026		-999.77278
12		72.47656		1219.12805		-1074.17493
13		121.62433		1352.54087		-1109.29221
14		165.97983		1484.36036		-1152.40071
15		203.44608		1614.29153		-1207.39937
16		262.10798		1743.095		-1218.87903
17		316.47836		1870.43958		-1237.48286
18		364.48659		1996.1705		-1267.19732
19		405.79783		2120.16394		-1308.56828
20		440.0596		2242.28967		-1362.17048
21		483.79585		2368.12192		-1400.53022
22		532.74725		2495.13202		-1429.63752
23		576.89605		2620.86406		-1467.07197
24		614.14472		2744.80294		-1516.51349
25		652.5776		2865.25988		-1560.10469
26		685.65426		2982.94191		-1611.6334
27		729.69554		3121.69752		-1662.30645
28		768.67579		3261.52917		-1724.17759
29		808.93137		3398.13966		-1780.27692
30		843.92668		3532.71689		-1844.86353
31		879.98759		3669.46009		-1909.48492
32		919.01493		3803.62489		-1965.59503
33		971.16484		3947.89673		-2005.56706
34		1018.68048		4091.93241		-2054.57145
35		1059.4732		4234.49038		-2115.54397
36		1093.18916		4375.49366		-2189.11533
37		1119.45591		4514.86092		-2275.94911
38		1156.32886		4646.95426		-2334.29654
39		1187.76349		4776.2742		-2400.74721
40		1230.07632		4913.132		-2452.97935
41		1267.23715		5049.38759		-2514.91329
42		1297.13007		5184.04653		-2589.7864
43		1337.82004		5328.48264		-2652.84255
44		1391.72009		5466.84266		-2683.40249
45		1459.52547		5614.54561		-2695.49467
46		1531.96805		5774.12668		-2710.19059
47		1619.29189		5947.16124		-2708.57747
48		1703.83272		6121.89232		-2714.22688
49		1802.04682		6290.34541		-2686.25177
50		1898.05108		6458.03963		-2661.93746
51		1989.88446		6625.62662		-2645.8577
52		2077.32743		6793.1166		-2638.46174
53		2160.14891		6960.52055		-2640.22272
54		2256.55317		7120.41007		-2607.30373
55		2350.65234		7279.00182		-2577.69715
56		2440.48035		7436.98307		-2556.02237
57		2525.81241		7594.33853		-2542.71372
58		2606.41188		7751.05268		-2538.22892
59		2682.02969		7907.10965		-2543.05028
60		2752.40363		8062.49323		-2557.68596
61		2835.70522		8210.16098		-2538.75055
62		2916.0121		8356.31645		-2524.29225
63		2991.32192		8501.63916		-2518.99533
64		3061.37166		8646.13163		-2523.3883
65		3134.33198		8799.32192		-2530.65796
66		3203.75332		8953.94384		-2546.4372
67		3267.60467		9107.99066		-2572.78132
68		3325.59287		9261.46146		-2610.27571
69		3404.30432		9415.60125		-2606.99261
70		3481.62423		9570.78344		-2607.53498
71		3570.68484		9758.73162		-2617.36193
72		3658.89861		9955.7674		-2637.97018
73		3742.53146		10155.34091		-2670.278
74		3829.78978		10366.02116		-2706.44161
75		3932.70914		10596.05919		-2730.64092
76		4033.66631		10831.9679		-2764.63528
77		4149.16076		11082.16619		-2783.84466
78		4263.35487		11338.26509		-2811.55534
79		4392.78295		11608.85595		-2823.29006
80		4521.64403		11886.18787		-2842.89981
81		4648.06353		12169.71529		-2873.58824
82		4771.91294		12459.79724		-2915.97136
83		4893.057		12756.81094		-2970.69694
84		5011.35332		13061.15261		-3038.44597
85		5163.54699		13378.67393		-3051.57995
86		5318.21661		13706.58385		-3070.15063
87		5471.80299		14044.09562		-3100.48964
88		5632.69661		14395.74044		-3130.34723
89		5794.67931		14759.11188		-3169.75325
90		5955.96368		15134.00533		-3222.07796
91		6116.51296		15521.07983		-3288.05391
92		6276.28846		15921.02649		-3368.44958
93		6453.69693		16346.22174		-3438.82788
94		6633.0637		16786.85759		-3520.7302
95		6831.09457		17253.85849		-3591.66936
96		7032.16912		17738.09789		-3673.75966
97		7243.05028		18242.94636		-3756.84579
98		7457.65146		18766.58164		-3851.27872
99		7692.77118		19320.11581		-3934.57344
100		7941.33412		19898.6507		-4015.98246
101		8195.60032		20499.60824		-4108.4076
102		8454.02521		21123.40831		-4215.35789
103		8716.82767		21771.25965		-4337.60432
104		9002.68557		22451.86756		-4446.49642
105		9296.20964		23160.262		-4567.84272
106		9595.95859		23897.1667		-4705.24952
107		9902.26007		24664.08651		-4859.56638
108		10215.45892		25462.60457		-5031.68672
109		10535.91819		26294.3865		-5222.55012
110		10864.01999		27161.18471		-5433.14474
111		11200.16655		28064.84297		-5664.50986
112		11544.7813		29007.30125		-5917.73864
113		11898.30992		29990.60076		-6193.98091
114		12229.66906		30922.76018		-6463.42206
115		12571.08916		31900.64397		-6758.46565
116		12889.70247		32826.96291		-7047.55796
117		13217.70592		33798.64415		-7363.23231
118		13522.19645		34718.3211		-7673.9282
119		13835.3338		35682.96794		-8012.30034
120		14132.6233		36600.83276		-8335.58617
121		14456.92034		37572.3078		-8658.46712
122		14761.19889		38493.23402		-8970.83625
123		15074.1131		39459.10865		-9310.88244
124		15362.72023		40372.42698		-9646.98651
125		15659.13822		41330.27452		-10011.99809
126		15930.38089		42235.09631		-10374.33454
127		16226.96798		43193.94743		-10740.01146
128		16500.23342		44100.81137		-11100.34453
129		16808.94974		45064.2401		-11446.34062
130		17094.98278		45975.71883		-11785.75326
131		17388.6912		46931.64488		-12154.26248
132		17665.52919		47837.70182		-12506.64345
133		17979.85084		48801.36382		-12841.66214
134		18298.6792		49726.70783		-13129.34943
135		18630.59851		50699.25389		-13438.05687
136		18939.211		51619.74615		-13741.32415
137		19256.68726		52585.47224		-14072.09772
138		19558.54402		53502.15699		-14385.06895
139		19879.20123		54469.52854		-14711.12608
140		20177.80362		55385.54039		-15029.93314
141		20484.74294		56346.48989		-15377.00402
142		20767.0607		57254.6775		-15720.55611
143		21075.30578		58217.57689		-16066.96533
144		21360.84278		59128.62944		-16406.94388
145		21672.47654		60091.73078		-16746.77771
146		21961.58056		61002.79976		-17079.63864
147		22276.96908		61968.26721		-17414.32904
148		22570.02549		62881.89093		-17741.83994
149		22889.57442		63849.77785		-18070.62901
150		23187.0102		64765.82715		-18391.80675
151		23492.7215		65726.45387		-18741.01086
152		23773.74662		66633.88228		-19086.38904
153		24070.63102		67589.68499		-19448.42294
154		24344.20941		68492.99615		-19804.57732
155		24690.15014		69472.08614		-20091.78587
156		25027.50375		70406.00124		-20350.99374
157		25395.52605		71395.85412		-20604.80202
158		25743.98645		72334.96355		-20846.99066
159		26111.85536		73324.15397		-21100.44326
160		26478.60177		74272.69576		-21315.49223
161		26859.11637		75268.51474		-21550.282
162		27218.88181		76212.94458		-21775.18096
163		27590.20327		77203.42576		-22023.01922
164		27940.29172		78142.24068		-22261.65725
165		28301.42687		79126.81627		-22523.96253
166		28667.68786		80073.31079		-22737.93507
167		29049.53625		81067.87805		-22968.80556
168		29410.70566		82010.96768		-23189.55636
169		29783.505		83000.01423		-23433.00424
170		30182.04407		83958.78983		-23594.70169
171		30597.86939		84966.06968		-23770.3309
172		30994.80399		85922.54553		-23932.93755
173		31405.25089		86925.68624		-24115.18445
174		31796.52401		87877.80274		-24284.75472
175		32201.01146		88876.3549		-24474.33199
176		32586.01146		89823.63925		-24651.61633
177		32983.89562		90817.1053		-24849.31406
178		33361.9448		91759.034		-25035.1444
179		33752.51231		92746.86307		-25241.83846
180		34122.85974		93682.85651		-25437.13702
181		34505.32016		94664.43864		-25653.79833
182		34875.5813		95597.58273		-25846.42014
183		35268.24311		96581.32517		-26044.83895
184		35642.63983		97513.97181		-26228.69216
185		36029.36264		98492.04678		-26433.32151
186		36395.66302		99417.78195		-26626.4559
187		36773.86338		100388.58434		-26840.85757
188		37131.19277		101306.66412		-27044.27859
189		37499.94997		102269.41136		-27269.51143
190		37847.33919		103179.0126		-27484.33423
191		38205.63305		104132.83879		-27721.57269
192		38542.00823		105033.0507		-27949.03423
193		38888.70838		105976.99779		-28199.58103
194		39212.87964		106866.8127		-28441.05342
195		39546.73355		107799.82081		-28706.3537
196		39885.82996		108693.10869		-28921.44878
197		40237.2393		109630.71929		-29156.24069
198		40566.36761		110513.83892		-29381.10371
199		40923.88695		111449.13247		-29601.35857
200		41261.2916		112330.74018		-29808.15698
201		41609.07539		113255.07788		-30036.9271
202		41961.28231		114137.36354		-30214.79891
203		42328.33694		115064.18616		-30407.51227
204		42673.93398		115935.93468		-30588.06671
205		43030.34135		116849.88898		-30789.20628
206		43373.17822		117712.53965		-30966.1832
207		43728.5249		118617.88615		-31160.83635
208		44061.79778		119467.02506		-31343.4295
209		44405.23234		120357.17854		-31546.71386
210		44725.96615		121190.32586		-31738.39356
211		45056.20169		122063.6479		-31951.24453
212		45363.04179		122879.07934		-32152.99576
213		45687.09986		123737.95696		-32363.75723
214		46016.1771		124552.37241		-32520.01822
215		46358.88469		125407.77819		-32690.00881
216		46678.85326		126204.35139		-32846.64487
217		47008.28329		127039.17904		-33022.61245
218		47314.27549		127814.09275		-33185.54177
219		47628.99354		128626.12372		-33368.13664
220		47919.49945		129377.04317		-33538.04427
221		48217.91615		130163.82039		-33727.9881
222		48499.71022		130892.32704		-33892.90661
223		48790.80131		131656.4187		-34074.81609
224		49056.43673		132356.8735		-34244.00004
225		49328.67396		133090.52946		-34433.18154
226		49574.46322		133758.94942		-34610.02298
227		49825.80976		134458.88845		-34807.26894
228		50049.6088		135091.8204		-34992.60279
229		50277.80775		135754.40838		-35198.79289
230		50477.24091		136348.02788		-35393.54606
231		50706.68654		136982.90727		-35569.5342
232		50929.56898		137558.48664		-35699.34867
233		51158.64783		138161.61303		-35844.31736
234		51377.4547		138701.6837		-35946.7743
235		51602.24347		139267.41403		-36062.92709
236		51798.08697		139759.06036		-36162.88642
237		51996.85903		140272.9146		-36279.19654
238		52165.31652		140709.95766		-36379.32462
239		52353.70869		141175.74331		-36468.32593
240		52513.08473		141563.10811		-36536.93866
241		52673.46998		141967.17338		-36620.23341
242		52801.52031		142288.62811		-36685.58748
243		52928.93114		142623.31478		-36765.4525
244		53022.27154		142871.73981		-36827.19673
245		53113.14561		143129.55364		-36903.26243
246		53176.47396		143301.36163		-36948.4137
247		53237.6016		143479.46641		-37004.26322
248		53261.17813		143563.10977		-37040.75351
249		53295.24513		143655.72742		-37065.23716
250		53295.24513		143655.72742		-37065.23716
