step	mediator-max-opt_cum_inst_loss_mean	mediator-max-opt_cum_inst_loss_std_up	mediator-max-opt_cum_inst_loss_std_down
1		76.12027		205.09254		-52.852
2		100.66075		365.26916		-163.94766
3		123.08374		499.0291		-252.86162
4		136.45962		605.13198		-332.21275
5		147.13039		683.56912		-389.30834
6		165.18097		780.57479		-450.21284
7		194.40886		887.39995		-498.58224
8		231.99323		1013.79597		-549.8095
9		281.783		1151.17679		-587.61078
10		323.96602		1265.53021		-617.59818
11		347.91464		1335.09451		-639.26522
12		349.26009		1361.00978		-662.4896
13		364.31271		1402.58579		-673.96037
14		366.52121		1429.55246		-696.51004
15		351.80049		1446.65502		-743.05403
16		343.12318		1470.72021		-784.47385
17		327.17099		1468.14179		-813.79981
18		320.60648		1480.35313		-839.14017
19		303.4692		1473.88965		-866.95125
20		247.92996		1418.92143		-923.06152
21		203.10396		1375.31831		-969.1104
22		159.32779		1336.55582		-1017.90024
23		126.88397		1310.2678		-1056.49986
24		96.14168		1290.3303		-1098.04695
25		60.37228		1250.49702		-1129.75246
26		29.53846		1222.90641		-1163.82949
27		7.30908		1201.43117		-1186.81301
28		-9.27208		1193.99368		-1212.53785
29		-16.49867		1193.94657		-1226.94391
30		-17.28742		1209.87268		-1244.44751
31		-7.89041		1234.64396		-1250.42477
32		8.81937		1277.40047		-1259.76174
33		2.54496		1299.32721		-1294.23729
34		-7.46876		1312.86811		-1327.80564
35		-11.19134		1335.22676		-1357.60945
36		-21.92803		1365.8021		-1409.65816
37		-23.00254		1407.02149		-1453.02657
38		-34.36087		1428.99867		-1497.7204
39		-66.77155		1422.55612		-1556.09922
40		-90.66079		1429.30508		-1610.62665
41		-126.03462		1452.26981		-1704.33906
42		-149.63388		1487.24249		-1786.51024
43		-188.11156		1496.79081		-1873.01393
44		-211.56893		1524.80374		-1947.94159
45		-236.2609		1555.21901		-2027.7408
46		-245.20699		1605.21678		-2095.63076
47		-254.62393		1658.78742		-2168.03527
48		-264.53649		1721.60456		-2250.67755
49		-271.56168		1790.87634		-2333.9997
50		-282.36571		1839.91932		-2404.65074
51		-286.92019		1901.9635		-2475.80387
52		-281.4871		1974.59229		-2537.5665
53		-268.94988		2061.4718		-2599.37157
54		-245.52554		2160.24955		-2651.30063
55		-231.09561		2234.6446		-2696.83581
56		-202.26984		2328.28242		-2732.8221
57		-168.51784		2429.23655		-2766.27223
58		-136.3985		2516.96389		-2789.7609
59		-95.7705		2618.26844		-2809.80943
60		-42.7769		2733.38916		-2818.94297
61		2.77856		2830.05607		-2824.49896
62		47.32258		2906.82838		-2812.18322
63		101.02921		2997.94899		-2795.89057
64		150.74432		3105.63799		-2804.14935
65		196.25783		3217.95875		-2825.44308
66		254.39407		3346.13226		-2837.34412
67		288.31738		3452.31271		-2875.67796
68		324.02612		3548.80152		-2900.74928
69		365.02337		3657.30951		-2927.26277
70		421.81472		3782.57481		-2938.94536
71		467.95874		3889.57584		-2953.65836
72		499.48593		3968.33554		-2969.36368
73		522.44517		4021.13935		-2976.249
74		526.15825		4042.39263		-2990.07612
75		506.20312		4027.47557		-3015.06932
76		481.78863		4018.61142		-3055.03416
77		445.86189		4003.03053		-3111.30675
78		404.63518		3969.96817		-3160.6978
79		368.05683		3943.61117		-3207.49751
80		322.73512		3931.77754		-3286.30731
81		285.25532		3926.54122		-3356.03058
82		252.62109		3931.58135		-3426.33918
83		211.45108		3910.5171		-3487.61493
84		161.29605		3872.03355		-3549.44144
85		118.72856		3838.7651		-3601.30798
86		63.69339		3801.8568		-3674.47001
87		19.39801		3772.38199		-3733.58597
88		-23.81962		3749.41732		-3797.05657
89		-55.6755		3734.61214		-3845.96315
90		-85.79892		3727.16995		-3898.76779
91		-120.91687		3720.08893		-3961.92267
92		-151.06495		3722.55324		-4024.68314
93		-172.5725		3732.81101		-4077.95601
94		-205.43929		3713.39739		-4124.27598
95		-243.44501		3695.02615		-4181.91618
96		-293.67831		3672.11248		-4259.46909
97		-332.91909		3662.71189		-4328.55008
98		-387.86155		3642.54481		-4418.26791
99		-445.69571		3598.50126		-4489.89269
100		-503.16469		3560.78929		-4567.11867
101		-550.02199		3530.68174		-4630.72571
102		-595.93636		3507.74158		-4699.61431
103		-647.67638		3499.22308		-4794.57584
104		-695.32137		3497.47739		-4888.12013
105		-752.29218		3473.26413		-4977.84849
106		-802.03417		3461.42708		-5065.49542
107		-847.57599		3452.67108		-5147.82305
108		-885.28746		3457.23167		-5227.8066
109		-918.16558		3465.66486		-5301.99601
110		-959.5923		3448.08524		-5367.26983
111		-992.9721		3441.24136		-5427.18555
112		-1038.336		3406.64301		-5483.31501
113		-1072.45112		3388.32981		-5533.23205
114		-1104.95267		3368.34976		-5578.25511
115		-1125.52848		3365.39263		-5616.44958
116		-1143.77812		3361.67831		-5649.23455
117		-1149.35192		3375.8107		-5674.51454
118		-1168.85543		3393.74317		-5731.45403
119		-1172.33999		3429.69345		-5774.37343
120		-1176.00795		3467.56668		-5819.58257
121		-1196.91441		3487.71302		-5881.54183
122		-1212.10303		3516.77634		-5940.9824
123		-1217.86378		3557.74692		-5993.47447
124		-1217.10954		3608.63591		-6042.85499
125		-1223.13379		3661.18558		-6107.45316
126		-1219.24783		3726.42106		-6164.91672
127		-1225.38462		3761.96478		-6212.73402
128		-1218.20804		3817.30427		-6253.72035
129		-1207.24465		3875.71053		-6290.19983
130		-1216.15879		3902.05961		-6334.37718
131		-1232.36027		3941.80436		-6406.5249
132		-1239.18719		3990.44266		-6468.81704
133		-1256.60069		4010.84965		-6524.05104
134		-1261.29433		4047.72294		-6570.31161
135		-1262.82592		4089.1835		-6614.83533
136		-1267.8472		4115.20884		-6650.90324
137		-1266.31458		4151.6134		-6684.24255
138		-1271.51948		4157.49071		-6700.52966
139		-1266.77104		4181.14239		-6714.68447
140		-1254.95451		4206.78955		-6716.69857
141		-1249.33424		4217.45145		-6716.11992
142		-1250.23634		4236.61727		-6737.08995
143		-1240.95865		4267.77465		-6749.69195
144		-1224.37448		4308.84527		-6757.59423
145		-1196.69018		4363.07672		-6756.45709
146		-1177.77609		4425.80843		-6781.36062
147		-1161.27562		4462.58605		-6785.13729
148		-1154.13397		4482.83904		-6791.10697
149		-1150.02553		4510.40166		-6810.45272
150		-1155.92813		4544.93102		-6856.78729
151		-1148.50504		4590.83192		-6887.84199
152		-1137.28216		4647.57683		-6922.14114
153		-1111.83224		4717.00371		-6940.66819
154		-1081.63376		4798.53616		-6961.80368
155		-1053.25498		4890.4022		-6996.91215
156		-1016.56439		4996.39941		-7029.5282
157		-1001.80636		5070.06529		-7073.67801
158		-989.68068		5130.76175		-7110.12312
159		-970.09863		5201.1758		-7141.37306
160		-956.30412		5273.92877		-7186.53701
161		-931.55632		5359.21487		-7222.32751
162		-898.68781		5457.59723		-7254.97286
163		-853.86211		5569.85643		-7277.58066
164		-833.9499		5654.22326		-7322.12305
165		-795.94421		5760.33652		-7352.22495
166		-755.93823		5872.31456		-7384.19102
167		-764.96303		5925.2653		-7455.19137
168		-794.91737		5949.61413		-7539.44887
169		-816.22098		5985.56032		-7618.00228
170		-831.82765		6030.40031		-7694.0556
171		-838.02845		6087.91811		-7763.97501
172		-854.78288		6116.19855		-7825.7643
173		-858.78276		6164.06823		-7881.63374
174		-859.58407		6213.54505		-7932.71319
175		-846.79119		6283.76827		-7977.35064
176		-829.9159		6356.75997		-8016.59178
177		-832.607		6398.16415		-8063.37814
178		-842.25791		6412.3409		-8096.85671
179		-859.23494		6439.21774		-8157.68762
180		-866.87823		6470.2427		-8203.99916
181		-885.15107		6483.68184		-8253.98398
182		-907.79473		6473.24788		-8288.83734
183		-924.81198		6476.89607		-8326.52002
184		-932.4976		6483.37282		-8348.36802
185		-950.815		6466.10552		-8367.73552
186		-973.50557		6443.3322		-8390.34333
187		-1007.61764		6395.34031		-8410.5756
188		-1046.93419		6320.29181		-8414.16018
189		-1098.54729		6236.94101		-8434.03559
190		-1156.28597		6155.09245		-8467.66438
191		-1210.24534		6077.3735		-8497.86418
192		-1256.8174		6004.29247		-8517.92728
193		-1299.02245		5935.7755		-8533.8204
194		-1333.22154		5872.4359		-8538.87898
195		-1362.4024		5814.1444		-8538.94921
196		-1399.93728		5727.35925		-8527.23381
197		-1429.22041		5651.16671		-8509.60753
198		-1470.27204		5557.83749		-8498.38157
199		-1499.84792		5477.85588		-8477.55172
200		-1544.6168		5397.98184		-8487.21545
201		-1591.74194		5336.30437		-8519.78826
202		-1637.93826		5270.43908		-8546.3156
203		-1689.97504		5216.03551		-8595.9856
204		-1737.93241		5158.3492		-8634.21402
205		-1778.1866		5115.10344		-8671.47665
206		-1813.74123		5069.16954		-8696.65201
207		-1840.93994		5038.29045		-8720.17033
208		-1862.75193		5005.38254		-8730.88639
209		-1875.48474		4988.21039		-8739.17987
210		-1899.11511		4975.1812		-8773.41141
211		-1910.35305		4977.91481		-8798.62091
212		-1935.81913		4978.00572		-8849.64398
213		-1945.58058		4995.17988		-8886.34104
214		-1955.85579		5013.29465		-8925.00624
215		-1949.62722		5049.44759		-8948.70204
216		-1943.07084		5087.54727		-8973.68894
217		-1970.25726		5078.12019		-9018.63471
218		-2005.69353		5043.17378		-9054.56084
219		-2032.76916		5018.42878		-9083.96709
220		-2054.45026		4998.44182		-9107.34234
221		-2084.08885		4973.51983		-9141.69752
222		-2105.05651		4956.23923		-9166.35225
223		-2120.31269		4946.82097		-9187.44634
224		-2126.13836		4945.92994		-9198.20666
225		-2125.4579		4953.84425		-9204.76004
226		-2114.50363		4971.28491		-9200.29216
227		-2096.16404		4998.59095		-9190.91902
228		-2083.68976		5019.50951		-9186.88902
229		-2077.36084		5048.80736		-9203.52904
230		-2060.43943		5086.06856		-9206.94741
231		-2052.81241		5119.33041		-9224.95524
232		-2031.07346		5164.29296		-9226.43988
233		-2004.80565		5219.24461		-9228.85591
234		-1997.80246		5235.71423		-9231.31915
235		-1997.16439		5236.99437		-9231.32315
236		-1986.09875		5245.32531		-9217.52282
237		-1967.77877		5265.0797		-9200.63724
238		-1955.50518		5286.37624		-9197.3866
239		-1949.15061		5314.26581		-9212.56704
240		-1931.73462		5350.56648		-9214.03573
241		-1922.97177		5363.8525		-9209.79605
242		-1898.95785		5393.07184		-9190.98753
243		-1870.65038		5426.68394		-9167.98471
244		-1864.3032		5396.17548		-9124.78189
245		-1849.36549		5378.11962		-9076.8506
246		-1846.462		5369.01381		-9061.93781
247		-1834.31872		5370.07001		-9038.70745
248		-1841.15872		5363.23001		-9045.54745
249		-1841.15872		5363.23001		-9045.54745
250		-1841.15872		5363.23001		-9045.54745
