step	mediator-max-opt_inst_loss_mean	mediator-max-opt_inst_loss_std_up	mediator-max-opt_inst_loss_std_down
1		69.69238		147.93497		-8.55021
2		17.77428		102.34837		-66.79982
3		32.34613		124.34181		-59.64955
4		37.45765		131.31433		-56.39904
5		53.06547		154.83313		-48.7022
6		42.22202		164.38644		-79.94239
7		44.44423		152.62404		-63.73557
8		33.14704		136.19692		-69.90284
9		34.89162		119.02816		-49.24491
10		23.09166		98.05026		-51.86694
11		7.26156		81.75932		-67.23621
12		14.46192		91.88614		-62.96229
13		8.4049		90.07997		-73.27018
14		2.02908		105.98746		-101.92931
15		-4.68231		82.54491		-91.90953
16		-11.74693		92.36519		-115.85905
17		-2.13792		99.36086		-103.63669
18		-12.47771		89.76285		-114.71827
19		0.50193		102.33071		-101.32685
20		3.93744		116.91548		-109.0406
21		0.73558		126.92311		-125.45194
22		-9.45298		98.57777		-117.48373
23		-13.35959		81.63556		-108.35474
24		-7.24455		92.98394		-107.47304
25		2.60143		107.85409		-102.65122
26		-7.48892		87.3023		-102.28015
27		-11.29217		69.94321		-92.52754
28		-5.06831		80.31694		-90.45355
29		-12.15324		65.02879		-89.33528
30		-2.56561		81.26504		-86.39627
31		4.11753		89.75455		-81.51948
32		-2.48393		68.36021		-73.32808
33		7.6126		83.85571		-68.6305
34		14.83145		93.39461		-63.73171
35		25.83933		110.20927		-58.53062
36		34.01747		121.13584		-53.1009
37		28.98968		116.7614		-58.78204
38		40.74273		132.50465		-51.0192
39		32.65981		111.61887		-46.29925
40		48.01511		134.93753		-38.90731
41		53.95131		141.63138		-33.72876
42		53.38176		131.16511		-24.40158
43		63.00951		143.74188		-17.72285
44		76.55308		162.65844		-9.55229
45		70.35491		150.62474		-9.91492
46		70.64871		154.27385		-12.97643
47		81.18525		165.66762		-3.29713
48		78.63997		144.56346		12.71648
49		75.96074		151.84143		0.08004
50		90.18594		167.66586		12.70602
51		84.7053		146.16976		23.24084
52		68.70893		95.73599		41.68186
53		82.55246		116.08064		49.02428
54		76.67005		131.7831		21.557
55		77.29623		122.52122		32.07123
56		71.13718		124.9005		17.37386
57		54.42669		90.36992		18.48347
58		50.47308		79.9395		21.00665
59		63.35683		89.6814		37.03225
60		56.46412		106.17811		6.75014
61		56.02683		109.8932		2.16046
62		65.79379		124.94709		6.64049
63		62.43844		121.33658		3.5403
64		75.95195		140.61183		11.29206
65		86.7676		152.14358		21.39162
66		84.51613		169.71533		-0.68307
67		82.14617		181.92252		-17.63019
68		79.65147		158.8034		0.49954
69		77.02547		144.04872		10.00222
70		74.26126		147.74957		0.77295
71		71.35156		131.45547		11.24766
72		85.33418		152.40206		18.26631
73		96.64364		163.41901		29.86826
74		111.95742		186.0501		37.86473
75		124.66809		198.83797		50.49822
76		124.41139		181.83269		66.99009
77		107.09572		169.29577		44.89567
78		92.27779		164.02834		20.52725
79		90.31634		156.40924		24.22344
80		105.2971		178.42668		32.16753
81		100.61178		205.1373		-3.91373
82		68.40714		161.66047		-24.84619
83		51.55297		145.92911		-42.82317
84		64.49356		159.15682		-30.1697
85		74.70614		179.01966		-29.60738
86		54.7744		198.89738		-89.34857
87		37.20272		164.719		-90.31356
88		32.34258		161.84446		-97.15931
89		44.27209		175.02567		-86.48149
90		36.37493		156.7732		-84.02335
91		17.83485		112.96528		-77.29557
92		11.95535		106.36252		-82.45182
93		22.81185		116.34654		-70.72285
94		30.83065		135.12052		-73.45921
95		42.68059		146.61806		-61.25688
96		34.69967		142.06959		-72.67026
97		16.07142		136.30999		-104.16715
98		10.0991		117.19082		-96.99261
99		20.85791		136.60342		-94.88761
100		11.72842		136.49808		-113.04124
101		25.98207		159.42361		-107.45948
102		30.75863		169.11036		-107.59309
103		11.92296		119.13833		-95.2924
104		5.73231		106.27896		-94.81434
105		16.26128		118.98751		-86.46495
106		6.88986		97.18315		-83.40343
107		-13.20206		46.80723		-73.21134
108		-20.71508		43.01274		-84.44291
109		-28.62353		38.24134		-95.4884
110		-19.90276		54.60127		-94.4068
111		-14.13209		60.15456		-88.41875
112		-4.64862		77.66969		-86.96693
113		-15.12055		71.76647		-102.00757
114		-36.37092		24.13887		-96.88071
115		-28.0579		38.09419		-94.20999
116		-22.71645		44.4348		-89.8677
117		-13.68478		59.46041		-86.82997
118		-7.58685		66.92593		-82.09964
119		2.24111		83.1371		-78.65487
120		9.17725		91.84918		-73.49468
121		-14.20338		48.98515		-77.3919
122		-35.40547		10.7239		-81.53483
123		-44.0871		-20.41428		-67.75991
124		-36.1802		-4.29535		-68.06505
125		-31.26624		-4.69032		-57.84215
126		-22.68455		12.26143		-57.63054
127		-17.0603		12.73496		-46.85555
128		-7.73093		30.60817		-46.07003
129		-18.3651		40.13671		-76.8669
130		-22.74077		36.09342		-81.57497
131		-17.11947		43.50734		-77.74629
132		-24.83868		41.65149		-91.32885
133		-15.91871		52.51376		-84.35117
134		-26.98381		18.74692		-72.71453
135		-14.76764		38.86821		-68.40349
136		-12.1358		38.81635		-63.08794
137		0.86184		59.99513		-58.27144
138		4.31629		61.05488		-52.42229
139		18.17983		83.40512		-47.04546
140		22.54575		85.69672		-40.60522
141		37.36874		109.34476		-34.60729
142		42.7446		113.00144		-27.51224
143		41.58523		123.17947		-40.00901
144		50.59211		130.05498		-28.87077
145		46.43667		114.87965		-22.00632
146		59.10797		127.91819		-9.70225
147		34.94619		103.77249		-33.88011
148		36.78547		108.31856		-34.74762
149		25.08518		110.41545		-60.24509
150		26.40545		128.45817		-75.64727
151		31.2043		135.35627		-72.94767
152		-4.65336		83.82991		-93.13664
153		-8.30737		102.24232		-118.85706
154		-1.92642		109.73221		-113.58505
155		-8.84599		85.69297		-103.38495
156		-16.12975		90.79624		-123.05574
157		-23.79687		78.92569		-126.51942
158		-14.82206		96.80565		-126.44977
159		-8.78399		105.20689		-122.77487
160		0.98097		124.47111		-122.50917
161		7.85078		134.3287		-118.62714
162		18.49125		155.12656		-118.14405
163		26.28266		166.59786		-114.03254
164		20.84778		141.29587		-99.60031
165		-1.91861		109.15638		-112.9936
166		11.61678		129.94898		-106.71543
167		15.63728		138.77682		-107.50227
168		-3.99426		88.76537		-96.75388
169		-11.02266		66.72164		-88.76696
170		-1.37553		78.13156		-80.88262
171		-11.6752		66.24697		-89.59737
172		1.34668		83.13634		-80.44297
173		4.82665		91.14055		-81.48725
174		18.71705		109.34077		-71.90668
175		23.11125		118.72487		-72.50238
176		3.87308		77.18919		-69.44302
177		14.3042		97.33843		-68.73003
178		21.87524		103.40888		-59.65841
179		16.20838		81.23247		-48.81571
180		27.28873		94.11504		-39.53759
181		18.49771		103.67113		-66.67572
182		16.06218		82.09809		-49.97373
183		23.72574		101.14683		-53.69535
184		35.20173		108.78545		-38.38198
185		9.78173		57.13614		-37.57268
186		-6.7489		49.80211		-63.29991
187		-17.33138		51.72716		-86.38991
188		-21.65264		23.79687		-67.10216
189		-15.97408		35.83813		-67.78628
190		-6.58754		43.95292		-57.128
191		-0.11607		57.05839		-57.29053
192		-6.94037		61.45673		-75.33746
193		2.92162		76.0616		-70.21835
194		9.89358		85.71624		-65.92909
195		3.59611		62.72864		-55.53643
196		14.01265		79.74495		-51.71964
197		4.52289		94.2287		-85.18291
198		1.35185		84.62963		-81.92593
199		-8.80427		78.35811		-95.96665
200		-12.67675		53.36624		-78.71973
201		-23.5712		45.40478		-92.54719
202		-28.22089		47.19528		-103.63706
203		-39.93345		17.9153		-97.78221
204		-28.39882		35.39409		-92.19172
205		-26.48441		37.75095		-90.71977
206		-31.28743		27.25505		-89.82991
207		-43.16135		20.16014		-106.48285
208		-31.79654		36.46965		-100.06272
209		-30.06098		40.16976		-100.29173
210		-52.09795		-15.63921		-88.55669
211		-44.61285		0.54208		-89.76778
212		-40.14256		0.59601		-80.88113
213		-49.07331		11.79455		-109.94116
214		-41.42844		14.96475		-97.82164
215		-53.83564		-5.40788		-102.26339
216		-77.12501		-27.40835		-126.84168
217		-70.95786		-15.61879		-126.29692
218		-67.87351		-12.65702		-123.08999
219		-61.22009		-0.08931		-122.35087
220		-57.62264		3.69045		-118.93574
221		-50.43086		17.11913		-117.98085
222		-46.26455		21.80579		-114.33488
223		-38.47696		36.18683		-113.14075
224		-33.67975		41.879		-109.2385
225		-42.26512		7.30146		-91.83171
226		-51.31493		-25.1684		-77.46146
227		-43.80254		-14.73207		-72.87301
228		-39.27739		-10.28702		-68.26776
229		-31.14176		0.91837		-63.20189
230		-43.0402		-1.9704		-84.11
231		-31.72547		12.29365		-75.74459
232		-29.9676		15.55129		-75.4865
233		-34.92954		-5.20222		-64.65686
234		-29.88556		3.53056		-63.30168
235		-21.35791		11.66554		-54.38137
236		-15.55269		21.40194		-52.50732
237		-6.36334		30.34559		-43.07226
238		0.31235		41.25371		-40.62901
239		-6.23621		53.07766		-65.55008
240		4.16254		64.93101		-56.60593
241		-5.18815		45.01924		-55.39554
242		-27.64602		8.69399		-63.98603
243		-20.01213		17.31434		-57.3386
244		-13.24868		27.44168		-53.93905
245		-19.4503		27.58892		-66.48953
246		-7.65358		42.35949		-57.66664
247		-3.51291		48.57779		-55.60361
248		-13.509		-2.13097		-24.88703
249		-17.1		-3.13791		-31.06209
250		0.0		0.0		0.0
