step	mediator-max-opt_cov_err_sq_T_mean	mediator-max-opt_cov_err_sq_T_std_up	mediator-max-opt_cov_err_sq_T_std_down
1		15.07		15.87		14.27
2		14.65		15.25133		14.04867
3		14.19		15.00093		13.37907
4		13.53		14.38697		12.67303
5		13.25		13.79553		12.70447
6		13.25		13.79553		12.70447
7		13.25		13.79553		12.70447
8		13.25		13.79553		12.70447
9		13.25		13.79553		12.70447
10		13.25		13.79553		12.70447
11		13.25		13.79553		12.70447
12		13.25		13.79553		12.70447
13		13.25		13.79553		12.70447
14		13.25		13.79553		12.70447
15		13.25		13.79553		12.70447
16		13.25		13.79553		12.70447
17		13.25		13.79553		12.70447
18		13.25		13.79553		12.70447
19		13.25		13.79553		12.70447
20		13.24903		13.79524		12.70283
21		13.08903		13.81262		12.36544
22		13.08901		13.81263		12.3654
23		12.849		13.28162		12.41638
24		12.81344		13.23357		12.39332
25		12.804		13.22278		12.38523
26		12.80101		13.21952		12.3825
27		12.81346		13.23356		12.39337
28		12.81347		13.23355		12.3934
29		12.80741		13.2265		12.38832
30		12.80405		13.22274		12.38537
31		12.80215		13.22064		12.38367
32		12.80108		13.21946		12.3827
33		12.80112		13.21328		12.38896
34		12.74558		13.09454		12.39663
35		12.74056		13.08615		12.39496
36		12.59161		13.02988		12.15334
37		12.5601		12.97237		12.14783
38		12.55232		12.95881		12.14584
39		12.54794		12.9511		12.14479
40		12.56089		12.97695		12.14482
41		12.54278		12.96008		12.12548
42		12.54772		12.96781		12.12764
43		12.54471		12.96198		12.12744
44		12.53859		12.94993		12.12726
45		12.54698		12.96433		12.12964
46		12.54662		12.96254		12.1307
47		12.54167		12.95217		12.13116
48		12.53833		12.94495		12.1317
49		12.53604		12.9398		12.13229
50		12.53194		12.93654		12.12735
51		12.5316		12.93595		12.12726
52		12.53121		12.93432		12.1281
53		12.53097		12.93339		12.12856
54		12.52913		12.92946		12.12879
55		12.52774		12.92637		12.1291
56		12.52675		12.92401		12.12949
57		12.52601		12.92211		12.12991
58		12.52519		12.92279		12.12759
59		12.52187		12.91613		12.1276
60		12.52132		12.91461		12.12802
61		12.52098		12.91349		12.12847
62		12.52219		12.91603		12.12834
63		12.52222		12.91573		12.12872
64		12.52212		12.91451		12.12972
65		12.5225		12.91491		12.13008
66		12.52014		12.91069		12.12958
67		12.51958		12.90981		12.12934
68		12.5169		12.90966		12.12414
69		12.35654		13.00059		11.71248
70		12.35576		13.00122		11.7103
71		12.35508		13.00125		11.70891
72		12.35467		13.00118		11.70817
73		12.35446		13.00104		11.70787
74		12.35441		13.00097		11.70785
75		12.35442		13.00087		11.70796
76		12.35051		12.99398		11.70705
77		12.19058		12.7993		11.58185
78		12.19061		12.79917		11.58205
79		12.19076		12.79912		11.5824
80		12.19095		12.7991		11.5828
81		12.19117		12.79911		11.58322
82		12.19139		12.79912		11.58365
83		12.19061		12.79975		11.58147
84		12.19072		12.79983		11.58162
85		12.19085		12.7999		11.5818
86		12.18778		12.79327		11.58228
87		12.02792		12.53783		11.518
88		12.02817		12.53801		11.51833
89		12.02844		12.53823		11.51865
90		12.02868		12.53839		11.51897
91		12.02892		12.53853		11.5193
92		12.02671		12.5363		11.51713
93		12.02677		12.53627		11.51728
94		12.02692		12.53632		11.51753
95		12.0225		12.53173		11.51326
96		12.02266		12.53187		11.51344
97		12.02297		12.53194		11.51401
98		12.0232		12.53207		11.51433
99		12.02326		12.5319		11.51462
100		12.02407		12.53264		11.51551
101		12.02424		12.53256		11.51593
102		12.02093		12.52924		11.51263
103		12.02088		12.52909		11.51267
104		12.02113		12.5291		11.51315
105		12.02127		12.52924		11.51329
106		12.02132		12.52924		11.5134
107		12.02134		12.52904		11.51364
108		12.02151		12.52918		11.51383
109		12.02085		12.52959		11.5121
110		12.02124		12.52998		11.51251
111		12.02141		12.53009		11.51273
112		12.02135		12.53003		11.51266
113		12.02123		12.52986		11.51261
114		12.02132		12.5299		11.51275
115		12.01969		12.5279		11.51148
116		12.01997		12.52814		11.51179
117		12.02009		12.5282		11.51198
118		12.02026		12.52817		11.51234
119		12.02022		12.52814		11.51231
120		12.02032		12.52817		11.51246
121		12.01857		12.52907		11.50808
122		12.01854		12.52906		11.50801
123		12.01876		12.52909		11.50844
124		12.01885		12.52898		11.50871
125		12.01887		12.52903		11.50872
126		12.01898		12.52912		11.50884
127		12.01918		12.52913		11.50923
128		12.01912		12.52905		11.50919
129		12.01934		12.52927		11.50942
130		12.01812		12.52782		11.50841
131		12.01634		12.52288		11.5098
132		11.8563		12.17741		11.5352
133		11.85531		12.17566		11.53497
134		11.85528		12.17551		11.53505
135		11.85526		12.17545		11.53507
136		11.85607		12.17639		11.53574
137		11.85613		12.17639		11.53587
138		11.85604		12.17621		11.53586
139		11.85671		12.17693		11.53648
140		11.85594		12.17569		11.53618
141		11.85577		12.17541		11.53613
142		11.85574		12.1751		11.53638
143		11.85593		12.17529		11.53657
144		11.85565		12.17555		11.53576
145		11.85556		12.1754		11.53571
146		11.85443		12.17371		11.53516
147		11.85438		12.17361		11.53514
148		11.85452		12.17382		11.53522
149		11.855		12.17455		11.53546
150		11.85518		12.1748		11.53557
151		11.85516		12.17475		11.53558
152		11.85506		12.17458		11.53554
153		11.85429		12.17639		11.53219
154		11.85425		12.17633		11.53217
155		11.85405		12.17579		11.53231
156		11.85418		12.17575		11.53262
157		11.85413		12.17557		11.5327
158		11.85471		12.17622		11.53319
159		11.85484		12.1764		11.53328
160		11.85474		12.17615		11.53332
161		11.8548		12.176		11.53359
162		11.85544		12.17697		11.5339
163		11.85546		12.17691		11.534
164		11.85548		12.17671		11.53425
165		11.85569		12.17699		11.53439
166		11.85433		12.17617		11.53249
167		11.69423		12.08968		11.29878
168		11.69415		12.08945		11.29885
169		11.69424		12.08952		11.29896
170		11.69421		12.08937		11.29904
171		11.69425		12.08936		11.29914
172		11.69457		12.08974		11.2994
173		11.69368		12.088		11.29936
174		11.69365		12.0879		11.29939
175		11.69371		12.08792		11.29949
176		11.6933		12.08902		11.29758
177		11.6925		12.08925		11.29574
178		11.6925		12.0891		11.29591
179		11.69206		12.08797		11.29614
180		11.69212		12.08776		11.29648
181		11.69202		12.0874		11.29664
182		11.69186		12.08743		11.29628
183		11.69189		12.0875		11.29629
184		11.69185		12.08743		11.29627
185		11.69186		12.08746		11.29626
186		11.69185		12.08743		11.29626
187		11.69189		12.08751		11.29628
188		11.69191		12.08748		11.29635
189		11.69195		12.08741		11.29648
190		11.69195		12.08724		11.29666
191		11.69169		12.08675		11.29663
192		11.69177		12.08672		11.29682
193		11.69175		12.08668		11.29682
194		11.69188		12.08695		11.29682
195		11.69141		12.08575		11.29707
196		11.69066		12.08442		11.2969
197		11.53068		11.92629		11.13507
198		11.53031		11.9261		11.13452
199		11.53028		11.92604		11.13452
200		11.53034		11.92604		11.13465
201		11.53037		11.92612		11.13462
202		11.53036		11.92609		11.13463
203		11.53075		11.92682		11.13469
204		11.53092		11.9272		11.13464
205		11.53085		11.92706		11.13464
206		11.5301		11.92674		11.13346
207		11.53002		11.92655		11.13348
208		11.53001		11.92639		11.13362
209		11.53005		11.92636		11.13375
210		11.53002		11.92621		11.13384
211		11.53007		11.92616		11.13397
212		11.52924		11.92588		11.1326
213		11.5293		11.92588		11.13272
214		11.52938		11.9259		11.13286
215		11.52938		11.92578		11.13299
216		11.52897		11.92571		11.13222
217		11.52891		11.92559		11.13223
218		11.52897		11.9256		11.13235
219		11.52932		11.92627		11.13237
220		11.52919		11.92652		11.13185
221		11.52954		11.92729		11.13179
222		11.52956		11.92724		11.13187
223		11.52898		11.92696		11.13101
224		11.52897		11.92679		11.13116
225		11.52857		11.92656		11.13058
226		11.52871		11.92679		11.13062
227		11.52877		11.9267		11.13083
228		11.52876		11.92654		11.13098
229		11.52853		11.92634		11.13071
230		11.52882		11.92682		11.13083
231		11.52887		11.92673		11.131
232		11.52887		11.92669		11.13105
233		11.52878		11.92661		11.13095
234		11.52911		11.92721		11.13101
235		11.52909		11.92715		11.13104
236		11.52904		11.92697		11.1311
237		11.52869		11.92675		11.13063
238		11.52865		11.92666		11.13063
239		11.52868		11.92657		11.13079
240		11.52868		11.92643		11.13092
241		11.52875		11.9265		11.13099
242		11.52876		11.92637		11.13115
243		11.52879		11.92638		11.13121
244		11.52882		11.92645		11.13119
245		11.52889		11.92634		11.13143
246		11.52882		11.92615		11.13148
247		11.52882		11.92619		11.13145
248		11.52886		11.9262		11.13151
249		11.52887		11.92613		11.1316
250		11.52887		11.92615		11.13159
