step	mediator-max-opt_inst_loss_mean	mediator-max-opt_inst_loss_std_up	mediator-max-opt_inst_loss_std_down
1		23.1548		45.96343		0.34617
2		-31.21265		-10.14179		-52.2835
3		-36.26451		-0.0371		-72.49193
4		-31.35499		3.86651		-66.57649
5		-22.77798		17.16958		-62.72553
6		-17.15864		21.97781		-56.29508
7		-24.8799		10.84181		-60.60162
8		-15.9621		19.98629		-51.91049
9		-9.98403		29.46513		-49.43319
10		-0.28223		39.59016		-40.15462
11		6.5211		50.10464		-37.06245
12		17.09158		61.31646		-27.13329
13		24.80932		72.97777		-23.35913
14		19.2969		82.56457		-43.97078
15		30.53979		95.87641		-34.79682
16		38.96533		108.97604		-31.04538
17		51.24341		123.67879		-21.19197
18		60.75862		138.24335		-16.72612
19		74.18371		154.48728		-6.11985
20		67.86084		135.03621		0.68548
21		50.97792		120.07152		-18.11568
22		63.88824		133.44524		-5.66875
23		57.02351		102.12419		11.92283
24		56.61566		87.00534		26.22597
25		66.41361		95.84321		36.98401
26		63.09088		111.73835		14.44342
27		59.59327		102.2996		16.88695
28		55.91158		83.83467		27.98849
29		52.03611		83.03279		21.03943
30		65.00213		99.652		30.35225
31		75.24147		109.64306		40.83989
32		72.38337		118.67534		26.09139
33		69.37484		139.64772		-0.89804
34		66.20796		120.40395		12.01197
35		79.91987		143.36422		16.47551
36		90.94436		151.31938		30.56933
37		88.91272		156.31221		21.51323
38		86.77415		155.95358		17.59473
39		67.47758		113.39478		21.56038
40		67.61994		101.53801		33.70187
41		60.95161		110.80126		11.10197
42		60.7505		111.13154		10.36946
43		36.67517		98.38231		-25.03198
44		55.65089		120.60578		-9.304
45		58.57989		126.95346		-9.79368
46		27.57213		118.94677		-63.80251
47		22.20511		129.82837		-85.41815
48		16.55562		140.03841		-106.92716
49		27.65424		154.60257		-99.29409
50		18.88246		124.17606		-86.41114
51		16.46718		134.15144		-101.21708
52		24.15206		143.37184		-95.06773
53		35.65049		165.79368		-94.4927
54		27.29956		170.53419		-115.93508
55		25.32729		178.01709		-127.36252
56		16.43303		180.05795		-147.1919
57		30.93429		205.02431		-143.15574
58		35.9715		217.36465		-145.42165
59		34.45564		193.41216		-124.50087
60		26.04183		164.46334		-112.37969
61		24.00336		138.09733		-90.09061
62		15.03942		106.57465		-76.49581
63		12.42188		78.53125		-53.6875
64		2.84839		46.32721		-40.63043
65		-17.45624		-1.14691		-33.76558
66		-25.19317		13.10392		-63.49027
67		-16.29186		19.57461		-52.15832
68		-10.33114		31.83813		-52.50042
69		-0.64761		39.29291		-40.58813
70		-10.90897		23.91736		-45.7353
71		-14.89222		30.24407		-60.02851
72		-8.85784		37.06137		-54.77705
73		-16.14222		39.9237		-72.20815
74		-6.76454		49.63222		-63.1613
75		-0.30239		61.65593		-62.2607
76		9.90897		72.50847		-52.69052
77		17.24868		85.73852		-51.24116
78		28.38378		97.85885		-41.0913
79		36.69584		112.42515		-39.03347
80		14.76357		100.7611		-71.23396
81		-4.91395		56.9923		-66.8202
82		-11.99076		68.94524		-92.92676
83		-2.39458		76.59414		-81.3833
84		4.29757		93.64147		-85.04633
85		14.75103		102.58998		-73.08792
86		5.30013		106.14505		-95.5448
87		2.16999		100.47262		-96.13264
88		-7.94307		68.82287		-84.70902
89		5.27524		86.25568		-75.70521
90		8.96197		94.01599		-76.09204
91		-11.02089		56.73351		-78.77529
92		-18.41912		29.07572		-65.91396
93		-26.20673		7.57519		-59.98865
94		-17.35876		20.96374		-55.68126
95		-11.4542		26.07917		-48.98757
96		-18.87523		1.98848		-39.73894
97		-9.64139		13.27191		-32.55469
98		-20.37611		33.10664		-73.85885
99		-7.81217		45.34858		-60.97292
100		-4.81424		54.26499		-63.89348
101		-8.47672		56.05307		-73.0065
102		-19.15013		37.55136		-75.85163
103		-6.52167		55.29027		-68.33362
104		-3.45583		59.46567		-66.37732
105		-7.0468		65.44022		-79.53382
106		-0.5995		72.17887		-73.37788
107		-7.44924		60.1874		-75.08588
108		2.38597		72.2083		-67.43637
109		-7.71573		40.4029		-55.83435
110		-11.53091		41.08879		-64.1506
111		-5.31962		44.05784		-54.69707
112		4.62768		62.6004		-53.34504
113		11.68942		66.70073		-43.32189
114		-11.55898		39.0555		-62.17347
115		1.46901		51.32143		-48.38341
116		-12.09003		34.87392		-59.05399
117		-12.72635		39.39944		-64.85214
118		-9.98707		42.5004		-62.47453
119		-13.9218		50.33523		-78.17882
120		-24.88179		51.75079		-101.51438
121		-29.60045		22.74321		-81.94412
122		-24.34019		34.6945		-83.37488
123		-32.43943		33.14854		-98.02741
124		-40.96495		3.71588		-85.64579
125		-32.89373		17.45262		-83.24008
126		-27.8068		21.84434		-77.45794
127		-53.13395		-29.79232		-76.47559
128		-76.38502		-37.32504		-115.445
129		-70.17801		-35.8191		-104.53693
130		-67.05341		-24.14404		-109.96278
131		-60.35526		-21.94622		-98.7643
132		-56.71368		-9.5378		-103.88955
133		-49.47133		-6.57269		-92.36998
134		-79.34781		-50.81935		-107.87628
135		-66.47856		-36.4486		-96.50852
136		-69.97743		-38.36695		-101.58792
137		-73.66046		-47.55022		-99.77069
138		-74.12823		-48.69645		-99.56001
139		-64.39335		-35.609		-93.17771
140		-64.37339		-36.12763		-92.61914
141		-71.17055		-50.80026		-91.54083
142		-68.09819		-49.3238		-86.87257
143		-78.50048		-64.65966		-92.3413
144		-89.45027		-61.62355		-117.27699
145		-83.93091		-55.97942		-111.88239
146		-81.53014		-50.8259		-112.23438
147		-75.59393		-44.61308		-106.57478
148		-72.75437		-38.85624		-106.6525
149		-66.35628		-32.01287		-100.69969
150		-63.03053		-25.58846		-100.4726
151		-56.12065		-18.04608		-94.19523
152		-69.30165		-13.72506		-124.87823
153		-59.31274		-3.48311		-115.14236
154		-59.02537		2.39785		-120.44858
155		-65.54106		-5.19035		-125.89177
156		-62.17241		3.64855		-127.99336
157		-72.26282		-22.3321		-122.19354
158		-65.83885		-6.58849		-125.08922
159		-62.48587		-6.82058		-118.15117
160		-72.59279		-29.65997		-115.5256
161		-66.18619		-25.25737		-107.115
162		-62.85149		-15.53356		-110.16941
163		-72.97764		-33.92936		-112.02593
164		-83.63675		-32.75513		-134.51838
165		-77.81142		-30.68595		-124.93689
166		-92.13403		-65.12178		-119.14628
167		-83.34682		-56.94244		-109.7512
168		-84.32441		-54.53816		-114.11065
169		-75.12617		-45.80252		-104.44981
170		-75.67109		-42.80771		-108.53447
171		-66.01741		-33.4551		-98.57973
172		-66.08292		-29.8068		-102.35904
173		-55.92461		-19.77013		-92.07909
174		-55.45892		-15.39848		-95.51935
175		-44.74144		-4.60349		-84.87939
176		-60.73262		-15.77917		-105.68607
177		-63.92907		-12.47612		-115.38203
178		-63.88467		-12.41354		-115.3558
179		-53.61066		3.24119		-110.4625
180		-53.02318		4.13104		-110.1774
181		-42.17751		20.65822		-105.01324
182		-40.98829		22.46488		-104.44146
183		-46.55466		-9.8301		-83.27922
184		-59.23218		-48.36749		-70.09686
185		-48.71329		-31.15969		-66.2669
186		-47.86806		-35.527		-60.20913
187		-36.75107		-17.63622		-55.86592
188		-35.27625		-21.2965		-49.25599
189		-40.54198		-11.02616		-70.05781
190		-35.85759		-12.56873		-59.14645
191		-27.51756		4.76997		-59.80508
192		-22.14767		4.05692		-48.35225
193		-30.13151		3.31086		-63.57389
194		-21.49011		5.86206		-48.84228
195		-49.89389		-36.83284		-62.95494
196		-35.47442		-21.72595		-49.2229
197		-37.3415		-22.86942		-51.81358
198		-22.26138		-7.02761		-37.49514
199		-23.43303		-7.39749		-39.46857
200		-7.62088		9.25864		-24.5004
201		-8.02198		9.74594		-25.78989
202		8.60129		27.30436		-10.10177
203		9.05399		28.74143		-10.63345
204		9.53052		54.32079		-35.25975
205		13.4412		54.58464		-27.70223
206		-6.306		30.32999		-42.94199
207		3.58932		35.68472		-28.50608
208		-6.44912		31.1861		-44.08433
209		6.84769		41.559		-27.86363
210		10.61723		52.04602		-30.81157
211		7.767		64.33214		-48.79815
212		14.99412		74.24414		-44.2559
213		26.01025		88.64163		-36.62113
214		17.15154		65.53293		-31.22984
215		31.68992		87.75678		-24.37694
216		36.76713		90.6354		-17.10114
217		35.29346		111.59982		-41.0129
218		43.96998		116.68792		-28.74795
219		39.46706		127.03016		-48.09605
220		34.72471		137.33795		-67.88852
221		29.73596		118.92686		-59.45494
222		41.53186		136.159		-53.09528
223		50.53279		149.38023		-48.31464
224		63.42588		168.21968		-41.36793
225		56.54495		149.58084		-36.49093
226		56.10834		137.93615		-25.71947
227		65.87019		150.15823		-18.41785
228		45.43011		151.61305		-60.75283
229		44.42022		135.26015		-46.41972
230		19.39973		85.22193		-46.42247
231		3.44576		44.82172		-37.9302
232		-23.79393		19.43493		-67.02278
233		-25.04624		37.92893		-88.02141
234		-22.92327		38.64634		-84.49288
235		-27.49662		25.7485		-80.74174
236		-39.33779		12.82842		-91.50401
237		-44.74418		-3.2412		-86.24715
238		-40.08853		1.07505		-81.25212
239		-32.35095		13.26222		-77.96413
240		-26.90232		18.65064		-72.45528
241		-18.74846		31.29647		-68.79339
242		-12.34028		37.98044		-62.661
243		-3.90083		50.86733		-58.66899
244		3.71058		59.1838		-51.76264
245		12.16235		71.91033		-47.58563
246		21.34942		82.41578		-39.71693
247		29.28831		94.31363		-35.73701
248		40.641		108.02156		-26.73956
249		39.9		101.29088		-21.49088
250		0.0		0.0		0.0
