step	mediator-max-opt_cum_inst_loss_mean	mediator-max-opt_cum_inst_loss_std_up	mediator-max-opt_cum_inst_loss_std_down
1		53.20041		94.83455		11.56627
2		50.66017		140.13695		-38.81661
3		24.12259		161.40982		-113.16464
4		-7.22079		171.14001		-185.58159
5		-33.39564		197.18352		-263.9748
6		-50.72084		230.72213		-332.16381
7		-62.13971		279.56341		-403.84283
8		-80.97776		327.76073		-489.71625
9		-107.62546		350.02916		-565.28009
10		-142.49386		364.71805		-649.70577
11		-168.97016		390.7045		-728.64483
12		-190.02178		427.56015		-807.6037
13		-201.95409		475.92386		-879.83205
14		-224.7417		490.85113		-940.33453
15		-269.1832		457.02286		-995.38927
16		-305.73646		435.20899		-1046.68191
17		-337.39538		416.61525		-1091.40602
18		-360.4933		410.97615		-1131.96275
19		-395.03417		388.60055		-1178.66888
20		-451.84752		339.10986		-1242.8049
21		-501.42378		296.3303		-1299.17785
22		-546.79113		261.76101		-1355.34326
23		-584.31896		234.40608		-1403.04401
24		-617.00376		216.71568		-1450.7232
25		-641.18155		206.82589		-1489.18898
26		-693.90457		157.24068		-1545.04981
27		-732.35703		123.09612		-1587.81018
28		-772.83331		88.25116		-1633.91779
29		-798.39447		69.8091		-1666.59803
30		-825.30095		51.68417		-1702.28606
31		-836.5781		51.0351		-1724.1913
32		-848.44879		51.8312		-1748.72878
33		-843.8988		71.28549		-1759.08309
34		-839.10933		93.42047		-1771.63914
35		-834.06779		97.82158		-1765.95716
36		-825.35181		113.07843		-1763.78206
37		-853.6771		132.45831		-1839.81251
38		-903.94774		159.77454		-1967.67001
39		-946.63692		199.2553		-2092.52914
40		-984.75473		249.69596		-2219.20542
41		-1014.65146		313.69424		-2342.99716
42		-1056.34898		358.94352		-2471.64147
43		-1086.60474		425.59839		-2598.80786
44		-1115.04381		499.07265		-2729.16028
45		-1131.34332		594.99777		-2857.68441
46		-1145.0916		698.81294		-2988.99615
47		-1145.92712		826.2889		-3118.14314
48		-1143.39752		962.93491		-3249.72994
49		-1161.18932		1054.39293		-3376.77157
50		-1186.73572		1119.58852		-3493.05996
51		-1220.44485		1153.47969		-3594.36939
52		-1262.74633		1156.34177		-3681.83442
53		-1314.09238		1123.97234		-3752.15709
54		-1357.91358		1105.19051		-3821.01766
55		-1414.26843		1076.74876		-3905.28562
56		-1459.95297		1063.82593		-3983.73186
57		-1504.63286		1051.05378		-4060.3195
58		-1572.11887		992.77989		-4137.01763
59		-1632.9295		944.51084		-4210.36985
60		-1690.12252		898.16031		-4278.40534
61		-1740.09841		862.54512		-4342.74195
62		-1785.88644		829.50888		-4401.28176
63		-1823.85709		808.02314		-4455.73732
64		-1857.00801		789.85918		-4503.87521
65		-1898.7219		773.23718		-4570.68099
66		-1932.40399		763.15644		-4627.96441
67		-1961.04063		764.80533		-4686.88659
68		-1980.9572		773.93103		-4735.84543
69		-2012.14928		745.76491		-4770.06346
70		-2031.34668		733.46301		-4796.15636
71		-2065.19083		716.70987		-4847.09154
72		-2083.7708		717.28429		-4884.82589
73		-2103.32867		719.15219		-4925.80953
74		-2140.96135		681.41446		-4963.33716
75		-2190.80197		646.69801		-5028.30195
76		-2229.62942		618.06321		-5077.32205
77		-2267.09133		599.02216		-5133.20481
78		-2309.934		578.25258		-5198.12059
79		-2365.25883		518.7272		-5249.24486
80		-2409.85913		472.23953		-5291.95779
81		-2453.39772		426.10693		-5332.90236
82		-2485.59145		393.85009		-5365.03299
83		-2533.11595		353.51856		-5419.75046
84		-2566.09629		329.36146		-5461.55404
85		-2600.81243		305.30718		-5506.93204
86		-2654.4012		229.50184		-5538.30423
87		-2721.03769		143.77809		-5585.85348
88		-2777.54501		61.34132		-5616.43134
89		-2833.61731		-15.25345		-5651.98117
90		-2879.00442		-87.89952		-5670.10931
91		-2923.37123		-154.09692		-5692.64553
92		-2956.43677		-215.56392		-5697.30962
93		-2987.83351		-269.87067		-5705.79636
94		-3007.24635		-318.51672		-5695.97599
95		-3024.27183		-359.16205		-5689.38161
96		-3045.60248		-388.75202		-5702.45294
97		-3061.23761		-408.70499		-5713.77022
98		-3101.55928		-451.20824		-5751.91032
99		-3130.36677		-478.65663		-5782.07691
100		-3157.28137		-501.94691		-5812.61582
101		-3171.97615		-508.97337		-5834.97893
102		-3184.03525		-509.7213		-5858.3492
103		-3183.09268		-492.79439		-5873.39097
104		-3195.73687		-485.72317		-5905.75056
105		-3192.00108		-458.5398		-5925.46236
106		-3188.06867		-427.01645		-5949.12089
107		-3183.92929		-397.10947		-5970.74912
108		-3176.16297		-357.4991		-5994.82683
109		-3171.39697		-322.58664		-6020.2073
110		-3176.60741		-297.68781		-6055.52702
111		-3202.54663		-309.13981		-6095.95345
112		-3219.6238		-304.43866		-6134.80893
113		-3230.78158		-295.19232		-6166.37084
114		-3249.3448		-291.61979		-6207.0698
115		-3258.65775		-278.38673		-6238.92877
116		-3261.64268		-251.76308		-6271.52229
117		-3271.60289		-241.57594		-6301.62985
118		-3271.86006		-213.48677		-6330.23334
119		-3265.31257		-180.34825		-6350.27689
120		-3282.28412		-172.8978		-6391.67044
121		-3286.51254		-153.77512		-6419.24995
122		-3287.55442		-126.1794		-6448.92943
123		-3292.06023		-115.24233		-6468.87812
124		-3289.985		-90.698		-6489.272
125		-3294.61873		-81.46998		-6507.76748
126		-3306.31452		-83.91869		-6528.71036
127		-3308.39861		-78.94537		-6537.85186
128		-3303.77421		-62.00563		-6545.54279
129		-3288.67914		-36.26188		-6541.0964
130		-3265.97142		2.63468		-6534.57752
131		-3248.88673		30.12702		-6527.90048
132		-3220.67558		74.20583		-6515.55699
133		-3184.16145		123.68961		-6492.0125
134		-3169.58915		147.13191		-6486.31022
135		-3157.65899		199.80013		-6515.11811
136		-3138.28274		258.22301		-6534.78849
137		-3124.70487		306.15051		-6555.56025
138		-3117.23056		336.33651		-6570.79763
139		-3116.18104		358.99683		-6591.35891
140		-3121.89447		365.64436		-6609.4333
141		-3134.72678		363.00436		-6632.45793
142		-3138.00721		367.77665		-6643.79108
143		-3151.68757		362.73582		-6666.11096
144		-3152.45158		369.09737		-6674.00053
145		-3149.84671		382.1508		-6681.84422
146		-3133.46838		407.59329		-6674.53005
147		-3129.86439		411.24985		-6670.97864
148		-3160.16163		353.91633		-6674.2396
149		-3181.82619		309.88339		-6673.53578
150		-3197.81281		265.51415		-6661.13977
151		-3221.45901		204.05529		-6646.97331
152		-3236.12248		147.23669		-6619.48164
153		-3244.73952		97.13208		-6586.61112
154		-3260.62827		68.16598		-6589.42253
155		-3267.12601		44.08177		-6578.33378
156		-3267.14754		30.09081		-6564.3859
157		-3273.98839		5.09527		-6553.07205
158		-3270.96202		-5.43098		-6536.49305
159		-3278.00363		2.60006		-6558.60731
160		-3322.91585		-18.68771		-6627.14399
161		-3356.55551		-26.61193		-6686.4991
162		-3388.55659		-31.59591		-6745.51728
163		-3425.65103		-54.60351		-6796.69855
164		-3457.87963		-68.83567		-6846.92359
165		-3481.57719		-75.05555		-6888.09883
166		-3499.70381		-71.71858		-6927.68905
167		-3525.60265		-85.4414		-6965.7639
168		-3559.68277		-116.21057		-7003.15496
169		-3585.3293		-137.8675		-7032.7911
170		-3622.55292		-178.05657		-7067.04927
171		-3665.14477		-235.68829		-7094.60125
172		-3703.16012		-286.9659		-7119.35434
173		-3732.949		-331.64997		-7134.24804
174		-3757.48754		-369.00209		-7145.97298
175		-3790.13576		-385.45614		-7194.81537
176		-3831.32048		-382.28667		-7280.3543
177		-3864.44556		-369.88984		-7359.00128
178		-3892.49587		-346.90695		-7438.08479
179		-3911.79525		-313.70688		-7509.88363
180		-3942.33766		-303.86562		-7580.80969
181		-3977.89665		-313.40308		-7642.39021
182		-4008.50898		-313.85666		-7703.16131
183		-4030.50522		-306.14832		-7754.86212
184		-4046.84097		-288.3341		-7805.34785
185		-4053.80923		-261.38594		-7846.23252
186		-4071.37151		-234.58201		-7908.16101
187		-4093.26721		-223.74764		-7962.78678
188		-4109.49714		-199.4443		-8019.54997
189		-4116.354		-169.24576		-8063.46224
190		-4116.75356		-124.43367		-8109.07345
191		-4123.99234		-95.64076		-8152.34391
192		-4138.43028		-83.36298		-8193.49758
193		-4160.4463		-73.53327		-8247.35933
194		-4173.39378		-49.90732		-8296.88025
195		-4180.20453		-19.04418		-8341.36488
196		-4177.14646		26.75139		-8381.04432
197		-4167.10927		81.27448		-8415.49302
198		-4163.36198		121.98073		-8448.70469
199		-4166.23565		147.15435		-8479.62564
200		-4159.03328		186.50776		-8504.57432
201		-4144.63366		234.61143		-8523.87875
202		-4119.24888		298.03435		-8536.53212
203		-4085.7099		371.95515		-8543.37494
204		-4040.1784		462.48795		-8542.84476
205		-4002.47775		525.42095		-8530.37645
206		-3983.24749		542.26937		-8508.76434
207		-3969.82325		532.41758		-8472.06408
208		-3962.51071		528.23079		-8453.25221
209		-3944.58612		530.46127		-8419.63351
210		-3935.94554		504.5644		-8376.45548
211		-3913.21406		492.12682		-8318.55495
212		-3885.87702		483.5396		-8255.29364
213		-3860.51018		496.43891		-8217.45927
214		-3844.03592		519.32402		-8207.39586
215		-3813.05892		557.70172		-8183.81955
216		-3777.04223		601.84442		-8155.92888
217		-3742.53871		668.7657		-8153.84313
218		-3699.40025		741.52283		-8140.32332
219		-3677.85131		762.11197		-8117.81459
220		-3675.62689		789.98505		-8141.23884
221		-3697.1427		824.77629		-8219.06169
222		-3706.14978		875.47563		-8287.7752
223		-3712.2234		932.47409		-8356.9209
224		-3704.97207		1006.55027		-8416.4944
225		-3693.93271		1088.24181		-8476.10723
226		-3685.72499		1156.17636		-8527.62635
227		-3670.27651		1237.65919		-8578.21222
228		-3643.76913		1330.82538		-8618.36364
229		-3643.07424		1389.51095		-8675.65942
230		-3659.44177		1397.08462		-8715.96815
231		-3686.85575		1380.34074		-8754.05224
232		-3702.00205		1373.63695		-8777.64105
233		-3714.56083		1373.10762		-8802.22928
234		-3714.01585		1383.56804		-8811.59973
235		-3710.07532		1401.10332		-8821.25397
236		-3709.39206		1411.62372		-8830.40784
237		-3702.0009		1432.57942		-8836.58121
238		-3701.23132		1422.0957		-8824.55834
239		-3690.57374		1428.47123		-8809.61871
240		-3672.20392		1434.57308		-8778.98092
241		-3643.29749		1457.99761		-8744.5926
242		-3605.47474		1482.04364		-8692.99312
243		-3556.57238		1523.60151		-8636.74626
244		-3516.82128		1563.84447		-8597.48703
245		-3463.96938		1621.66234		-8549.6011
246		-3404.06233		1681.45744		-8489.5821
247		-3365.99146		1720.54963		-8452.53255
248		-3330.82246		1785.76895		-8447.41387
249		-3290.92246		1857.48736		-8439.33228
250		-3290.92246		1857.48736		-8439.33228
