step	mediator-max-opt_cum_inst_loss_mean	mediator-max-opt_cum_inst_loss_std_up	mediator-max-opt_cum_inst_loss_std_down
1		121.8524		198.09437		45.61044
2		204.88137		350.42716		59.33558
3		284.90129		501.64203		68.16055
4		359.90904		651.82809		67.98998
5		429.64082		800.79753		58.48411
6		493.81894		948.4379		39.19999
7		552.15113		1094.65738		9.64488
8		604.32968		1239.36979		-30.71044
9		650.03072		1382.48929		-82.42785
10		688.91334		1523.92801		-146.10133
11		720.61867		1663.59486		-222.35751
12		744.76896		1801.39479		-311.85686
13		760.96657		1937.22826		-415.29512
14		797.24043		2061.77562		-467.29476
15		828.04445		2184.3777		-528.2888
16		851.24598		2305.43449		-602.94252
17		894.8924		2419.36825		-629.58346
18		933.457		2529.97944		-663.06545
19		964.82756		2637.40853		-707.7534
20		988.62547		2741.48005		-764.2291
21		1004.45216		2842.00937		-833.10506
22		1011.88808		2938.80226		-915.0261
23		1038.93911		3071.85907		-993.98085
24		1060.03489		3206.39169		-1086.32191
25		1129.9122		3329.66173		-1069.83733
26		1197.93302		3450.42752		-1054.56149
27		1260.31014		3569.24037		-1048.6201
28		1345.194		3728.45713		-1038.06912
29		1427.16645		3890.03319		-1035.70029
30		1504.22949		4051.3272		-1042.86823
31		1604.57222		4203.68718		-994.54274
32		1702.81715		4354.92096		-949.28665
33		1797.00913		4505.56276		-911.5445
34		1886.93484		4655.60841		-881.73874
35		1972.36973		4805.0527		-860.31325
36		2053.07745		4953.88906		-847.73416
37		2128.8092		5102.10933		-844.49093
38		2199.30309		5249.70351		-851.09734
39		2264.28344		5396.65945		-868.09258
40		2323.46006		5542.96261		-896.04249
41		2376.5275		5688.59576		-935.54076
42		2423.16421		5833.53876		-987.21033
43		2463.03175		5977.76828		-1051.70478
44		2495.77383		6121.25756		-1129.70989
45		2521.01544		6263.97618		-1221.9453
46		2538.36181		6405.88986		-1329.16624
47		2547.3974		6546.9602		-1452.16541
48		2576.13229		6674.47714		-1522.21256
49		2599.00055		6798.95119		-1600.95009
50		2642.29614		6922.13738		-1637.54509
51		2708.93895		7030.24624		-1612.36834
52		2771.71028		7134.30557		-1590.88502
53		2857.0091		7221.35285		-1507.33466
54		2939.41834		7303.17674		-1424.34006
55		3016.94116		7380.41576		-1346.53343
56		3089.32039		7452.86459		-1274.22381
57		3156.28531		7520.31089		-1207.74027
58		3217.55095		7582.5353		-1147.4334
59		3281.26485		7654.50862		-1091.97893
60		3340.95311		7724.66345		-1042.75723
61		3394.55911		7789.5896		-1000.47137
62		3441.76274		7849.04199		-965.51651
63		3510.67452		7902.12405		-880.77501
64		3575.83423		7949.06332		-797.39485
65		3635.19966		7989.61564		-719.21631
66		3688.46584		8023.48971		-646.55802
67		3735.31176		8050.38461		-579.76108
68		3775.39951		8069.99003		-519.191
69		3816.82089		8096.11206		-462.47028
70		3853.04334		8117.84256		-411.75587
71		3881.9485		8131.88165		-367.98465
72		3903.15123		8137.87104		-331.56857
73		3916.24616		8135.43928		-302.94696
74		3920.80654		8124.2018		-282.58871
75		3924.83069		8117.33458		-267.6732
76		3921.68764		8104.33338		-260.95809
77		3917.60292		8095.4842		-260.27837
78		3905.92421		8080.45137		-268.60295
79		3884.40709		8056.01086		-287.19668
80		3860.98123		8035.40812		-313.44566
81		3857.39093		7991.15576		-276.37391
82		3881.57513		7997.27212		-234.12186
83		3903.34269		8004.51858		-197.83321
84		3917.03216		8003.11475		-169.05043
85		3922.21839		7992.62845		-148.19167
86		3936.90132		8004.58894		-130.7863
87		3953.42553		8027.5256		-120.67453
88		3963.44045		8046.05758		-119.17669
89		3973.2062		8070.79784		-124.38544
90		3976.10695		8090.99114		-138.77724
91		3969.93663		8103.2969		-163.42365
92		3962.66529		8122.95123		-197.62065
93		3947.63226		8137.95353		-242.68901
94		3931.03176		8159.50296		-297.43944
95		3914.62604		8192.05464		-362.80256
96		3889.97787		8220.78027		-440.82453
97		3873.25617		8274.04836		-527.53601
98		3856.72288		8339.6328		-626.18705
99		3831.94041		8402.89549		-739.01467
100		3825.07735		8443.72007		-793.56537
101		3818.92157		8492.39068		-854.54754
102		3833.51029		8543.45572		-876.43514
103		3841.48785		8588.35777		-905.38207
104		3840.66153		8626.43251		-945.10945
105		3859.01547		8641.62965		-923.59871
106		3879.4039		8663.28624		-904.47845
107		3893.4864		8680.88561		-893.91281
108		3907.53384		8706.55313		-891.48545
109		3914.94162		8728.83868		-898.95545
110		3913.51553		8744.28412		-917.25306
111		3902.79065		8752.64622		-947.06492
112		3882.27755		8753.67823		-989.12312
113		3851.46108		8747.13007		-1044.20792
114		3828.24642		8763.06425		-1106.5714
115		3814.87844		8774.09158		-1144.3347
116		3793.42788		8777.18405		-1190.32829
117		3761.62461		8772.06984		-1248.82062
118		3718.92373		8758.39422		-1320.54676
119		3673.19918		8750.64754		-1404.24918
120		3636.13657		8734.90817		-1462.63504
121		3598.19179		8724.08667		-1527.70309
122		3596.21338		8751.64835		-1559.22159
123		3590.44135		8778.18213		-1597.29943
124		3612.03676		8803.80708		-1579.73355
125		3629.23453		8824.76158		-1566.29252
126		3638.1137		8838.18649		-1561.95909
127		3656.68394		8840.33549		-1526.96762
128		3677.30005		8847.75266		-1493.15256
129		3691.62222		8849.75545		-1466.51101
130		3705.92194		8857.36145		-1445.51757
131		3713.59527		8859.68608		-1432.49553
132		3712.44873		8853.35217		-1428.45471
133		3728.91307		8852.29908		-1394.47294
134		3749.1572		8860.91193		-1362.59753
135		3763.08781		8864.90693		-1338.7313
136		3776.97536		8879.46301		-1325.51229
137		3811.10981		8931.85216		-1309.63253
138		3841.50657		8984.29297		-1301.27983
139		3864.27941		9030.97347		-1302.41464
140		3879.02708		9071.65568		-1313.60152
141		3885.3272		9106.09423		-1335.43984
142		3901.18264		9157.97641		-1355.61113
143		3910.49359		9205.99508		-1385.0079
144		3911.07084		9247.53584		-1425.39415
145		3902.45473		9282.27583		-1477.36636
146		3902.60889		9333.18465		-1527.96687
147		3895.39216		9379.93911		-1589.15478
148		3878.57187		9419.98371		-1662.83998
149		3880.09003		9447.06655		-1686.88648
150		3892.7566		9463.63616		-1678.12297
151		3898.71083		9471.63421		-1674.21256
152		3904.20218		9486.39561		-1677.99125
153		3902.60356		9496.23269		-1691.02557
154		3891.69706		9497.51606		-1714.12195
155		3870.99278		9489.81087		-1747.82531
156		3848.42255		9491.39684		-1794.55174
157		3864.1804		9480.42182		-1752.06103
158		3902.12833		9497.6153		-1693.35864
159		3936.53928		9512.39864		-1639.32008
160		3971.98508		9537.7018		-1593.73165
161		4020.36493		9581.26755		-1540.53768
162		4072.35959		9636.33485		-1491.61566
163		4119.71182		9688.82455		-1449.40091
164		4160.33252		9735.11496		-1414.44992
165		4193.86741		9774.90722		-1387.1724
166		4219.94355		9807.88947		-1368.00237
167		4238.16838		9833.73649		-1357.39974
168		4266.57615		9874.54305		-1341.39076
169		4315.99504		9923.84215		-1291.85207
170		4362.48069		9970.51515		-1245.55378
171		4402.1892		10011.30005		-1206.92164
172		4434.76389		10045.98134		-1176.45356
173		4459.8293		10074.34174		-1154.68315
174		4476.99019		10096.16286		-1142.18248
175		4504.27803		10148.15572		-1139.59966
176		4525.62308		10197.94142		-1146.69526
177		4557.31529		10237.35561		-1122.72503
178		4611.74401		10265.7464		-1042.25837
179		4680.1059		10322.63455		-962.42276
180		4744.68678		10377.05094		-887.67738
181		4803.44291		10425.27132		-818.38551
182		4856.06772		10466.98832		-754.85287
183		4902.23852		10501.88054		-697.4035
184		4941.61561		10529.6121		-646.38087
185		4973.84144		10549.8322		-602.14931
186		4998.53963		10562.17461		-565.09536
187		5033.76145		10592.61861		-525.0957
188		5063.45807		10619.05422		-492.13808
189		5103.94141		10672.85581		-464.973
190		5139.17645		10724.41699		-446.06408
191		5167.04223		10770.26087		-436.17641
192		5187.15088		10810.16375		-435.86199
193		5207.54163		10861.0102		-445.92694
194		5221.62658		10909.89982		-466.64666
195		5255.67659		10952.07217		-440.719
196		5321.03468		11014.75425		-372.68489
197		5384.29843		11075.19658		-306.59972
198		5441.6681		11130.79321		-247.45701
199		5501.28097		11197.96667		-195.40472
200		5556.65237		11264.26892		-150.96417
201		5624.1618		11317.19803		-68.87443
202		5687.84536		11363.62343		12.06729
203		5745.65694		11404.16426		87.14962
204		5815.73498		11471.14475		160.32521
205		5890.56983		11552.64218		228.49748
206		5961.96436		11633.51729		290.41144
207		6036.34025		11725.98666		346.69383
208		6107.25165		11818.24323		396.26008
209		6172.6715		11906.89738		438.44562
210		6232.31075		11991.83193		472.78956
211		6285.86516		12072.92947		498.80085
212		6351.46197		12138.65199		564.27195
213		6421.57974		12213.20363		629.95584
214		6488.00892		12286.22636		689.79147
215		6548.71062		12354.36911		743.05214
216		6603.38341		12417.42699		789.33984
217		6651.70998		12475.18938		828.23057
218		6693.3563		12527.44014		859.27246
219		6754.86576		12576.07944		933.65208
220		6814.07832		12620.35216		1007.80448
221		6867.18359		12658.08214		1076.28503
222		6932.30761		12676.05323		1188.56199
223		6993.48022		12684.68108		1302.27936
224		7048.64869		12684.78591		1412.51147
225		7097.49703		12675.9539		1519.04015
226		7139.69258		12657.75486		1621.6303
227		7183.3327		12644.31034		1722.35505
228		7221.89067		12624.52566		1819.25568
229		7261.70175		12609.60676		1913.79674
230		7296.22916		12588.54546		2003.91286
231		7323.35005		12557.9249		2088.7752
232		7369.56959		12561.16919		2177.97
233		7412.6875		12561.97605		2263.39894
234		7448.85102		12554.11333		2343.58872
235		7496.14163		12565.44293		2426.84033
236		7538.54222		12571.26326		2505.82119
237		7573.95068		12568.48035		2579.42102
238		7601.999		12556.68338		2647.31463
239		7640.74729		12569.37374		2712.12085
240		7674.15597		12577.03668		2771.27526
241		7700.09926		12576.01611		2824.18241
242		7736.63173		12593.67763		2879.58582
243		7767.70796		12605.93431		2929.48161
244		7791.19604		12609.73116		2972.66092
245		7806.69659		12604.63739		3008.7558
246		7813.78915		12590.2013		3037.377
247		7812.03201		12565.95044		3058.11358
248		7800.95074		12531.38039		3070.52109
249		7806.70774		12533.98165		3079.43383
250		7806.70774		12533.98165		3079.43383
