step	mediator-max-opt_runtime_mean	mediator-max-opt_runtime_std_up	mediator-max-opt_runtime_std_down
1		0.00041		0.00091		-9e-05
2		0.44974		0.71456		0.18493
3		0.89338		1.3555		0.43125
4		1.42412		1.95577		0.89247
5		1.49817		2.08839		0.90795
6		1.61965		2.15427		1.08504
7		1.63081		2.16543		1.09619
8		1.64099		2.17501		1.10697
9		1.65136		2.1858		1.11693
10		1.66273		2.19694		1.12852
11		1.67272		2.2071		1.13834
12		1.68249		2.21712		1.14786
13		1.69305		2.2272		1.15891
14		1.70402		2.23806		1.16998
15		1.71499		2.24853		1.18146
16		1.7872		2.31855		1.25584
17		1.79956		2.33249		1.26663
18		1.86241		2.29863		1.42619
19		1.91945		2.27824		1.56066
20		2.10187		2.57601		1.62773
21		2.29536		2.90931		1.68141
22		2.46453		3.2004		1.72865
23		2.64917		3.52265		1.7757
24		2.8253		3.82279		1.82781
25		2.83647		3.83467		1.83827
26		2.84726		3.8453		1.84921
27		2.85941		3.85595		1.86287
28		2.99146		3.97858		2.00434
29		3.10045		4.08942		2.11149
30		3.22746		4.24083		2.21409
31		3.23903		4.25387		2.22419
32		3.25061		4.26694		2.23428
33		3.26256		4.27997		2.24515
34		3.27574		4.29536		2.25612
35		3.33695		4.42578		2.24811
36		3.41153		4.59348		2.22958
37		3.48554		4.76758		2.20351
38		3.54021		4.89392		2.18651
39		3.59758		5.02838		2.16678
40		3.65204		5.15587		2.14821
41		3.71027		5.29482		2.12572
42		3.76714		5.43251		2.10178
43		3.8152		5.54499		2.08542
44		3.82558		5.55611		2.09505
45		3.83696		5.56584		2.10808
46		3.84732		5.57682		2.11782
47		3.85709		5.58676		2.12741
48		3.86746		5.59675		2.13816
49		3.87803		5.60711		2.14896
50		3.88941		5.61893		2.15989
51		3.90137		5.63175		2.17099
52		3.91275		5.64308		2.18242
53		3.92373		5.65386		2.19359
54		3.93447		5.66484		2.20411
55		3.94605		5.67765		2.21446
56		3.95802		5.68939		2.22664
57		3.9688		5.7004		2.2372
58		3.98017		5.71125		2.2491
59		3.99233		5.72246		2.26221
60		4.00251		5.73233		2.27269
61		4.01427		5.7436		2.28494
62		4.02505		5.75415		2.29595
63		4.03662		5.76503		2.30821
64		4.04779		5.77548		2.32011
65		4.06016		5.78572		2.3346
66		4.07373		5.79704		2.35042
67		4.08446		5.80825		2.36066
68		4.09821		5.82292		2.3735
69		4.11238		5.83612		2.38864
70		4.12369		5.84681		2.40057
71		4.13487		5.85716		2.41258
72		4.14723		5.86845		2.42601
73		4.15899		5.88018		2.4378
74		4.17227		5.89359		2.45095
75		4.18383		5.90326		2.46441
76		4.1958		5.91426		2.47734
77		4.20598		5.92434		2.48761
78		4.21576		5.93301		2.4985
79		4.22751		5.94529		2.50972
80		4.23869		5.95628		2.52109
81		4.24926		5.9671		2.53143
82		4.25997		5.97761		2.54232
83		4.30704		5.99216		2.62193
84		4.35151		6.00814		2.69488
85		4.39979		6.03069		2.76888
86		4.44806		6.05378		2.84233
87		4.49453		6.07847		2.91059
88		4.54532		6.10945		2.98119
89		4.5878		6.13723		3.03837
90		4.63618		6.17365		3.0987
91		4.68101		6.21034		3.15168
92		4.72779		6.24965		3.20594
93		4.77685		6.29529		3.25842
94		4.82293		6.34057		3.30528
95		4.86703		6.38705		3.34701
96		4.91111		6.43656		3.38565
97		4.95872		6.49378		3.42365
98		5.01559		6.56704		3.46414
99		5.02676		6.57752		3.476
100		5.07872		6.64814		3.50929
101		5.12559		6.7155		3.53569
102		5.17719		6.79149		3.56288
103		5.22312		6.86184		3.58441
104		5.269		6.93215		3.60585
105		5.31229		7.00195		3.62264
106		5.36135		7.08614		3.63657
107		5.40524		7.16083		3.64965
108		5.45093		7.23656		3.66531
109		5.49472		7.31433		3.67511
110		5.54058		7.40079		3.68038
111		5.58628		7.48608		3.68647
112		5.62839		7.56456		3.69222
113		5.67357		7.65145		3.6957
114		5.71406		7.72808		3.70003
115		5.76901		7.84312		3.6949
116		5.77939		7.85233		3.70645
117		5.82147		7.93691		3.70603
118		5.8662		8.0256		3.70679
119		5.90943		8.11477		3.70409
120		5.95068		8.20112		3.70024
121		5.99052		8.28469		3.69634
122		6.03042		8.36881		3.69202
123		6.07031		8.45157		3.68904
124		6.11365		8.54369		3.68361
125		6.15893		8.64452		3.67334
126		6.204		8.74379		3.66422
127		6.24669		8.83389		3.65949
128		6.30433		8.96984		3.63882
129		6.3157		8.98173		3.64966
130		6.35799		9.07015		3.64584
131		6.40727		9.17609		3.63845
132		6.48146		9.3548		3.60812
133		6.49303		9.36735		3.6187
134		6.54032		9.47715		3.60349
135		6.58276		9.57199		3.59354
136		6.62306		9.66089		3.58523
137		6.66376		9.75529		3.57222
138		6.70964		9.86324		3.55603
139		6.75531		9.97066		3.53995
140		6.80098		10.07862		3.52335
141		6.84366		10.17555		3.51178
142		6.88761		10.28016		3.49506
143		6.94744		10.42565		3.46923
144		6.95882		10.43814		3.4795
145		7.00369		10.54367		3.4637
146		7.04717		10.64425		3.45009
147		7.08907		10.74259		3.43555
148		7.13408		10.85109		3.41707
149		7.19605		11.00763		3.38448
150		7.20661		11.01756		3.39567
151		7.25282		11.12748		3.37817
152		7.2962		11.22633		3.36607
153		7.34888		11.35176		3.346
154		7.36102		11.36272		3.35933
155		7.37121		11.37342		3.369
156		7.38596		11.38634		3.38558
157		7.39774		11.39691		3.39857
158		7.41049		11.4074		3.41358
159		7.42226		11.41947		3.42504
160		7.46455		11.51531		3.41379
161		7.50824		11.60949		3.40699
162		7.55033		11.70869		3.39197
163		7.59343		11.81157		3.37528
164		7.63451		11.90636		3.36266
165		7.67501		11.99948		3.35054
166		7.71661		12.09285		3.34037
167		7.7587		12.19023		3.32716
168		7.80038		12.29101		3.30975
169		7.84347		12.39497		3.29196
170		7.88915		12.4988		3.27949
171		7.92944		12.59126		3.26761
172		7.96954		12.68753		3.25155
173		8.00806		12.77877		3.23735
174		8.06447		12.91752		3.21143
175		8.07565		12.9277		3.2236
176		8.11495		13.02099		3.20892
177		8.15505		13.11596		3.19415
178		8.19773		13.21492		3.18055
179		8.24241		13.31731		3.16751
180		8.28351		13.40971		3.15732
181		8.327		13.51369		3.1403
182		8.37386		13.6321		3.11563
183		8.41575		13.7302		3.1013
184		8.45537		13.82536		3.08539
185		8.49566		13.92107		3.07026
186		8.54831		14.05633		3.04029
187		8.55988		14.06771		3.05205
188		8.59977		14.16457		3.03498
189		8.63976		14.26071		3.01881
190		8.68186		14.36246		3.00126
191		8.72315		14.46409		2.98221
192		8.7748		14.59726		2.95234
193		8.78598		14.60758		2.96438
194		8.82408		14.69989		2.94827
195		8.86577		14.80198		2.92956
196		8.90607		14.89865		2.91348
197		8.94331		14.98992		2.8967
198		8.98315		15.08597		2.88032
199		9.02145		15.17919		2.8637
200		9.06054		15.27495		2.84613
201		9.1014		15.37132		2.83149
202		9.1417		15.46902		2.81439
203		9.17899		15.55835		2.79963
204		9.21927		15.65308		2.78546
205		9.26136		15.75246		2.77026
206		9.30042		15.84621		2.75462
207		9.35978		15.99979		2.71976
208		9.37155		16.01124		2.73186
209		9.41425		16.1152		2.7133
210		9.47321		16.26758		2.67884
211		9.48452		16.2789		2.69015
212		9.49748		16.29239		2.70256
213		9.50836		16.30227		2.71445
214		9.51972		16.31341		2.72603
215		9.5309		16.32483		2.73697
216		9.54274		16.33813		2.74735
217		9.5539		16.34873		2.75907
218		9.56546		16.36029		2.77064
219		9.57564		16.37066		2.78062
220		9.58701		16.38275		2.79126
221		9.59876		16.39661		2.80091
222		9.61093		16.41114		2.81072
223		9.6223		16.42326		2.82134
224		9.63347		16.43528		2.83166
225		9.64404		16.44757		2.84052
226		9.68991		16.56355		2.81627
227		9.73063		16.66393		2.79734
228		9.77458		16.77169		2.77747
229		9.78513		16.78257		2.78769
230		9.79532		16.7926		2.79803
231		9.80549		16.80326		2.80772
232		9.81525		16.81269		2.81781
233		9.82583		16.82249		2.82917
234		9.83699		16.83344		2.84055
235		9.84796		16.84427		2.85166
236		9.85914		16.85562		2.86266
237		9.89953		16.95565		2.84342
238		9.94019		17.05567		2.82472
239		9.98907		17.17112		2.80703
240		10.03874		17.28822		2.78925
241		10.08267		17.39709		2.76826
242		10.1536		17.52686		2.78035
243		10.22759		17.65853		2.79665
244		10.28686		17.80933		2.7644
245		10.30022		17.82196		2.77848
246		10.34571		17.93274		2.75868
247		10.38718		18.03636		2.738
248		10.43027		18.14278		2.71776
249		10.47514		18.25378		2.69651
250		10.51942		18.3643		2.67455
