step	mediator-max-opt_cum_inst_loss_mean	mediator-max-opt_cum_inst_loss_std_up	mediator-max-opt_cum_inst_loss_std_down
1		-47.60011		3.34176		-98.54197
2		-132.20536		-33.16887		-231.24186
3		-228.64252		-79.56147		-377.72357
4		-320.93158		-123.89997		-517.96319
5		-425.45695		-174.23276		-676.68113
6		-516.25991		-175.62604		-856.89377
7		-619.22097		-177.02415		-1061.41778
8		-661.48231		-109.72227		-1213.24234
9		-709.65742		-39.76975		-1379.5451
10		-769.59182		26.32351		-1565.50715
11		-841.9044		87.77729		-1771.5861
12		-898.79917		126.02518		-1923.62351
13		-937.6199		167.58823		-2042.82803
14		-957.41533		185.4889		-2100.31957
15		-985.63163		194.42213		-2165.68538
16		-1024.55673		195.12814		-2244.24161
17		-1046.30679		239.78345		-2332.39703
18		-1076.58058		283.83182		-2436.99297
19		-1070.77649		360.06312		-2501.6161
20		-1070.20117		437.99224		-2578.39458
21		-1078.81931		514.49715		-2672.13578
22		-1097.11479		589.28078		-2783.51036
23		-1125.59693		662.02541		-2913.21927
24		-1136.35439		710.02847		-2982.73724
25		-1155.05702		752.5526		-3062.66664
26		-1137.07277		785.3316		-3059.47714
27		-1123.67623		813.31321		-3060.66566
28		-1118.79834		836.20112		-3073.79781
29		-1094.43999		833.41287		-3022.29285
30		-1029.28363		878.04264		-2936.60991
31		-966.23224		921.04028		-2853.50477
32		-890.63861		974.41748		-2755.69471
33		-818.44537		1025.28323		-2662.17396
34		-723.22873		1106.39038		-2552.84784
35		-630.37969		1186.3892		-2447.14858
36		-541.8676		1263.1787		-2346.9139
37		-457.92073		1336.82389		-2252.66534
38		-350.33185		1428.09277		-2128.75646
39		-244.4594		1516.6652		-2005.58399
40		-142.23845		1601.04015		-1885.51705
41		-43.8612		1681.04864		-1768.77105
42		50.47005		1756.52076		-1655.58066
43		140.54237		1827.28693		-1546.20219
44		226.13158		1893.1794		-1440.91624
45		307.00175		1954.03412		-1340.03062
46		382.9045		2009.69287		-1243.88387
47		462.02587		2079.71382		-1155.66207
48		537.93254		2149.16139		-1073.29632
49		627.05803		2235.9695		-981.85344
50		713.49534		2321.46457		-894.47388
51		795.25825		2403.49409		-812.9776
52		872.10071		2482.01084		-737.80941
53		943.76378		2556.97557		-669.44801
54		1009.97484		2628.35705		-608.40738
55		1070.44695		2696.13172		-555.23783
56		1124.87805		2760.28287		-510.52676
57		1181.3977		2837.16703		-474.37163
58		1233.51307		2913.88969		-446.86356
59		1287.5951		3002.68548		-427.49528
60		1337.14455		3091.28206		-416.99296
61		1380.07813		3176.18557		-416.02931
62		1424.49511		3272.60776		-423.61754
63		1463.87083		3368.88624		-441.14457
64		1496.09522		3461.63658		-469.44614
65		1539.23937		3538.85535		-460.37661
66		1577.27527		3611.37134		-456.8208
67		1608.08931		3680.25266		-464.07403
68		1631.3014		3745.39318		-482.79038
69		1646.51144		3806.67663		-513.65375
70		1653.29826		3863.97483		-557.37831
71		1669.66603		3917.02869		-577.69663
72		1697.96375		3956.84955		-560.92206
73		1720.37182		3990.63329		-549.88964
74		1734.73553		4019.03239		-549.56133
75		1740.63148		4041.94414		-560.68118
76		1737.61399		4059.26705		-584.03906
77		1752.10893		4082.06036		-577.8425
78		1761.83251		4101.51989		-577.85487
79		1762.84411		4114.55567		-588.86745
80		1754.68521		4120.99132		-611.62091
81		1745.32063		4135.47642		-644.83515
82		1764.97917		4168.71092		-638.75257
83		1788.58561		4214.71917		-637.54795
84		1806.0555		4258.65151		-646.54051
85		1823.6686		4310.95993		-663.62273
86		1834.82971		4360.67898		-691.01956
87		1837.3545		4404.56714		-729.85814
88		1849.23592		4433.99354		-735.5217
89		1854.36368		4455.66826		-746.9409
90		1858.98507		4484.04397		-766.07383
91		1856.4707		4508.544		-795.60261
92		1863.04773		4528.38845		-802.29299
93		1862.59193		4541.93318		-816.74932
94		1852.88839		4548.78734		-843.01056
95		1860.34538		4554.30898		-833.61823
96		1862.66059		4555.32158		-830.00041
97		1864.3214		4563.94254		-835.29975
98		1877.13811		4589.31184		-835.03563
99		1891.69788		4630.07503		-846.67927
100		1918.09244		4687.72618		-851.54129
101		1938.4972		4741.24648		-864.25207
102		1950.75215		4788.55386		-887.04956
103		1962.87584		4844.09208		-918.3404
104		1968.25863		4896.94617		-960.42892
105		1973.14846		4946.64664		-1000.34972
106		1970.91665		4991.07019		-1049.23688
107		1986.23862		5036.93412		-1064.45688
108		1996.83276		5079.91287		-1086.24735
109		1998.76074		5117.43084		-1119.90936
110		2010.01394		5162.99707		-1142.96919
111		2032.9279		5196.80134		-1130.94553
112		2049.66887		5223.57532		-1124.23758
113		2084.96217		5259.4865		-1089.56215
114		2116.57877		5290.52913		-1057.37158
115		2140.63566		5314.53405		-1033.26273
116		2156.73495		5331.19053		-1017.72062
117		2172.90532		5357.58311		-1011.77246
118		2210.99526		5444.92767		-1022.93715
119		2243.71093		5532.30833		-1044.88647
120		2277.37223		5617.95683		-1063.21237
121		2323.87366		5711.50916		-1063.76184
122		2373.89103		5804.40993		-1056.62786
123		2419.16191		5893.59146		-1055.26765
124		2457.59171		5978.35972		-1063.1763
125		2497.26788		6056.22295		-1061.6872
126		2540.10076		6146.85405		-1066.65253
127		2577.80901		6237.45059		-1081.83258
128		2608.27816		6324.08196		-1107.52565
129		2631.1272		6406.56814		-1144.31374
130		2654.40257		6490.1097		-1181.30456
131		2671.52396		6570.61337		-1227.56545
132		2697.21771		6662.45468		-1268.01926
133		2727.17701		6759.41388		-1305.05986
134		2768.22909		6853.98764		-1317.52945
135		2814.35505		6962.16612		-1333.45602
136		2872.42468		7075.19434		-1330.34498
137		2928.01635		7186.65947		-1330.62676
138		2977.31016		7295.6527		-1341.03237
139		3028.42213		7400.96705		-1344.12279
140		3074.8452		7503.72572		-1354.03533
141		3114.48784		7604.1694		-1375.19371
142		3146.9932		7702.27164		-1408.28524
143		3208.8806		7796.69741		-1378.93621
144		3268.49098		7887.54913		-1350.56717
145		3322.01501		7974.84043		-1330.81041
146		3369.13235		8058.45802		-1320.19332
147		3409.5058		8138.28723		-1319.27563
148		3471.22792		8211.23528		-1268.77944
149		3537.26706		8295.28116		-1220.74704
150		3599.40295		8378.48744		-1179.68154
151		3655.58541		8457.33047		-1146.15966
152		3705.50109		8531.62507		-1120.62289
153		3748.82017		8601.17985		-1103.53951
154		3785.19546		8665.79705		-1095.40614
155		3814.26149		8725.2724		-1096.74942
156		3854.08106		8790.76477		-1082.60266
157		3897.06488		8853.47158		-1059.34182
158		3934.93202		8911.33008		-1041.46604
159		4002.4634		8973.05898		-968.13218
160		4068.01482		9030.50188		-894.47225
161		4127.79256		9082.59366		-827.00854
162		4199.94025		9160.60177		-760.72127
163		4268.50619		9236.92149		-699.90911
164		4331.45711		9308.31073		-645.3965
165		4388.4975		9374.5383		-597.54329
166		4439.31628		9435.36359		-556.73104
167		4502.03346		9521.02862		-516.96169
168		4579.12005		9609.74377		-451.50367
169		4652.88483		9694.97202		-389.20237
170		4721.30822		9776.15455		-333.53811
171		4784.1091		9853.1474		-284.92921
172		4869.43903		9919.19053		-180.31247
173		4951.88102		9979.3817		-75.61967
174		5029.43831		10033.8621		25.01451
175		5101.85382		10082.37375		121.33389
176		5168.85693		10124.65059		213.06327
177		5238.61026		10182.43508		294.78545
178		5304.65583		10239.49932		369.81234
179		5364.95373		10291.08297		438.8245
180		5436.09645		10372.57701		499.61588
181		5505.44926		10457.74604		553.15249
182		5569.22849		10539.08431		599.37266
183		5627.14076		10616.47791		637.80362
184		5678.87731		10689.81412		667.94051
185		5732.56058		10762.83454		702.28663
186		5790.13778		10830.40889		749.86668
187		5843.36636		10892.97551		793.75722
188		5890.17271		10950.78989		829.55552
189		5947.11377		11014.55898		879.66857
190		6009.96498		11079.17713		940.75283
191		6068.74515		11139.6548		997.83549
192		6121.39527		11195.18365		1047.60688
193		6184.48768		11260.22067		1108.75469
194		6245.36649		11323.37368		1167.3593
195		6300.22571		11381.37092		1219.08051
196		6348.74852		11434.01987		1263.47717
197		6390.60141		11481.12571		1300.0771
198		6425.43334		11522.49186		1328.37482
199		6452.87478		11557.92046		1347.82911
200		6472.53677		11587.21305		1357.86049
201		6484.00986		11610.17114		1357.84857
202		6486.86304		11626.59687		1347.12922
203		6480.64265		11636.29362		1324.99169
204		6481.76611		11662.55203		1300.98019
205		6477.41445		11687.62339		1267.20551
206		6463.61001		11706.40957		1220.81044
207		6439.85527		11718.72139		1160.98915
208		6432.52152		11747.26911		1117.77393
209		6419.26753		11772.18295		1066.35212
210		6404.53971		11791.61598		1017.46345
211		6381.65775		11805.52963		957.78587
212		6376.79522		11810.04373		943.54671
213		6364.29777		11806.82017		921.77536
214		6350.3663		11818.56708		882.16551
215		6356.77009		11860.98817		852.55201
216		6364.57942		11909.76047		819.39836
217		6393.86825		11949.2374		838.49911
218		6417.31961		11981.79182		852.8474
219		6432.78151		12007.50514		858.05788
220		6468.28093		12018.9647		917.59716
221		6498.26975		12021.77338		974.76612
222		6520.61318		12015.97867		1025.2477
223		6543.35633		12010.39585		1076.31681
224		6559.91749		11997.70169		1122.1333
225		6586.57404		12024.23475		1148.91333
226		6607.25456		12048.14992		1166.35921
227		6619.7998		12064.46954		1175.13005
228		6623.78156		12072.83289		1174.73023
229		6637.19663		12121.55747		1152.83579
230		6672.38625		12174.38357		1170.38893
231		6702.04896		12222.14287		1181.95506
232		6724.04912		12264.33555		1183.7627
233		6746.43093		12312.60479		1180.25708
234		6762.61174		12358.31635		1166.90713
235		6770.42042		12398.9101		1141.93074
236		6797.86383		12457.99718		1137.73048
237		6819.37263		12513.15171		1125.59356
238		6851.23723		12557.89201		1144.58245
239		6905.84739		12618.8218		1192.87299
240		6955.95278		12675.36388		1236.54169
241		6999.47156		12725.79565		1273.14746
242		7036.05705		12769.80984		1302.30426
243		7065.34435		12807.08442		1323.60427
244		7086.94934		12837.28201		1336.61667
245		7100.46769		12860.0492		1340.88619
246		7113.92136		12872.35005		1355.49266
247		7120.70472		12875.59527		1365.81416
248		7127.07675		12891.97169		1362.1818
249		7134.75275		12902.1883		1367.31719
250		7134.75275		12902.1883		1367.31719
