step	mediator-max-opt_cov_err_sq_T_mean	mediator-max-opt_cov_err_sq_T_std_up	mediator-max-opt_cov_err_sq_T_std_down
1		15.07		15.87		14.27
2		14.37		14.77		13.97
3		14.43		15.15553		13.70447
4		13.71		14.40455		13.01545
5		13.13		13.30436		12.95564
6		12.88556		13.17158		12.59954
7		12.81111		13.17421		12.44801
8		12.785		13.17474		12.39526
9		12.77356		13.175		12.37211
10		12.77236		13.18637		12.35834
11		12.60939		12.88737		12.33142
12		12.61172		12.89519		12.32826
13		12.60972		12.89472		12.32472
14		12.60653		12.89141		12.32164
15		12.60446		12.88932		12.3196
16		12.60405		12.88943		12.31868
17		12.60305		12.88841		12.31769
18		12.60194		12.88707		12.31682
19		12.60118		12.88615		12.31622
20		12.60067		12.88553		12.31581
21		12.60034		12.88514		12.31555
22		12.60014		12.8849		12.31539
23		12.60004		12.88477		12.3153
24		12.6		12.88473		12.31528
25		12.60002		12.88475		12.31529
26		12.60008		12.88482		12.31533
27		12.60016		12.88493		12.31539
28		12.60027		12.88506		12.31548
29		12.60039		12.88521		12.31557
30		12.32041		12.65878		11.98205
31		12.32044		12.6588		11.98208
32		12.32047		12.65883		11.98211
33		12.3205		12.65886		11.98214
34		12.32053		12.65889		11.98217
35		12.31156		12.63552		11.9876
36		12.31156		12.63552		11.9876
37		12.31554		12.64585		11.98524
38		12.35554		12.66458		12.04651
39		12.35363		12.65964		12.04762
40		12.31699		12.63923		11.99474
41		12.35701		12.66981		12.04421
42		12.19701		12.74393		11.65009
43		12.17083		12.71459		11.62707
44		12.15778		12.701		11.61456
45		12.14178		12.6783		11.60527
46		12.09841		12.60545		11.59137
47		12.09785		12.60429		11.59141
48		12.09103		12.59701		11.58504
49		12.08873		12.5976		11.57987
50		12.08621		12.59536		11.57705
51		12.06412		12.5677		11.56054
52		12.06173		12.56456		11.5589
53		12.06015		12.56244		11.55785
54		12.06181		12.5642		11.55942
55		12.05225		12.55289		11.55161
56		12.05096		12.55131		11.55062
57		12.05013		12.55021		11.55005
58		12.04964		12.54961		11.54968
59		12.05208		12.55222		11.55194
60		12.04724		12.54687		11.54762
61		12.04657		12.54609		11.54705
62		12.04609		12.54562		11.54657
63		12.04585		12.54534		11.54635
64		12.04547		12.54466		11.54628
65		12.0454		12.54447		11.54632
66		12.03836		12.53833		11.53838
67		12.0356		12.53524		11.53596
68		12.03913		12.53838		11.53988
69		12.03881		12.53788		11.53973
70		12.03654		12.53554		11.53753
71		12.03523		12.53426		11.53619
72		12.03446		12.53352		11.53541
73		12.03404		12.53311		11.53498
74		12.03385		12.53291		11.53479
75		12.02541		12.53778		11.51303
76		12.02546		12.53783		11.5131
77		12.0263		12.53802		11.51457
78		12.0267		12.53778		11.51561
79		12.02291		12.52733		11.51848
80		11.86507		12.1911		11.53904
81		11.8655		12.19091		11.5401
82		11.86531		12.18986		11.54075
83		11.86524		12.18907		11.54142
84		11.86237		12.19137		11.53337
85		11.86224		12.19118		11.5333
86		11.86236		12.1909		11.53382
87		11.85974		12.18653		11.53294
88		11.70093		12.10223		11.29962
89		11.70131		12.10234		11.30028
90		11.70015		12.10222		11.29808
91		11.7018		12.10477		11.29883
92		11.70087		12.10266		11.29909
93		11.70067		12.10183		11.29952
94		11.69894		12.10159		11.29629
95		11.69591		12.09579		11.29604
96		11.53586		11.92232		11.1494
97		11.53589		11.92183		11.14995
98		11.53711		11.92401		11.15021
99		11.53681		11.92394		11.14969
100		11.53576		11.92317		11.14836
101		11.5356		11.92264		11.14857
102		11.53568		11.92226		11.1491
103		11.53372		11.92143		11.146
104		11.53361		11.92115		11.14606
105		11.53283		11.92121		11.14446
106		11.53284		11.92102		11.14466
107		11.53354		11.92217		11.14491
108		11.53343		11.92195		11.1449
109		11.53337		11.92176		11.14498
110		11.53332		11.92151		11.14514
111		11.53388		11.9215		11.14627
112		11.53399		11.92163		11.14635
113		11.53572		11.92314		11.1483
114		11.53581		11.92315		11.14846
115		11.53557		11.92285		11.14829
116		11.53529		11.92238		11.1482
117		11.53535		11.92257		11.14813
118		11.53528		11.92256		11.14801
119		11.53541		11.923		11.14782
120		11.5355		11.9231		11.14791
121		11.53527		11.92262		11.14791
122		11.53514		11.92244		11.14783
123		11.53519		11.92239		11.14798
124		11.53443		11.9207		11.14816
125		11.53443		11.92078		11.14809
126		11.53456		11.92088		11.14825
127		11.53455		11.92079		11.14831
128		11.53432		11.92032		11.14832
129		11.53449		11.92022		11.14877
130		11.53454		11.92024		11.14884
131		11.53467		11.92037		11.14898
132		11.53474		11.9203		11.14919
133		11.53494		11.92037		11.14951
134		11.5355		11.92121		11.1498
135		11.53552		11.92121		11.14983
136		11.53537		11.92104		11.14969
137		11.53534		11.92077		11.14991
138		11.53561		11.92089		11.15033
139		11.53571		11.92082		11.15059
140		11.53578		11.92083		11.15073
141		11.53576		11.92088		11.15063
142		11.53622		11.92169		11.15075
143		11.53623		11.9217		11.15076
144		11.53681		11.9229		11.15072
145		11.53697		11.92298		11.15097
146		11.53682		11.92264		11.151
147		11.53672		11.92231		11.15112
148		11.5375		11.92375		11.15124
149		11.53749		11.92374		11.15125
150		11.53669		11.92332		11.15006
151		11.53654		11.92298		11.1501
152		11.53647		11.92268		11.15026
153		11.53674		11.92287		11.15061
154		11.53683		11.92288		11.15077
155		11.53749		11.92424		11.15075
156		11.53767		11.92433		11.15101
157		11.53853		11.92596		11.15111
158		11.53864		11.92598		11.15129
159		11.53843		11.92715		11.1497
160		11.53854		11.92717		11.1499
161		11.53742		11.92645		11.1484
162		11.53587		11.92562		11.14613
163		11.53555		11.92512		11.14598
164		11.53427		11.92445		11.14409
165		11.53443		11.92413		11.14473
166		11.53453		11.92426		11.14479
167		11.53437		11.92387		11.14487
168		11.53443		11.924		11.14486
169		11.53427		11.92368		11.14486
170		11.53433		11.92383		11.14484
171		11.53418		11.92353		11.14484
172		11.53406		11.92322		11.1449
173		11.53429		11.9234		11.14519
174		11.53424		11.92316		11.14531
175		11.53429		11.92325		11.14533
176		11.53308		11.9228		11.14336
177		11.53321		11.92294		11.14349
178		11.53388		11.92414		11.14361
179		11.53391		11.92415		11.14367
180		11.53391		11.92391		11.14391
181		11.53315		11.92355		11.14275
182		11.53301		11.92332		11.14269
183		11.53312		11.92342		11.14282
184		11.5331		11.92283		11.14338
185		11.53316		11.92291		11.1434
186		11.53344		11.92278		11.1441
187		11.53362		11.92293		11.14431
188		11.53349		11.92276		11.14422
189		11.53384		11.92268		11.145
190		11.53395		11.92278		11.14513
191		11.53389		11.92264		11.14514
192		11.53334		11.92156		11.14512
193		11.53336		11.92162		11.1451
194		11.53344		11.92175		11.14513
195		11.53343		11.92181		11.14504
196		11.53297		11.92186		11.14409
197		11.53307		11.92198		11.14416
198		11.53231		11.92189		11.14272
199		11.53221		11.92178		11.14264
200		11.53235		11.92191		11.14278
201		11.53231		11.92184		11.14279
202		11.53202		11.92108		11.14295
203		11.53212		11.92115		11.1431
204		11.53195		11.92122		11.14267
205		11.53199		11.92132		11.14266
206		11.53129		11.91983		11.14274
207		11.37166		11.69058		11.05275
208		11.37173		11.69067		11.05279
209		11.37161		11.69045		11.05278
210		11.3715		11.69025		11.05276
211		11.37151		11.69031		11.0527
212		11.37182		11.69118		11.05246
213		11.37184		11.69117		11.05251
214		11.37186		11.691		11.05272
215		11.37172		11.69076		11.05268
216		11.37166		11.69079		11.05253
217		11.37224		11.69185		11.05262
218		11.37192		11.6917		11.05214
219		11.37234		11.69282		11.05186
220		11.37264		11.69297		11.05231
221		11.37256		11.69268		11.05243
222		11.37243		11.69238		11.05247
223		11.37235		11.69213		11.05257
224		11.37226		11.69188		11.05264
225		11.37218		11.69165		11.05272
226		11.37242		11.69183		11.05302
227		11.37278		11.69282		11.05274
228		11.3728		11.69283		11.05277
229		11.37268		11.69255		11.05281
230		11.37256		11.69228		11.05283
231		11.37295		11.69254		11.05337
232		11.37272		11.69222		11.05322
233		11.37258		11.69197		11.05319
234		11.37259		11.69203		11.05314
235		11.37248		11.69181		11.05316
236		11.37277		11.692		11.05354
237		11.37267		11.69179		11.05354
238		11.37236		11.6917		11.05302
239		11.37218		11.69146		11.0529
240		11.37255		11.6917		11.0534
241		11.37244		11.69151		11.05337
242		11.37275		11.69153		11.05396
243		11.37272		11.69158		11.05387
244		11.37314		11.69167		11.05462
245		11.37318		11.69175		11.05462
246		11.37304		11.69156		11.05452
247		11.37249		11.69135		11.05362
248		11.37243		11.69121		11.05365
249		11.37264		11.69059		11.05469
250		11.37273		11.69064		11.05483
