step	mediator-max-opt_reward_mean	mediator-max-opt_reward_std_up	mediator-max-opt_reward_std_down
1		-1.0		-1.0		-1.0
2		8.2		28.6		-12.2
3		7.2		27.6		-13.2
4		6.2		26.6		-14.2
5		5.2		25.6		-15.2
6		4.2		24.6		-16.2
7		3.2		23.6		-17.2
8		2.2		22.6		-18.2
9		1.2		21.6		-19.2
10		0.2		20.6		-20.2
11		-0.8		19.6		-21.2
12		-1.8		18.6		-22.2
13		-2.8		17.6		-23.2
14		26.4		85.12172		-32.32172
15		25.4		84.12172		-33.32172
16		24.4		83.12172		-34.32172
17		53.6		141.55817		-34.35817
18		52.6		140.55817		-35.35817
19		51.6		139.55817		-36.35817
20		50.6		138.55817		-37.35817
21		49.6		137.55817		-38.35817
22		48.6		136.55817		-39.35817
23		77.8		162.18341		-6.58341
24		76.8		161.18341		-7.58341
25		136.2		283.63595		-11.23595
26		135.2		282.63595		-12.23595
27		134.2		281.63595		-13.23595
28		163.4		288.49612		38.30388
29		162.4		287.49612		37.30388
30		161.4		286.49612		36.30388
31		190.6		351.77518		29.42482
32		189.6		350.77518		28.42482
33		188.6		349.77518		27.42482
34		187.6		348.77518		26.42482
35		186.6		347.77518		25.42482
36		185.6		346.77518		24.42482
37		184.6		345.77518		23.42482
38		183.6		344.77518		22.42482
39		182.6		343.77518		21.42482
40		181.6		342.77518		20.42482
41		180.6		341.77518		19.42482
42		179.6		340.77518		18.42482
43		178.6		339.77518		17.42482
44		177.6		338.77518		16.42482
45		176.6		337.77518		15.42482
46		175.6		336.77518		14.42482
47		174.6		335.77518		13.42482
48		203.8		397.6096		9.9904
49		202.8		396.6096		8.9904
50		232.0		463.0039		0.9961
51		261.2		526.56722		-4.16722
52		260.2		525.56722		-5.16722
53		289.4		597.2523		-18.4523
54		288.4		596.2523		-19.4523
55		287.4		595.2523		-20.4523
56		286.4		594.2523		-21.4523
57		285.4		593.2523		-22.4523
58		284.4		592.2523		-23.4523
59		293.6		590.59199		-3.39199
60		292.6		589.59199		-4.39199
61		291.6		588.59199		-5.39199
62		290.6		587.59199		-6.39199
63		319.8		646.96503		-7.36503
64		318.8		645.96503		-8.36503
65		317.8		644.96503		-9.36503
66		316.8		643.96503		-10.36503
67		315.8		642.96503		-11.36503
68		314.8		641.96503		-12.36503
69		324.0		641.30805		6.69195
70		323.0		640.30805		5.69195
71		322.0		639.30805		4.69195
72		321.0		638.30805		3.69195
73		320.0		637.30805		2.69195
74		319.0		636.30805		1.69195
75		328.2		636.68689		19.71311
76		327.2		635.68689		18.71311
77		336.4		637.19269		35.60731
78		335.4		636.19269		34.60731
79		334.4		635.19269		33.60731
80		343.6		637.91385		49.28615
81		372.8		709.49832		36.10168
82		412.4		716.26221		108.53779
83		411.4		715.26221		107.53779
84		410.4		714.26221		106.53779
85		409.4		713.26221		105.53779
86		428.6		718.72315		138.47685
87		437.8		717.46151		158.13849
88		436.8		716.46151		157.13849
89		446.0		718.32921		173.67079
90		445.0		717.32921		172.67079
91		444.0		716.32921		171.67079
92		453.2		715.54817		190.85183
93		452.2		714.54817		189.85183
94		461.4		717.14096		205.65904
95		470.6		716.95552		224.24448
96		469.6		715.95552		223.24448
97		488.8		720.6063		256.9937
98		498.0		720.35557		275.64443
99		497.0		719.35557		274.64443
100		526.2		799.8687		252.5313
101		535.4		801.51772		269.28228
102		564.6		850.31006		278.88994
103		563.6		849.31006		277.88994
104		562.6		848.31006		276.88994
105		591.8		926.3728		257.2272
106		601.0		927.2876		274.7124
107		600.0		926.2876		273.7124
108		609.2		928.29334		290.10666
109		608.2		927.29334		289.10666
110		607.2		926.29334		288.10666
111		606.2		925.29334		287.10666
112		605.2		924.29334		286.10666
113		604.2		923.29334		285.10666
114		623.4		928.06283		318.73717
115		642.6		960.81854		324.38146
116		641.6		959.81854		323.38146
117		640.6		958.81854		322.38146
118		639.6		957.81854		321.38146
119		648.8		957.90671		339.69329
120		668.0		994.86817		341.13183
121		677.2		995.86434		358.53566
122		726.8		1043.65732		409.94268
123		725.8		1042.65732		408.94268
124		765.2		1115.50124		414.89876
125		764.2		1114.50124		413.89876
126		763.2		1113.50124		412.89876
127		782.4		1152.89027		411.90973
128		791.6		1154.32778		428.87222
129		790.6		1153.32778		427.87222
130		799.8		1155.76652		443.83348
131		798.8		1154.76652		442.83348
132		797.8		1153.76652		441.83348
133		827.2		1196.23246		458.16754
134		836.4		1199.08146		473.71854
135		835.4		1198.08146		472.71854
136		844.6		1197.64765		491.55235
137		874.0		1203.73626		544.26374
138		873.0		1202.73626		543.26374
139		872.0		1201.73626		542.26374
140		871.0		1200.73626		541.26374
141		870.0		1199.73626		540.26374
142		889.2		1205.5804		572.8196
143		888.2		1204.5804		571.8196
144		887.2		1203.5804		570.8196
145		886.2		1202.5804		569.8196
146		905.4		1213.18473		597.61527
147		904.4		1212.18473		596.61527
148		903.4		1211.18473		595.61527
149		932.6		1279.06651		586.13349
150		951.8		1319.19483		584.40517
151		950.8		1318.19483		583.40517
152		960.0		1319.89443		600.10557
153		959.0		1318.89443		599.10557
154		958.0		1317.89443		598.10557
155		957.0		1316.89443		597.10557
156		966.2		1313.73498		618.66502
157		1015.6		1424.36918		606.83082
158		1045.0		1437.20403		652.79597
159		1044.0		1436.20403		651.79597
160		1053.2		1433.02175		673.37825
161		1072.4		1446.17458		698.62542
162		1081.6		1447.17987		716.02013
163		1080.6		1446.17987		715.02013
164		1079.6		1445.17987		714.02013
165		1078.6		1444.17987		713.02013
166		1077.6		1443.17987		712.02013
167		1076.6		1442.17987		711.02013
168		1095.8		1459.04064		732.55936
169		1125.2		1501.54155		748.85845
170		1124.2		1500.54155		747.85845
171		1123.2		1499.54155		746.85845
172		1122.2		1498.54155		745.85845
173		1121.2		1497.54155		744.85845
174		1120.2		1496.54155		743.85845
175		1139.4		1488.52095		790.27905
176		1138.4		1487.52095		789.27905
177		1157.6		1531.31304		783.88696
178		1186.8		1594.35927		779.24073
179		1206.0		1590.16819		821.83181
180		1205.0		1589.16819		820.83181
181		1204.0		1588.16819		819.83181
182		1203.0		1587.16819		818.83181
183		1202.0		1586.16819		817.83181
184		1201.0		1585.16819		816.83181
185		1200.0		1584.16819		815.83181
186		1199.0		1583.16819		814.83181
187		1218.2		1598.00016		838.39984
188		1217.2		1597.00016		837.39984
189		1236.4		1594.41821		878.38179
190		1235.4		1593.41821		877.38179
191		1234.4		1592.41821		876.38179
192		1233.4		1591.41821		875.38179
193		1242.6		1589.4173		895.7827
194		1241.6		1588.4173		894.7827
195		1270.8		1657.76946		883.83054
196		1310.2		1697.79536		922.60464
197		1309.2		1696.79536		921.60464
198		1308.2		1695.79536		920.60464
199		1317.4		1693.86705		940.93295
200		1316.4		1692.86705		939.93295
201		1335.6		1734.97882		936.22118
202		1334.6		1733.97882		935.22118
203		1333.6		1732.97882		934.22118
204		1352.8		1735.27165		970.32835
205		1362.0		1733.20075		990.79925
206		1361.0		1732.20075		989.79925
207		1370.2		1730.93226		1009.46774
208		1369.2		1729.93226		1008.46774
209		1368.2		1728.93226		1007.46774
210		1367.2		1727.93226		1006.46774
211		1366.2		1726.93226		1005.46774
212		1385.4		1772.0883		998.7117
213		1394.6		1771.80795		1017.39205
214		1393.6		1770.80795		1016.39205
215		1392.6		1769.80795		1015.39205
216		1391.6		1768.80795		1014.39205
217		1390.6		1767.80795		1013.39205
218		1389.6		1766.80795		1012.39205
219		1419.0		1816.13524		1021.86476
220		1418.0		1815.13524		1020.86476
221		1417.0		1814.13524		1019.86476
222		1436.2		1863.77568		1008.62432
223		1435.2		1862.77568		1007.62432
224		1434.2		1861.77568		1006.62432
225		1433.2		1860.77568		1005.62432
226		1432.2		1859.77568		1004.62432
227		1441.4		1861.42314		1021.37686
228		1440.4		1860.42314		1020.37686
229		1449.6		1862.94034		1036.25966
230		1448.6		1861.94034		1035.25966
231		1447.6		1860.94034		1034.25966
232		1477.0		1865.36323		1088.63677
233		1476.0		1864.36323		1087.63677
234		1475.0		1863.36323		1086.63677
235		1494.2		1866.76269		1121.63731
236		1493.2		1865.76269		1120.63731
237		1492.2		1864.76269		1119.63731
238		1491.2		1863.76269		1118.63731
239		1510.4		1864.85823		1155.94177
240		1509.4		1863.85823		1154.94177
241		1508.4		1862.85823		1153.94177
242		1527.6		1868.28437		1186.91563
243		1526.6		1867.28437		1185.91563
244		1525.6		1866.28437		1184.91563
245		1524.6		1865.28437		1183.91563
246		1523.6		1864.28437		1182.91563
247		1522.6		1863.28437		1181.91563
248		1521.6		1862.28437		1180.91563
249		1551.0		1866.25672		1235.74328
250		1550.0		1865.25672		1234.74328
