step	mediator-max-opt_reward_mean	mediator-max-opt_reward_std_up	mediator-max-opt_reward_std_down
1		-1.0		-1.0		-1.0
2		8.2		28.6		-12.2
3		7.2		27.6		-13.2
4		46.6		91.76902		1.43098
5		45.6		90.76902		0.43098
6		74.8		126.10458		23.49542
7		73.8		125.10458		22.49542
8		72.8		124.10458		21.49542
9		71.8		123.10458		20.49542
10		70.8		122.10458		19.49542
11		100.0		166.93579		33.06421
12		99.0		165.93579		32.06421
13		118.2		193.75501		42.64499
14		117.2		192.75501		41.64499
15		116.2		191.75501		40.64499
16		115.2		190.75501		39.64499
17		134.4		212.63452		56.16548
18		133.4		211.63452		55.16548
19		132.4		210.63452		54.16548
20		131.4		209.63452		53.16548
21		130.4		208.63452		52.16548
22		129.4		207.63452		51.16548
23		128.4		206.63452		50.16548
24		127.4		205.63452		49.16548
25		126.4		204.63452		48.16548
26		125.4		203.63452		47.16548
27		124.4		202.63452		46.16548
28		123.4		201.63452		45.16548
29		122.4		200.63452		44.16548
30		121.4		199.63452		43.16548
31		120.4		198.63452		42.16548
32		119.4		197.63452		41.16548
33		118.4		196.63452		40.16548
34		117.4		195.63452		39.16548
35		116.4		194.63452		38.16548
36		125.6		184.32172		66.87828
37		124.6		183.32172		65.87828
38		133.8		173.90187		93.69813
39		143.0		183.0		103.0
40		142.0		182.0		102.0
41		141.0		181.0		101.0
42		190.6		258.60176		122.59824
43		189.6		257.60176		121.59824
44		188.6		256.60176		120.59824
45		187.6		255.60176		119.59824
46		196.8		263.25419		130.34581
47		206.0		276.99577		135.00423
48		205.0		275.99577		134.00423
49		204.0		274.99577		133.00423
50		213.2		271.65135		154.74865
51		222.4		282.60498		162.19502
52		221.4		281.60498		161.19502
53		220.4		280.60498		160.19502
54		219.4		279.60498		159.19502
55		228.6		296.9011		160.2989
56		227.6		295.9011		159.2989
57		226.6		294.9011		158.2989
58		225.6		293.9011		157.2989
59		224.6		292.9011		156.2989
60		233.8		314.65642		152.94358
61		232.8		313.65642		151.94358
62		231.8		312.65642		150.94358
63		230.8		311.65642		149.94358
64		229.8		310.65642		148.94358
65		239.0		310.56815		167.43185
66		238.0		309.56815		166.43185
67		267.6		336.49586		198.70414
68		266.6		335.49586		197.70414
69		275.8		334.94524		216.65476
70		274.8		333.94524		215.65476
71		273.8		332.94524		214.65476
72		272.8		331.94524		213.65476
73		271.8		330.94524		212.65476
74		270.8		329.94524		211.65476
75		269.8		328.94524		210.65476
76		279.0		342.8874		215.1126
77		278.0		341.8874		214.1126
78		287.2		345.99932		228.40068
79		286.2		344.99932		227.40068
80		305.4		357.34074		253.45926
81		314.6		364.53836		264.66164
82		313.6		363.53836		263.66164
83		312.6		362.53836		262.66164
84		311.6		361.53836		261.66164
85		320.8		376.31		265.29
86		319.8		375.31		264.29
87		318.8		374.31		263.29
88		338.0		362.51122		313.48878
89		347.2		371.87711		322.52289
90		346.2		370.87711		321.52289
91		365.4		396.71517		334.08483
92		374.6		412.13718		337.06282
93		393.8		418.96664		368.63336
94		392.8		417.96664		367.63336
95		402.0		422.01999		381.98001
96		441.4		482.35656		400.44344
97		440.4		481.35656		399.44344
98		439.4		480.35656		398.44344
99		448.6		487.25023		409.94977
100		467.8		505.81789		429.78211
101		477.0		501.51122		452.48878
102		476.0		500.51122		451.48878
103		485.2		509.87711		460.52289
104		484.2		508.87711		459.52289
105		483.2		507.87711		458.52289
106		492.4		529.93185		454.86815
107		491.4		528.93185		453.86815
108		500.6		545.77787		455.42213
109		529.8		580.52041		479.07959
110		528.8		579.52041		478.07959
111		527.8		578.52041		477.07959
112		557.0		658.98235		455.01765
113		556.0		657.98235		454.01765
114		595.4		753.95926		436.84074
115		594.4		752.95926		435.84074
116		593.4		751.95926		434.84074
117		592.4		750.95926		433.84074
118		591.4		749.95926		432.84074
119		590.4		748.95926		431.84074
120		599.6		749.56346		449.63654
121		598.6		748.56346		448.63654
122		597.6		747.56346		447.63654
123		596.6		746.56346		446.63654
124		595.6		745.56346		445.63654
125		614.8		755.13303		474.46697
126		613.8		754.13303		473.46697
127		612.8		753.13303		472.46697
128		611.8		752.13303		471.46697
129		631.0		772.99296		489.00704
130		630.0		771.99296		488.00704
131		629.0		770.99296		487.00704
132		628.0		769.99296		486.00704
133		627.0		768.99296		485.00704
134		626.0		767.99296		484.00704
135		635.2		775.12341		495.27659
136		634.2		774.12341		494.27659
137		663.4		791.65693		535.14307
138		662.4		790.65693		534.14307
139		691.6		835.18774		548.01226
140		690.6		834.18774		547.01226
141		689.6		833.18774		546.01226
142		688.6		832.18774		545.01226
143		697.8		837.92195		557.67805
144		696.8		836.92195		556.67805
145		706.0		845.58223		566.41777
146		705.0		844.58223		565.41777
147		704.0		843.58223		564.41777
148		703.0		842.58223		563.41777
149		712.2		854.20197		570.19803
150		711.2		853.20197		569.19803
151		730.4		897.15803		563.64197
152		729.4		896.15803		562.64197
153		728.4		895.15803		561.64197
154		727.4		894.15803		560.64197
155		726.4		893.15803		559.64197
156		735.6		905.62894		565.57106
157		734.6		904.62894		564.57106
158		743.8		919.42392		568.17608
159		742.8		918.42392		567.17608
160		782.4		961.80301		602.99699
161		781.4		960.80301		601.99699
162		800.8		966.35289		635.24711
163		799.8		965.35289		634.24711
164		809.0		956.12852		661.87148
165		818.2		972.72689		663.67311
166		847.4		1035.13875		659.66125
167		846.4		1034.13875		658.66125
168		855.6		1049.74901		661.45099
169		854.6		1048.74901		660.45099
170		853.6		1047.74901		659.45099
171		852.6		1046.74901		658.45099
172		851.6		1045.74901		657.45099
173		850.6		1044.74901		656.45099
174		849.6		1043.74901		655.45099
175		848.6		1042.74901		654.45099
176		847.6		1041.74901		653.45099
177		866.8		1030.19204		703.40796
178		865.8		1029.19204		702.40796
179		875.0		1041.15294		708.84706
180		874.0		1040.15294		707.84706
181		873.0		1039.15294		706.84706
182		892.2		1031.70685		752.69315
183		901.4		1048.74395		754.05605
184		900.4		1047.74395		753.05605
185		919.8		1066.43615		773.16385
186		918.8		1065.43615		772.16385
187		928.0		1086.7665		769.2335
188		927.0		1085.7665		768.2335
189		926.0		1084.7665		767.2335
190		935.2		1107.66379		762.73621
191		934.2		1106.66379		761.73621
192		933.2		1105.66379		760.73621
193		952.4		1128.82403		775.97597
194		951.4		1127.82403		774.97597
195		950.4		1126.82403		773.97597
196		949.4		1125.82403		772.97597
197		968.6		1162.16715		775.03285
198		967.6		1161.16715		774.03285
199		1007.0		1201.12985		812.87015
200		1006.0		1200.12985		811.87015
201		1005.0		1199.12985		810.87015
202		1004.0		1198.12985		809.87015
203		1023.2		1222.91019		823.48981
204		1022.2		1221.91019		822.48981
205		1071.8		1285.92931		857.67069
206		1070.8		1284.92931		856.67069
207		1100.0		1274.94685		925.05315
208		1109.2		1291.70304		926.69696
209		1128.4		1340.41566		916.38434
210		1127.4		1339.41566		915.38434
211		1126.4		1338.41566		914.38434
212		1125.4		1337.41566		913.38434
213		1134.6		1346.80801		922.39199
214		1174.0		1366.16764		981.83236
215		1193.2		1416.34067		970.05933
216		1192.2		1415.34067		969.05933
217		1191.2		1414.34067		968.05933
218		1220.6		1475.91361		965.28639
219		1239.8		1471.627		1007.973
220		1279.2		1524.5947		1033.8053
221		1298.4		1575.43834		1021.36166
222		1297.4		1574.43834		1020.36166
223		1296.4		1573.43834		1019.36166
224		1295.4		1572.43834		1018.36166
225		1294.4		1571.43834		1017.36166
226		1293.4		1570.43834		1016.36166
227		1322.6		1621.95838		1023.24162
228		1372.2		1681.39211		1063.00789
229		1371.2		1680.39211		1062.00789
230		1370.2		1679.39211		1061.00789
231		1369.2		1678.39211		1060.00789
232		1388.4		1729.29858		1047.50142
233		1407.6		1735.63451		1079.56549
234		1406.6		1734.63451		1078.56549
235		1405.6		1733.63451		1077.56549
236		1404.6		1732.63451		1076.56549
237		1434.0		1759.56228		1108.43772
238		1433.0		1758.56228		1107.43772
239		1452.2		1750.93225		1153.46775
240		1451.2		1749.93225		1152.46775
241		1470.4		1802.44976		1138.35024
242		1469.4		1801.44976		1137.35024
243		1488.6		1855.39346		1121.80654
244		1487.6		1854.39346		1120.80654
245		1506.8		1909.39429		1104.20571
246		1505.8		1908.39429		1103.20571
247		1504.8		1907.39429		1102.20571
248		1524.0		1934.67164		1113.32836
249		1523.0		1933.67164		1112.32836
250		1562.4		1997.69466		1127.10534
