step	mediator-max-opt_inst_loss_mean	mediator-max-opt_inst_loss_std_up	mediator-max-opt_inst_loss_std_down
1		23.2384		120.42869		-73.95189
2		-18.48589		73.59662		-110.5684
3		-28.68258		68.24638		-125.61154
4		-20.96844		57.99211		-99.929
5		-29.45104		51.94743		-110.84951
6		-40.22484		45.45776		-125.90744
7		-33.11819		47.59846		-113.83484
8		-13.79276		34.38467		-61.97019
9		-21.89769		27.83137		-71.62676
10		-32.27395		20.07244		-84.62033
11		-43.19632		11.90513		-98.29777
12		-36.24607		21.70198		-94.19411
13		-17.08526		41.20406		-75.37458
14		-25.36348		37.61713		-88.34409
15		-35.92214		30.37324		-102.21752
16		-28.58904		54.55371		-111.73179
17		19.42226		113.05478		-74.21027
18		14.91023		115.48984		-85.66937
19		6.47124		112.34451		-99.40203
20		-2.41191		109.03363		-113.85746
21		45.13238		121.26894		-31.00419
22		41.97352		120.91133		-36.9643
23		34.9589		118.05134		-48.13353
24		56.02259		121.4554		-9.41021
25		51.59215		120.50231		-17.318
26		45.08379		117.62079		-27.45322
27		38.23287		114.58761		-38.12187
28		31.02138		111.3948		-49.35203
29		23.43034		108.03394		-61.17325
30		15.43978		104.49619		-73.61664
31		7.02865		100.77224		-86.71494
32		16.62233		111.55918		-78.31453
33		10.11819		110.45451		-90.21813
34		1.42698		107.04416		-104.1902
35		20.72583		87.61625		-46.16459
36		14.43767		82.65784		-53.78251
37		34.42129		108.75131		-39.90873
38		28.85394		108.73846		-51.03058
39		21.14882		105.23779		-62.94014
40		13.03818		101.55288		-75.47652
41		4.50065		97.67402		-88.67272
42		-4.48622		93.59101		-102.56345
43		-13.94608		89.29311		-117.18527
44		-5.45634		101.61863		-112.53131
45		15.32498		128.92053		-98.27057
46		37.20005		104.24485		-29.84475
47		31.77895		99.08161		-35.52371
48		24.22779		95.07269		-46.61712
49		16.27919		90.85277		-58.2944
50		7.91224		86.41075		-70.58627
51		-0.89507		81.73494		-83.52508
52		-10.16592		76.81304		-97.14488
53		8.52278		126.18006		-109.13451
54		30.03984		117.88474		-57.80507
55		24.24188		114.92388		-66.44011
56		16.29403		111.74876		-79.1607
57		7.92787		108.40653		-92.5508
58		-0.87862		104.88839		-106.64564
59		-10.14861		101.18509		-121.48231
60		-19.90649		97.28688		-137.09986
61		-30.17795		93.18349		-153.53939
62		-22.54252		90.54881		-135.63385
63		-2.66047		90.28304		-95.60398
64		-10.17949		87.01717		-107.37615
65		-1.49151		86.45094		-89.43396
66		-8.94901		82.91235		-100.81036
67		-18.64375		78.05241		-115.33991
68		-28.84874		72.93669		-130.63418
69		-39.59084		67.55172		-146.73341
70		-50.89832		61.88333		-163.67996
71		-62.80092		55.9166		-181.51844
72		-46.88249		62.68222		-156.44719
73		-56.72898		58.55032		-172.00828
74		-68.93846		52.40817		-190.28509
75		-63.34306		57.14256		-183.82867
76		-45.60841		58.23705		-149.45387
77		-26.94036		72.13593		-126.01664
78		-35.73727		69.02009		-140.49462
79		10.05306		99.05933		-78.95321
80		5.04792		99.07223		-88.9764
81		-3.91015		95.06282		-102.88311
82		-13.33969		90.84238		-117.52176
83		5.18197		120.33127		-109.96734
84		16.5232		110.11624		-77.06985
85		10.01384		105.95603		-85.92835
86		48.21212		119.99615		-23.57191
87		45.21535		119.37634		-28.94563
88		38.37136		116.43556		-39.69283
89		31.16717		113.34		-51.00567
90		23.5838		110.08152		-62.91392
91		15.60131		106.65154		-75.44893
92		7.19868		103.04104		-88.64367
93		-1.64618		99.24051		-102.53287
94		35.93841		95.51401		-23.63719
95		32.29566		91.85758		-27.26627
96		24.77169		87.46845		-37.92508
97		35.2992		81.72205		-11.12364
98		29.77806		77.87352		-18.3174
99		22.12158		72.74838		-28.50522
100		22.50962		72.56288		-27.54364
101		16.31534		69.02483		-36.39415
102		7.9503		63.43397		-47.53338
103		-0.85501		57.54886		-59.25888
104		-10.12375		51.354		-71.60151
105		-19.88033		44.8331		-84.59375
106		-1.70291		62.27374		-65.67957
107		-9.17154		59.621		-77.96407
108		-18.87799		53.5352		-91.29119
109		-0.64783		66.1762		-67.47185
110		8.83406		86.07565		-68.40754
111		3.76476		87.01702		-79.4875
112		3.18665		89.07557		-82.70227
113		-4.02463		86.43796		-94.48721
114		-13.46019		81.76358		-108.68397
115		33.50261		107.56225		-40.55703
116		29.73166		107.94808		-48.48476
117		30.52023		108.39253		-47.35208
118		24.74756		106.19798		-56.70286
119		53.72129		114.52355		-7.08097
120		51.01448		114.52731		-12.49834
121		52.9232		120.53983		-14.69343
122		76.77713		104.86751		48.68674
123		73.43903		101.89838		44.97968
124		68.0805		98.03771		38.12329
125		62.43994		93.97385		30.90603
126		56.50251		89.69609		23.30892
127		50.25258		85.1932		15.31196
128		52.1212		92.9741		11.26829
129		47.48542		92.21998		2.75087
130		40.76091		87.84992		-6.3281
131		70.57745		132.71051		8.4444
132		68.75781		136.95882		0.55681
133		63.1529		134.94343		-8.63763
134		57.25299		132.82197		-18.31599
135		51.04256		130.58886		-28.50373
136		44.50527		128.23821		-39.22767
137		46.0714		137.00056		-44.85777
138		41.11721		137.84045		-55.60603
139		34.05753		135.87146		-67.7564
140		55.07378		112.41967		-2.27212
141		59.04089		118.37021		-0.28843
142		63.2168		132.00509		-5.5715
143		87.61249		133.95218		41.27279
144		84.84468		133.6927		35.99665
145		80.08644		131.50542		28.66747
146		75.07777		129.20301		20.95254
147		78.25298		120.0851		36.42086
148		83.44005		125.28324		41.59686
149		80.45264		125.58388		35.32139
150		75.46324		122.96982		27.95667
151		70.21125		120.21817		20.20433
152		64.68283		117.3217		12.04397
153		58.86345		114.27278		3.45412
154		52.73778		111.06339		-5.58783
155		46.28971		107.68509		-15.10567
156		39.50226		104.12898		-25.12445
157		32.35759		100.38571		-35.67054
158		24.83687		96.44542		-46.77168
159		25.36782		85.72451		-34.98887
160		19.32397		79.71475		-41.06681
161		38.01226		84.16763		-8.14312
162		34.47866		80.59635		-11.63903
163		27.06958		75.61452		-21.47536
164		27.71804		62.20919		-6.77311
165		21.79789		54.51805		-10.92228
166		13.7214		48.16368		-20.72088
167		5.21983		41.47487		-31.0352
168		-3.72918		34.43401		-41.89237
169		-4.70171		19.4643		-28.86773
170		6.11932		59.03579		-46.79715
171		7.50989		66.08631		-51.06654
172		27.42113		85.24315		-30.4009
173		23.3301		84.01179		-37.3516
174		23.78174		81.42087		-33.85739
175		26.1019		85.25575		-33.05194
176		28.54418		88.94533		-31.85697
177		41.115		72.4751		9.7549
178		35.89995		66.28476		5.51514
179		37.01317		69.65168		4.37465
180		31.58223		67.20957		-4.0451
181		42.4682		66.29865		18.63775
182		37.32437		63.74169		10.90706
183		30.06507		57.87277		2.25737
184		22.4237		51.69496		-6.84757
185		14.38015		45.19201		-16.43171
186		5.91325		38.34679		-26.52028
187		5.44822		26.43334		-15.5369
188		-1.64403		18.36782		-21.65587
189		-10.9543		10.1108		-32.0194
190		24.58788		71.10321		-21.92744
191		30.63997		72.62743		-11.34749
192		43.3211		83.12728		3.51491
193		38.22216		81.69468		-5.25036
194		39.45759		82.58623		-3.67104
195		34.15531		79.8333		-11.52267
196		26.72922		74.81131		-21.35287
197		27.35976		82.54384		-27.82431
198		21.42076		81.12565		-38.28414
199		13.32442		76.17168		-49.52284
200		4.80196		70.95697		-61.35305
201		-4.16905		65.4678		-73.8059
202		-5.16473		77.33129		-87.66075
203		5.63194		91.59282		-80.32895
204		-1.45064		89.57413		-92.47542
205		-10.75073		85.06482		-106.56629
206		-2.09282		65.20147		-69.38711
207		-9.58196		58.09785		-77.26178
208		-19.31002		51.93189		-90.55193
209		7.3449		56.32021		-41.63042
210		2.19722		52.73009		-48.33564
211		11.53661		49.84556		-26.77234
212		23.21229		61.31944		-14.89485
213		17.055		58.84253		-24.73253
214		8.72888		52.71576		-35.25799
215		-0.03544		46.26653		-46.33742
216		-9.26105		39.47786		-57.99997
217		17.92275		101.90893		-66.06342
218		13.33181		105.61663		-78.95301
219		4.80974		101.95165		-92.33217
220		4.28663		108.19203		-99.61877
221		15.58073		118.06807		-86.9066
222		17.46927		128.71643		-93.7779
223		29.45719		113.51326		-54.59887
224		23.62858		108.83056		-61.5734
225		15.64844		105.33474		-74.03785
226		7.2483		101.65493		-87.15832
227		16.85353		85.80943		-52.10236
228		10.36157		80.26507		-59.54193
229		1.68317		75.2658		-71.89946
230		-7.45199		70.00341		-84.90739
231		-17.06794		64.46406		-98.59994
232		-8.74251		90.82081		-108.30583
233		-16.58164		90.23036		-123.39364
234		-26.6781		85.75558		-139.11178
235		-0.41098		75.77867		-76.60063
236		2.48063		80.66817		-75.7069
237		-4.7678		78.44316		-87.97877
238		-14.24248		73.34801		-101.83298
239		2.67914		76.35586		-70.99757
240		15.73339		73.17976		-41.71297
241		9.18247		68.6009		-50.23596
242		0.44202		62.98773		-62.1037
243		-8.75846		57.07913		-74.59606
244		0.00431		69.66525		-69.65663
245		11.07302		50.67533		-28.52928
246		4.27676		42.7047		-34.15118
247		22.17083		26.46727		17.87439
248		17.79872		17.79872		17.79872
249		9.595		9.595		9.595
250		0.0		0.0		0.0
