step	mediator-max-opt_runtime_mean	mediator-max-opt_runtime_std_up	mediator-max-opt_runtime_std_down
1		0.00019		0.00023		0.00016
2		0.54473		0.81168		0.27778
3		0.68558		0.91035		0.46081
4		0.83069		1.10672		0.55466
5		0.90224		1.07873		0.72574
6		0.91361		1.09053		0.73669
7		0.97294		1.12495		0.82092
8		1.03		1.21159		0.84842
9		1.04105		1.22315		0.85895
10		1.05159		1.23397		0.86921
11		1.06252		1.24556		0.87948
12		1.13397		1.36654		0.9014
13		1.19935		1.51125		0.88744
14		1.27521		1.59503		0.95539
15		1.3906		1.81708		0.96412
16		1.40095		1.82743		0.97448
17		1.51972		2.06695		0.97249
18		1.52972		2.0771		0.98234
19		1.54046		2.08931		0.99162
20		1.55223		2.10232		1.00214
21		1.62274		2.15441		1.09106
22		1.72927		2.33172		1.12682
23		1.73931		2.34205		1.13658
24		1.85976		2.55104		1.16848
25		1.91983		2.63566		1.20399
26		1.9927		2.79873		1.18667
27		2.00381		2.81053		1.19709
28		2.05915		2.93519		1.18311
29		2.06926		2.94531		1.19322
30		2.12786		3.08305		1.17267
31		2.13793		3.09288		1.18299
32		2.1938		3.22564		1.16197
33		2.20409		3.23597		1.17221
34		2.2593		3.3702		1.14841
35		2.26925		3.38029		1.1582
36		2.32324		3.51147		1.13501
37		2.33399		3.52172		1.14626
38		2.40197		3.68957		1.11437
39		2.49712		3.86721		1.12703
40		2.50702		3.87714		1.1369
41		2.60303		4.05781		1.14825
42		2.61531		4.07017		1.16044
43		2.79916		4.26537		1.33296
44		2.8503		4.3041		1.39651
45		3.04081		4.50714		1.57447
46		3.09579		4.5484		1.64318
47		3.30498		4.77638		1.83357
48		3.36706		4.82257		1.91156
49		3.62346		5.08643		2.16049
50		3.68382		5.23522		2.13242
51		3.95094		5.50064		2.40125
52		3.96161		5.51121		2.41202
53		4.22457		5.77285		2.67628
54		4.31486		5.89091		2.73881
55		4.57415		6.1502		2.99811
56		4.9084		6.52322		3.29359
57		5.16749		6.78102		3.55397
58		5.59811		7.21797		3.97825
59		5.84969		7.48081		4.21858
60		6.18262		7.84882		4.51642
61		6.56432		8.1889		4.93975
62		6.88033		8.48534		5.27533
63		7.27646		8.90442		5.6485
64		7.5645		9.17035		5.95864
65		7.94864		9.58471		6.31258
66		8.20201		9.83825		6.56577
67		8.61819		10.25915		6.97723
68		8.87553		10.51164		7.23941
69		9.25869		10.83786		7.67953
70		9.56966		11.1896		7.94972
71		9.95215		11.51721		8.38709
72		10.27077		11.87903		8.66252
73		10.60455		12.2054		9.00371
74		10.9846		12.57005		9.39914
75		11.29535		12.89514		9.69557
76		11.6067		13.24971		9.96369
77		11.98717		13.57759		10.39674
78		12.30249		13.94072		10.66427
79		12.67765		14.26969		11.08562
80		12.99585		14.63342		11.35828
81		13.36809		14.95998		11.7762
82		13.68504		15.32495		12.04513
83		14.05531		15.64206		12.46855
84		14.34052		15.93409		12.74696
85		14.71569		16.30058		13.1308
86		15.08046		16.71698		13.44394
87		15.44324		17.06714		13.81934
88		15.80373		17.45679		14.15067
89		16.1355		17.79399		14.47701
90		16.43753		18.08237		14.79268
91		16.74278		18.43989		15.04568
92		17.07952		18.71234		15.44671
93		17.42999		19.07576		15.78422
94		17.76736		19.35233		16.18239
95		18.13254		19.70012		16.56496
96		18.48064		19.97448		16.98679
97		18.85114		20.33624		17.36604
98		19.25417		20.75677		17.75158
99		19.63079		21.13352		18.12807
100		20.02681		21.52337		18.53026
101		20.41543		21.89658		18.93428
102		20.83134		22.29636		19.36632
103		21.19235		22.66646		19.71823
104		21.57904		23.02938		20.1287
105		21.94857		23.39499		20.50216
106		22.33375		23.77061		20.89689
107		22.69331		24.13783		21.24878
108		23.07226		24.50392		21.6406
109		23.4466		24.91472		21.97848
110		23.83119		25.29441		22.36797
111		24.21664		25.68394		22.74934
112		24.62352		26.07079		23.17626
113		24.98655		26.44494		23.52815
114		25.35696		26.81505		23.89887
115		25.71585		27.18769		24.24401
116		26.0854		27.56169		24.6091
117		26.44464		27.94287		24.9464
118		26.80335		28.35569		25.25101
119		27.15268		28.72401		25.58135
120		27.52721		29.1002		25.95422
121		27.88632		29.48937		26.28327
122		28.22085		29.85025		26.59145
123		28.61446		30.26351		26.9654
124		28.96327		30.67042		27.25612
125		29.35125		31.06976		27.63274
126		29.68417		31.43673		27.9316
127		30.07288		31.85975		28.286
128		30.40068		32.23134		28.57002
129		30.768		32.6026		28.93341
130		31.09598		32.97618		29.21578
131		31.45882		33.33656		29.58109
132		31.78615		33.70541		29.86688
133		32.1513		34.06474		30.23786
134		32.47779		34.42824		30.52735
135		32.83637		34.78781		30.88493
136		33.16015		35.15326		31.16704
137		33.52154		35.51063		31.53245
138		33.85505		35.89849		31.8116
139		34.19157		36.28218		32.10096
140		34.53502		36.626		32.44403
141		34.89069		37.03985		32.74153
142		35.24683		37.39752		33.09613
143		35.59497		37.78309		33.40685
144		35.95783		38.15148		33.76417
145		36.30576		38.52709		34.08443
146		36.68063		38.92039		34.44087
147		37.01267		39.30228		34.72306
148		37.3766		39.66813		35.08508
149		37.70329		40.03597		35.37061
150		38.07209		40.41176		35.73242
151		38.41205		40.79338		36.03071
152		38.77132		41.2148		36.32785
153		39.15008		41.60703		36.69313
154		39.4952		42.00651		36.9839
155		39.84444		42.36515		37.32373
156		40.20335		42.77589		37.63081
157		40.56627		43.14459		37.98795
158		40.91263		43.56178		38.26347
159		41.28936		43.9584		38.62032
160		41.62386		44.33007		38.91766
161		41.97855		44.69302		39.26408
162		42.30421		45.06013		39.54829
163		42.67545		45.44127		39.90963
164		43.09299		45.96178		40.22421
165		43.54257		46.46904		40.61609
166		44.03045		47.10062		40.96028
167		44.50032		47.66784		41.33281
168		44.85479		48.09509		41.61449
169		45.25921		48.56247		41.95595
170		45.58607		48.94114		42.23101
171		45.92396		49.27674		42.57118
172		46.26835		49.68201		42.85468
173		46.60986		50.03072		43.189
174		46.98696		50.51611		43.45782
175		47.36615		50.94193		43.79037
176		47.70703		51.32905		44.08502
177		48.08443		51.71885		44.45002
178		48.41296		52.09098		44.73494
179		48.73522		52.45541		45.01503
180		49.05977		52.82761		45.29193
181		49.42193		53.2193		45.62456
182		49.75838		53.60429		45.91248
183		50.11984		53.96691		46.27277
184		50.43562		54.33507		46.53617
185		50.79664		54.70008		46.89319
186		51.11945		55.07775		47.16114
187		51.44714		55.40385		47.49043
188		51.78191		55.80511		47.75871
189		52.12552		56.1528		48.09825
190		52.46517		56.54109		48.38924
191		52.82379		56.89668		48.7509
192		53.13691		57.25952		49.0143
193		53.50246		57.64606		49.35887
194		53.8504		58.04669		49.65411
195		54.18971		58.38755		49.99187
196		54.51154		58.76464		50.25845
197		54.83092		59.08367		50.57817
198		55.15577		59.46259		50.84895
199		55.48148		59.78671		51.17624
200		55.80198		60.16041		51.44356
201		56.12991		60.48211		51.77771
202		56.47679		60.88904		52.06453
203		56.79853		61.25929		52.33777
204		57.1329		61.58794		52.67787
205		57.48677		61.99548		52.97806
206		57.80526		62.35568		53.25484
207		58.13811		62.67913		53.5971
208		58.47723		63.05078		53.90368
209		58.82378		63.40836		54.2392
210		59.19913		63.7495		54.64876
211		59.55735		64.09548		55.01921
212		59.91534		64.48696		55.34372
213		60.24969		64.82312		55.67625
214		60.60151		65.1893		56.01372
215		60.95265		65.54805		56.35725
216		61.2724		65.86948		56.67533
217		61.67922		66.2992		57.05924
218		62.05609		66.69338		57.4188
219		62.42409		67.05079		57.79738
220		62.77062		67.37971		58.16152
221		63.14177		67.72316		58.56038
222		63.50919		68.08524		58.93313
223		63.83948		68.42184		59.25711
224		64.1797		68.75868		59.60071
225		64.50999		69.10127		59.91872
226		64.84229		69.43529		60.24928
227		65.18013		69.78937		60.57088
228		65.50983		70.11671		60.90295
229		65.84348		70.46966		61.2173
230		66.1891		70.83318		61.54501
231		66.52925		71.19009		61.8684
232		66.87944		71.56142		62.19746
233		67.21998		71.91856		62.52139
234		67.57487		72.27681		62.87293
235		67.8956		72.59572		63.19548
236		68.23697		72.95473		63.51921
237		68.58478		73.31716		63.8524
238		68.91937		73.61705		64.2217
239		69.27856		73.98873		64.56838
240		69.62997		74.3701		64.88984
241		69.97453		74.70836		65.24071
242		70.32434		75.06507		65.58361
243		70.68416		75.35667		66.01165
244		71.02866		75.71967		66.33765
245		71.35856		76.063		66.65412
246		71.68285		76.38144		66.98426
247		72.03334		76.7577		67.30898
248		72.35607		77.08576		67.62639
249		72.68092		77.41521		67.94664
250		73.00987		77.75705		68.26269
