step	mediator-max-opt_cov_err_sq_T_mean	mediator-max-opt_cov_err_sq_T_std_up	mediator-max-opt_cov_err_sq_T_std_down
1		14.67		14.67		14.67
2		14.73		15.41586		14.04414
3		14.69		15.61607		13.76393
4		14.01		14.96624		13.05376
5		13.47		14.12727		12.81273
6		13.50778		14.30356		12.712
7		13.335		13.94892		12.72108
8		13.28111		13.86349		12.69874
9		13.26278		13.83838		12.68717
10		13.25473		13.82798		12.68149
11		13.25069		13.82282		12.67857
12		13.24899		13.82013		12.67785
13		13.08774		13.82814		12.34735
14		13.08653		13.82719		12.34586
15		13.08578		13.82661		12.34496
16		13.08533		13.82624		12.34441
17		13.08547		13.82625		12.34469
18		13.08521		13.82605		12.34436
19		13.08474		13.82576		12.34372
20		13.08442		13.82556		12.34329
21		13.08422		13.82543		12.34301
22		13.08409		13.82535		12.34284
23		12.84403		13.30296		12.38509
24		12.90178		13.40187		12.40169
25		12.90179		13.40187		12.40171
26		12.84404		13.30295		12.38513
27		12.82009		13.26959		12.3706
28		12.8086		13.25533		12.36187
29		12.62258		13.02553		12.21964
30		12.28367		12.58799		11.97936
31		12.23027		12.53577		11.92478
32		12.21341		12.52254		11.90428
33		12.22021		12.52384		11.91658
34		12.21765		12.52185		11.91346
35		12.23407		12.53314		11.935
36		12.23357		12.53298		11.93416
37		12.22265		12.52523		11.92007
38		12.23764		12.53643		11.93885
39		12.23781		12.53685		11.93877
40		12.22829		12.52972		11.92686
41		12.22176		12.5257		11.91782
42		12.21648		12.52306		11.9099
43		12.05324		12.55393		11.55256
44		12.05063		12.55142		11.54983
45		12.0569		12.55835		11.55545
46		12.05712		12.55895		11.55529
47		12.05447		12.55651		11.55244
48		12.09249		12.60218		11.5828
49		12.0908		12.60062		11.58098
50		12.05251		12.55284		11.55218
51		12.04082		12.5408		11.54084
52		12.03705		12.53724		11.53686
53		12.03629		12.53587		11.53672
54		12.03563		12.53521		11.53605
55		12.03534		12.53529		11.5354
56		12.03488		12.53388		11.53589
57		12.03704		12.53612		11.53796
58		12.0374		12.53665		11.53816
59		12.04017		12.5395		11.54083
60		12.04054		12.54004		11.54105
61		12.04102		12.54054		11.5415
62		12.0404		12.53995		11.54084
63		12.03998		12.53944		11.54052
64		12.03958		12.53908		11.54007
65		12.03992		12.53933		11.5405
66		12.03959		12.53904		11.54013
67		12.03415		12.53004		11.53827
68		11.87415		12.18786		11.56044
69		11.87178		12.18423		11.55933
70		11.87968		12.19606		11.5633
71		11.8795		12.19565		11.56335
72		11.87656		12.19118		11.56194
73		11.87449		12.18794		11.56104
74		11.87306		12.18585		11.56027
75		11.86422		12.17242		11.55602
76		11.86342		12.17123		11.55562
77		11.86388		12.17193		11.55583
78		11.86381		12.17182		11.55579
79		11.86133		12.16814		11.55451
80		11.86217		12.16944		11.5549
81		11.86219		12.16946		11.55491
82		11.86377		12.1719		11.55564
83		11.86393		12.17213		11.55572
84		11.85604		12.17927		11.53281
85		11.85635		12.17969		11.533
86		11.85658		12.17908		11.53409
87		11.85669		12.17833		11.53504
88		11.85685		12.17773		11.53596
89		11.85316		12.17144		11.53488
90		11.69339		12.08747		11.29931
91		11.69469		12.08715		11.30224
92		11.69343		12.08436		11.30249
93		11.69378		12.08542		11.30214
94		11.69322		12.08459		11.30185
95		11.69309		12.08436		11.30181
96		11.69008		12.08481		11.29534
97		11.68995		12.08474		11.29516
98		11.6849		12.07814		11.29167
99		11.52554		11.91967		11.13141
100		11.52544		11.91965		11.13123
101		11.52534		11.91925		11.13143
102		11.52538		11.91897		11.1318
103		11.52552		11.91877		11.13228
104		11.52573		11.91865		11.1328
105		11.52682		11.92047		11.13316
106		11.52712		11.92053		11.13372
107		11.52634		11.92011		11.13257
108		11.52641		11.91991		11.13292
109		11.52653		11.91968		11.13339
110		11.52671		11.91956		11.13386
111		11.52687		11.91947		11.13427
112		11.52698		11.91941		11.13455
113		11.5271		11.91929		11.13492
114		11.5271		11.91923		11.13497
115		11.52722		11.91953		11.13491
116		11.52615		11.91929		11.133
117		11.5253		11.91727		11.13334
118		11.36523		11.68575		11.04471
119		11.36536		11.68582		11.04491
120		11.36543		11.68589		11.04496
121		11.36543		11.68597		11.0449
122		11.36548		11.68587		11.04509
123		11.36554		11.6859		11.04518
124		11.36559		11.68602		11.04515
125		11.36605		11.68615		11.04595
126		11.36552		11.6858		11.04524
127		11.36596		11.68588		11.04605
128		11.36604		11.68591		11.04616
129		11.36627		11.68684		11.0457
130		11.36623		11.68681		11.04564
131		11.36593		11.68642		11.04544
132		11.36587		11.68619		11.04554
133		11.36627		11.6876		11.04495
134		11.36703		11.68799		11.04606
135		11.367		11.68764		11.04635
136		11.36725		11.68944		11.04506
137		11.36772		11.68967		11.04576
138		11.36674		11.68871		11.04477
139		11.36635		11.6881		11.04461
140		11.36619		11.68801		11.04436
141		11.36617		11.68793		11.04442
142		11.36601		11.68748		11.04454
143		11.36589		11.68742		11.04436
144		11.36626		11.68839		11.04412
145		11.36637		11.68845		11.0443
146		11.36684		11.68853		11.04515
147		11.36592		11.68793		11.04391
148		11.36575		11.68773		11.04377
149		11.36641		11.68775		11.04507
150		11.36639		11.68763		11.04514
151		11.36614		11.68724		11.04505
152		11.36612		11.68713		11.0451
153		11.36609		11.68712		11.04507
154		11.36609		11.68688		11.0453
155		11.36591		11.68671		11.04511
156		11.36581		11.68646		11.04516
157		11.36575		11.68636		11.04514
158		11.36577		11.68637		11.04517
159		11.36556		11.68621		11.04492
160		11.36582		11.68743		11.04421
161		11.36606		11.68754		11.04457
162		11.36597		11.68721		11.04473
163		11.36579		11.68686		11.04472
164		11.36517		11.68654		11.04379
165		11.36566		11.68805		11.04327
166		11.3657		11.68807		11.04332
167		11.36625		11.688		11.0445
168		11.36626		11.6877		11.04481
169		11.366		11.68752		11.04449
170		11.36582		11.68716		11.04449
171		11.36587		11.68713		11.0446
172		11.36581		11.68711		11.04452
173		11.36568		11.6868		11.04457
174		11.3658		11.68682		11.04478
175		11.36563		11.68652		11.04475
176		11.36565		11.68653		11.04477
177		11.36596		11.68666		11.04526
178		11.3659		11.68644		11.04537
179		11.36591		11.68642		11.0454
180		11.36589		11.68641		11.04537
181		11.36581		11.6862		11.04541
182		11.36582		11.68619		11.04546
183		11.36574		11.686		11.04548
184		11.36562		11.68593		11.04532
185		11.36536		11.68579		11.04492
186		11.36581		11.68589		11.04572
187		11.36583		11.6859		11.04577
188		11.36559		11.68567		11.04551
189		11.36495		11.68535		11.04456
190		11.36497		11.68536		11.04459
191		11.36504		11.6853		11.04479
192		11.36496		11.68526		11.04465
193		11.36502		11.68529		11.04474
194		11.36465		11.68503		11.04427
195		11.36472		11.68519		11.04425
196		11.36478		11.68522		11.04434
197		11.36533		11.68546		11.0452
198		11.3652		11.68537		11.04504
199		11.36511		11.68531		11.04492
200		11.36495		11.68521		11.0447
201		11.3651		11.68522		11.04497
202		11.36515		11.6855		11.04479
203		11.36511		11.68549		11.04474
204		11.36549		11.68619		11.0448
205		11.36541		11.68614		11.04467
206		11.36573		11.68705		11.04441
207		11.3654		11.68688		11.04392
208		11.36582		11.68696		11.04468
209		11.36573		11.68679		11.04467
210		11.36573		11.68667		11.04478
211		11.36603		11.68672		11.04535
212		11.36592		11.68656		11.04529
213		11.36575		11.68638		11.04512
214		11.36521		11.68602		11.04439
215		11.36496		11.68582		11.0441
216		11.36492		11.68572		11.04411
217		11.3647		11.68555		11.04385
218		11.36454		11.6854		11.04368
219		11.36429		11.68528		11.0433
220		11.36422		11.68518		11.04325
221		11.36417		11.68511		11.04323
222		11.36408		11.68501		11.04315
223		11.36412		11.68503		11.04321
224		11.3642		11.68503		11.04336
225		11.36418		11.68498		11.04338
226		11.3642		11.68496		11.04344
227		11.36419		11.68496		11.04343
228		11.36404		11.68483		11.04324
229		11.36406		11.68483		11.04329
230		11.36408		11.6848		11.04337
231		11.36401		11.68475		11.04326
232		11.36402		11.68476		11.04328
233		11.36398		11.6847		11.04325
234		11.36399		11.68471		11.04327
235		11.36415		11.68476		11.04353
236		11.3642		11.68478		11.04362
237		11.36419		11.68475		11.04363
238		11.36417		11.68475		11.04359
239		11.36413		11.6847		11.04356
240		11.36421		11.68479		11.04362
241		11.36421		11.68479		11.04363
242		11.36433		11.68482		11.04384
243		11.3643		11.68479		11.04381
244		11.36454		11.68491		11.04417
245		11.36478		11.68502		11.04454
246		11.36467		11.68494		11.04439
247		11.36502		11.68527		11.04478
248		11.36493		11.68522		11.04463
249		11.36485		11.68514		11.04456
250		11.36489		11.68548		11.0443
