step	mediator-max-opt_reward_mean	mediator-max-opt_reward_std_up	mediator-max-opt_reward_std_down
1		9.2		29.6		-11.2
2		28.6		53.5848		3.6152
3		27.6		52.5848		2.6152
4		36.8		74.96491		-1.36491
5		56.0		115.16756		-3.16756
6		85.2		166.10093		4.29907
7		84.2		165.10093		3.29907
8		83.2		164.10093		2.29907
9		82.2		163.10093		1.29907
10		81.2		162.10093		0.29907
11		80.2		161.10093		-0.70093
12		109.4		213.54144		5.25856
13		108.4		212.54144		4.25856
14		127.6		244.70611		10.49389
15		126.6		243.70611		9.49389
16		125.6		242.70611		8.49389
17		124.6		241.70611		7.49389
18		123.6		240.70611		6.49389
19		122.6		239.70611		5.49389
20		121.6		238.70611		4.49389
21		120.6		237.70611		3.49389
22		119.6		236.70611		2.49389
23		148.8		242.65819		54.94181
24		147.8		241.65819		53.94181
25		146.8		240.65819		52.94181
26		166.0		283.14094		48.85906
27		195.2		271.18263		119.21737
28		194.2		270.18263		118.21737
29		223.4		313.9618		132.8382
30		242.6		360.66032		124.53968
31		271.8		373.00158		170.59842
32		270.8		372.00158		169.59842
33		269.8		371.00158		168.59842
34		268.8		370.00158		167.59842
35		267.8		369.00158		166.59842
36		266.8		368.00158		165.59842
37		265.8		367.00158		164.59842
38		325.2		437.70671		212.69329
39		344.4		478.55901		210.24099
40		343.4		477.55901		209.24099
41		342.4		476.55901		208.24099
42		371.6		532.38134		210.81866
43		370.6		531.38134		209.81866
44		369.6		530.38134		208.81866
45		368.6		529.38134		207.81866
46		367.6		528.38134		206.81866
47		396.8		557.54377		236.05623
48		426.0		590.56853		261.43147
49		455.2		651.62546		258.77454
50		454.2		650.62546		257.77454
51		453.2		649.62546		256.77454
52		452.2		648.62546		255.77454
53		481.4		694.23665		268.56335
54		480.4		693.23665		267.56335
55		499.6		718.24181		280.95819
56		498.6		717.24181		279.95819
57		497.6		716.24181		278.95819
58		496.6		715.24181		277.95819
59		495.6		714.24181		276.95819
60		494.6		713.24181		275.95819
61		523.8		688.34471		359.25529
62		522.8		687.34471		358.25529
63		521.8		686.34471		357.25529
64		541.0		718.83138		363.16862
65		540.0		717.83138		362.16862
66		539.0		716.83138		361.16862
67		538.0		715.83138		360.16862
68		567.2		770.60246		363.79754
69		566.2		769.60246		362.79754
70		595.4		823.99711		366.80289
71		594.4		822.99711		365.80289
72		593.4		821.99711		364.80289
73		592.4		820.99711		363.80289
74		591.4		819.99711		362.80289
75		610.6		850.66216		370.53784
76		609.6		849.66216		369.53784
77		608.6		848.66216		368.53784
78		607.6		847.66216		367.53784
79		636.8		861.09748		412.50252
80		635.8		860.09748		411.50252
81		634.8		859.09748		410.50252
82		644.0		875.5297		412.4703
83		663.2		858.41414		467.98586
84		692.4		919.13473		465.66527
85		711.6		906.42156		516.77844
86		740.8		922.59923		559.00077
87		739.8		921.59923		558.00077
88		738.8		920.59923		557.00077
89		737.8		919.59923		556.00077
90		736.8		918.59923		555.00077
91		735.8		917.59923		554.00077
92		734.8		916.59923		553.00077
93		733.8		915.59923		552.00077
94		732.8		914.59923		551.00077
95		731.8		913.59923		550.00077
96		761.0		964.96961		557.03039
97		760.0		963.96961		556.03039
98		789.2		1002.20836		576.19164
99		788.2		1001.20836		575.19164
100		817.4		1061.1159		573.6841
101		816.4		1060.1159		572.6841
102		845.6		1082.91212		608.28788
103		844.6		1081.91212		607.28788
104		873.8		1149.14371		598.45629
105		872.8		1148.14371		597.45629
106		902.0		1181.65336		622.34664
107		901.0		1180.65336		621.34664
108		900.0		1179.65336		620.34664
109		899.0		1178.65336		619.34664
110		918.2		1162.07817		674.32183
111		947.4		1196.44907		698.35093
112		946.4		1195.44907		697.35093
113		945.4		1194.44907		696.35093
114		944.4		1193.44907		695.35093
115		963.6		1176.53248		750.66752
116		962.6		1175.53248		749.66752
117		981.8		1160.4599		803.1401
118		980.8		1159.4599		802.1401
119		1010.0		1236.72538		783.27462
120		1009.0		1235.72538		782.27462
121		1038.2		1270.11412		806.28588
122		1067.4		1307.27714		827.52286
123		1066.4		1306.27714		826.52286
124		1085.6		1294.70342		876.49658
125		1084.6		1293.70342		875.49658
126		1083.6		1292.70342		874.49658
127		1082.6		1291.70342		873.49658
128		1081.6		1290.70342		872.49658
129		1080.6		1289.70342		871.49658
130		1079.6		1288.70342		870.49658
131		1078.6		1287.70342		869.49658
132		1128.0		1339.1947		916.8053
133		1127.0		1338.1947		915.8053
134		1126.0		1337.1947		914.8053
135		1125.0		1336.1947		913.8053
136		1124.0		1335.1947		912.8053
137		1153.4		1370.79236		936.00764
138		1152.4		1369.79236		935.00764
139		1181.6		1422.70462		940.49538
140		1180.6		1421.70462		939.49538
141		1179.6		1420.70462		938.49538
142		1178.6		1419.70462		937.49538
143		1207.8		1455.3079		960.2921
144		1206.8		1454.3079		959.2921
145		1205.8		1453.3079		958.2921
146		1204.8		1452.3079		957.2921
147		1203.8		1451.3079		956.2921
148		1213.0		1469.91477		956.08523
149		1232.2		1484.22492		980.17508
150		1231.2		1483.22492		979.17508
151		1260.6		1521.29952		999.90048
152		1279.8		1547.51806		1012.08194
153		1289.0		1564.25479		1013.74521
154		1288.0		1563.25479		1012.74521
155		1287.0		1562.25479		1011.74521
156		1296.2		1580.25943		1012.14057
157		1295.2		1579.25943		1011.14057
158		1294.2		1578.25943		1010.14057
159		1293.2		1577.25943		1009.14057
160		1292.2		1576.25943		1008.14057
161		1291.2		1575.25943		1007.14057
162		1330.8		1639.47485		1022.12515
163		1329.8		1638.47485		1021.12515
164		1328.8		1637.47485		1020.12515
165		1327.8		1636.47485		1019.12515
166		1326.8		1635.47485		1018.12515
167		1325.8		1634.47485		1017.12515
168		1335.0		1653.19679		1016.80321
169		1364.4		1700.16039		1028.63961
170		1373.6		1718.44234		1028.75766
171		1372.6		1717.44234		1027.75766
172		1391.8		1751.70743		1031.89257
173		1401.0		1765.76623		1036.23377
174		1400.0		1764.76623		1035.23377
175		1409.2		1782.62705		1035.77295
176		1408.2		1781.62705		1034.77295
177		1417.4		1796.33672		1038.46328
178		1436.6		1831.86983		1041.33017
179		1435.6		1830.86983		1040.33017
180		1444.8		1845.80344		1043.79656
181		1443.8		1844.80344		1042.79656
182		1463.0		1857.73839		1068.26161
183		1472.2		1847.96557		1096.43443
184		1481.4		1864.77585		1098.02415
185		1490.6		1879.88992		1101.31008
186		1489.6		1878.88992		1100.31008
187		1508.8		1914.99178		1102.60822
188		1518.0		1930.28825		1105.71175
189		1517.0		1929.28825		1104.71175
190		1536.4		1937.31426		1135.48574
191		1545.6		1953.20059		1137.99941
192		1544.6		1952.20059		1136.99941
193		1574.2		1978.60495		1169.79505
194		1573.2		1977.60495		1168.79505
195		1592.4		1988.48767		1196.31233
196		1591.4		1987.48767		1195.31233
197		1600.6		2004.44036		1196.75964
198		1599.6		2003.44036		1195.75964
199		1629.0		2035.08324		1222.91676
200		1628.0		2034.08324		1221.91676
201		1657.4		2058.18603		1256.61397
202		1666.6		2074.5498		1258.6502
203		1665.6		2073.5498		1257.6502
204		1674.8		2063.90739		1285.69261
205		1694.2		2097.97291		1290.42709
206		1693.2		2096.97291		1289.42709
207		1692.2		2095.97291		1288.42709
208		1701.4		2086.66645		1316.13355
209		1700.4		2085.66645		1315.13355
210		1699.4		2084.66645		1314.13355
211		1698.4		2083.66645		1313.13355
212		1697.4		2082.66645		1312.13355
213		1726.6		2136.25673		1316.94327
214		1725.6		2135.25673		1315.94327
215		1724.6		2134.25673		1314.94327
216		1723.6		2133.25673		1313.94327
217		1722.6		2132.25673		1312.94327
218		1721.6		2131.25673		1311.94327
219		1740.8		2143.73493		1337.86507
220		1739.8		2142.73493		1336.86507
221		1769.0		2202.38343		1335.61657
222		1778.2		2193.41917		1362.98083
223		1777.2		2192.41917		1361.98083
224		1776.2		2191.41917		1360.98083
225		1775.2		2190.41917		1359.98083
226		1774.2		2189.41917		1358.98083
227		1783.4		2204.57531		1362.22469
228		1792.6		2218.23205		1366.96795
229		1811.8		2231.92922		1391.67078
230		1810.8		2230.92922		1390.67078
231		1809.8		2229.92922		1389.67078
232		1808.8		2228.92922		1388.67078
233		1818.0		2243.09152		1392.90848
234		1817.0		2242.09152		1391.90848
235		1816.0		2241.09152		1390.90848
236		1815.0		2240.09152		1389.90848
237		1834.2		2280.67885		1387.72115
238		1833.2		2279.67885		1386.72115
239		1832.2		2278.67885		1385.72115
240		1841.4		2269.55072		1413.24928
241		1840.4		2268.55072		1412.24928
242		1839.4		2267.55072		1411.24928
243		1848.6		2281.81893		1415.38107
244		1847.6		2280.81893		1414.38107
245		1846.6		2279.81893		1413.38107
246		1855.8		2294.97714		1416.62286
247		1854.8		2293.97714		1415.62286
248		1853.8		2292.97714		1414.62286
249		1852.8		2291.97714		1413.62286
250		1862.0		2283.02541		1440.97459
