step	mediator-max-opt_cov_err_sq_T_mean	mediator-max-opt_cov_err_sq_T_std_up	mediator-max-opt_cov_err_sq_T_std_down
1		15.07		15.87		14.27
2		14.65		15.25133		14.04867
3		14.19		15.00093		13.37907
4		13.53		14.38697		12.67303
5		13.25		13.79553		12.70447
6		13.33		14.02742		12.63258
7		13.17		13.57		12.77
8		13.12111		13.4391		12.80312
9		13.105		13.39809		12.81191
10		13.10045		13.38124		12.81966
11		12.93689		13.43395		12.43983
12		12.9337		13.43061		12.43679
13		12.93174		13.42864		12.43485
14		12.93049		13.42742		12.43357
15		12.92967		13.42663		12.43271
16		12.9284		13.42548		12.43133
17		12.76731		13.37424		12.16039
18		12.60695		13.13515		12.07874
19		12.60659		13.13478		12.0784
20		12.60635		13.13452		12.07817
21		12.60619		13.13435		12.07802
22		12.60757		13.13421		12.08092
23		12.60652		13.13265		12.08039
24		12.44623		12.99091		11.90154
25		12.449		12.99179		11.90621
26		12.44902		12.99181		11.90624
27		12.4485		12.99166		11.90534
28		12.44807		12.99155		11.9046
29		12.44772		12.99147		11.90398
30		12.44744		12.99142		11.90345
31		12.4472		12.99139		11.90301
32		12.44701		12.99138		11.90264
33		12.44685		12.99138		11.90232
34		12.44672		12.99139		11.90205
35		12.44662		12.99141		11.90183
36		12.44653		12.99143		11.90163
37		12.44647		12.99146		11.90147
38		12.44642		12.9915		11.90133
39		12.44638		12.99154		11.90122
40		12.44618		12.99111		11.90126
41		12.44615		12.99111		11.90119
42		12.44633		12.99226		11.90039
43		12.4463		12.99227		11.90032
44		12.44621		12.9921		11.90032
45		12.44695		12.99221		11.90169
46		12.44693		12.9921		11.90176
47		12.44681		12.99197		11.90165
48		12.4474		12.99384		11.90095
49		12.44705		12.99348		11.90062
50		12.4469		12.99321		11.90058
51		12.44677		12.99298		11.90056
52		12.44665		12.99276		11.90054
53		12.44655		12.99257		11.90053
54		12.44648		12.9924		11.90055
55		12.44639		12.99225		11.90054
56		12.4463		12.9921		11.90051
57		12.44623		12.99197		11.90048
58		12.44583		12.99175		11.8999
59		12.44576		12.99164		11.89987
60		12.4457		12.99155		11.89986
61		12.44566		12.99146		11.89985
62		12.44561		12.99138		11.89984
63		12.44558		12.99131		11.89984
64		12.44555		12.99125		11.89984
65		12.44552		12.9912		11.89985
66		12.4455		12.99115		11.89985
67		12.44548		12.99111		11.89986
68		12.44547		12.99107		11.89987
69		12.44546		12.99104		11.89988
70		12.44545		12.99101		11.89989
71		12.44544		12.99098		11.8999
72		12.44529		12.99078		11.8998
73		12.44529		12.99076		11.89982
74		12.44528		12.99074		11.89983
75		12.44528		12.99072		11.89984
76		12.44529		12.99072		11.89987
77		12.44545		12.99075		11.90015
78		12.44544		12.99073		11.90016
79		12.44542		12.99071		11.90013
80		12.4457		12.99078		11.90061
81		12.44569		12.99077		11.90062
82		12.44566		12.99075		11.90057
83		12.44545		12.99068		11.90022
84		12.44542		12.99066		11.90018
85		12.4454		12.99065		11.90014
86		12.44538		12.99064		11.90011
87		12.44536		12.99064		11.90008
88		12.44534		12.99063		11.90005
89		12.44564		12.99072		11.90056
90		12.44565		12.99073		11.90057
91		12.44562		12.99072		11.90052
92		12.4456		12.99072		11.90048
93		12.44561		12.99075		11.90047
94		12.44559		12.99075		11.90043
95		12.44557		12.99074		11.90039
96		12.44589		12.99084		11.90094
97		12.4459		12.99086		11.90095
98		12.44587		12.99085		11.90089
99		12.44584		12.99083		11.90085
100		12.44581		12.99081		11.90081
101		12.44578		12.99079		11.90077
102		12.44583		12.99087		11.90079
103		12.44581		12.99086		11.90076
104		12.44614		12.99095		11.90132
105		12.44614		12.99094		11.90133
106		12.4461		12.99092		11.90127
107		12.44648		12.99103		11.90193
108		12.44648		12.99103		11.90194
109		12.44644		12.99101		11.90187
110		12.4464		12.99099		11.9018
111		12.44636		12.99098		11.90174
112		12.44632		12.99096		11.90167
113		12.44628		12.99095		11.90162
114		12.44625		12.99094		11.90156
115		12.44622		12.99093		11.90151
116		12.44619		12.99092		11.90146
117		12.44616		12.99091		11.90141
118		12.44613		12.9909		11.90136
119		12.44611		12.99096		11.90125
120		12.44608		12.99096		11.90121
121		12.44605		12.99095		11.90116
122		12.44603		12.99094		11.90112
123		12.446		12.99093		11.90107
124		12.44598		12.99092		11.90103
125		12.44596		12.99091		11.901
126		12.44593		12.99091		11.90096
127		12.44591		12.9909		11.90093
128		12.44587		12.99083		11.90091
129		12.44585		12.99082		11.90088
130		12.44583		12.99081		11.90086
131		12.44582		12.9908		11.90083
132		12.4458		12.99079		11.90081
133		12.44579		12.99079		11.90078
134		12.44584		12.99087		11.90082
135		12.44583		12.99087		11.9008
136		12.44582		12.99086		11.90077
137		12.44581		12.99087		11.90075
138		12.44579		12.99086		11.90073
139		12.44578		12.99085		11.90071
140		12.44576		12.99084		11.90069
141		12.44575		12.99082		11.90068
142		12.44578		12.99094		11.90062
143		12.44596		12.99099		11.90093
144		12.44596		12.99098		11.90094
145		12.44594		12.99096		11.90092
146		12.44592		12.99094		11.90091
147		12.44591		12.99092		11.90089
148		12.44596		12.991		11.90093
149		12.44595		12.99098		11.90092
150		12.44593		12.99097		11.9009
151		12.44592		12.99095		11.90088
152		12.4459		12.99093		11.90087
153		12.44589		12.99092		11.90085
154		12.44587		12.9909		11.90084
155		12.44572		12.99085		11.90059
156		12.44575		12.99098		11.90052
157		12.44574		12.99097		11.90051
158		12.44581		12.9912		11.90043
159		12.4458		12.99119		11.90042
160		12.44579		12.99116		11.90041
161		12.44577		12.99114		11.90041
162		12.44573		12.99117		11.90028
163		12.44571		12.99115		11.90027
164		12.4457		12.99113		11.90027
165		12.44579		12.99123		11.90035
166		12.44578		12.99121		11.90035
167		12.44576		12.99118		11.90034
168		12.44567		12.99113		11.9002
169		12.44565		12.99111		11.90019
170		12.44564		12.99109		11.90018
171		12.44554		12.99104		11.90004
172		12.44564		12.99116		11.90013
173		12.44564		12.99115		11.90013
174		12.44562		12.99112		11.90012
175		12.44561		12.9911		11.90011
176		12.44554		12.99106		11.90002
177		12.44552		12.99104		11.90001
178		12.44551		12.99102		11.9
179		12.44559		12.99103		11.90015
180		12.44558		12.99101		11.90016
181		12.44557		12.99099		11.90015
182		12.44555		12.99097		11.90014
183		12.44554		12.99095		11.90013
184		12.44553		12.99094		11.90012
185		12.44563		12.99106		11.9002
186		12.44562		12.99105		11.9002
187		12.44561		12.99103		11.90019
188		12.4456		12.99101		11.90018
189		12.44572		12.99116		11.90028
190		12.44571		12.99115		11.90027
191		12.4457		12.99113		11.90026
192		12.44568		12.99111		11.90025
193		12.44567		12.9911		11.90025
194		12.44566		12.99108		11.90024
195		12.44565		12.99106		11.90023
196		12.44563		12.99105		11.90022
197		12.44562		12.99103		11.90021
198		12.44561		12.99102		11.90021
199		12.44553		12.99098		11.90009
200		12.44552		12.99097		11.90008
201		12.44564		12.99111		11.90017
202		12.44564		12.99111		11.90017
203		12.44565		12.99116		11.90014
204		12.44564		12.99115		11.90014
205		12.44558		12.99111		11.90005
206		12.44557		12.99109		11.90004
207		12.44556		12.99108		11.90004
208		12.44554		12.99106		11.90003
209		12.44553		12.99104		11.90003
210		12.44558		12.99104		11.90012
211		12.44557		12.99103		11.90012
212		12.44556		12.99102		11.90011
213		12.44555		12.991		11.9001
214		12.44554		12.99099		11.9001
215		12.44553		12.99097		11.90009
216		12.44552		12.99096		11.90009
217		12.44551		12.99095		11.90008
218		12.44551		12.99093		11.90008
219		12.4455		12.99092		11.90007
220		12.44549		12.99091		11.90007
221		12.4455		12.99097		11.90004
222		12.4455		12.99096		11.90004
223		12.44545		12.99093		11.89997
224		12.4455		12.99094		11.90006
225		12.4455		12.99093		11.90007
226		12.44543		12.9909		11.89996
227		12.44542		12.99088		11.89996
228		12.44548		12.99089		11.90007
229		12.44548		12.99088		11.90007
230		12.44543		12.99086		11.9
231		12.44542		12.99085		11.89999
232		12.44541		12.99084		11.89998
233		12.4454		12.99082		11.89997
234		12.44539		12.99081		11.89996
235		12.44538		12.99081		11.89996
236		12.44537		12.9908		11.89995
237		12.44537		12.99079		11.89994
238		12.44536		12.99078		11.89994
239		12.44535		12.99077		11.89993
240		12.44534		12.99076		11.89993
241		12.44536		12.99081		11.89991
242		12.44535		12.99081		11.8999
243		12.44532		12.99079		11.89984
244		12.44531		12.99078		11.89984
245		12.4453		12.99077		11.89983
246		12.44529		12.99076		11.89983
247		12.44526		12.99074		11.89977
248		12.44525		12.99073		11.89977
249		12.44524		12.99072		11.89976
250		12.44524		12.99072		11.89976
