step	mediator-max-opt_cov_err_sq_T_mean	mediator-max-opt_cov_err_sq_T_std_up	mediator-max-opt_cov_err_sq_T_std_down
1		15.07		15.87		14.27
2		14.37		14.77		13.97
3		14.11		14.79		13.43
4		13.41		14.07813		12.74187
5		13.27		13.8531		12.6869
6		13.30111		13.8659		12.73633
7		12.94556		13.37205		12.51906
8		12.865		13.26886		12.46114
9		12.83		13.23576		12.42424
10		12.81222		13.2217		12.40274
11		12.80224		13.21461		12.38988
12		12.81		13.2007		12.4193
13		12.80698		13.19784		12.41611
14		12.80086		13.19889		12.40283
15		12.79668		13.19969		12.39367
16		12.79373		13.20031		12.38715
17		12.7916		13.20081		12.3824
18		12.79005		13.20123		12.37887
19		12.79886		13.19855		12.39917
20		12.63886		13.12966		12.14806
21		12.63609		13.12859		12.1436
22		12.6354		13.12757		12.14322
23		12.63367		13.12696		12.14038
24		12.63201		13.12654		12.13748
25		12.63931		13.12532		12.15329
26		12.63904		13.125		12.15309
27		12.63698		13.12492		12.14904
28		12.63525		13.12488		12.14562
29		12.63379		13.12486		12.14272
30		12.63255		13.12487		12.14024
31		12.6315		13.12489		12.13811
32		12.6306		13.12492		12.13628
33		12.62983		13.12496		12.13469
34		12.62916		13.12501		12.13332
35		12.62859		13.12506		12.13212
36		12.6281		13.12512		12.13107
37		12.62682		13.12308		12.13057
38		12.46645		12.80189		12.13101
39		12.46614		12.80201		12.13028
40		12.46588		12.80213		12.12963
41		12.46565		12.80225		12.12905
42		12.46545		12.80237		12.12854
43		12.46528		12.80248		12.12808
44		12.46514		12.8026		12.12767
45		12.46501		12.80271		12.12731
46		12.32487		12.6601		11.98964
47		12.32474		12.66009		11.98939
48		12.32462		12.66008		11.98917
49		12.32452		12.66007		11.98897
50		12.32443		12.66007		11.9888
51		12.32418		12.65845		11.98992
52		12.16413		12.36549		11.96277
53		12.16403		12.36546		11.9626
54		12.16395		12.36544		11.96245
55		12.16387		12.36543		11.96231
56		12.1638		12.36541		11.96218
57		12.16374		12.36541		11.96207
58		12.16368		12.3654		11.96196
59		12.16363		12.36539		11.96187
60		12.16359		12.36539		11.96178
61		12.16355		12.36539		11.9617
62		12.16351		12.3654		11.96163
63		12.16348		12.3654		11.96157
64		12.16346		12.36541		11.96151
65		12.16343		12.36541		11.96146
66		12.16341		12.36542		11.96141
67		12.16373		12.3656		11.96186
68		12.16373		12.36562		11.96184
69		12.16369		12.36562		11.96177
70		12.16366		12.36562		11.96171
71		12.16331		12.36545		11.96116
72		12.16327		12.36545		11.9611
73		12.16325		12.36545		11.96105
74		12.16323		12.36546		11.96101
75		12.16322		12.36546		11.96097
76		12.16233		12.36509		11.95957
77		12.00248		12.42731		11.57765
78		12.00217		12.42655		11.57779
79		12.00215		12.4265		11.57781
80		12.00215		12.42648		11.57782
81		12.00215		12.42646		11.57784
82		12.00215		12.42644		11.57786
83		12.00215		12.42642		11.57788
84		12.00215		12.42641		11.5779
85		12.00216		12.4264		11.57792
86		12.00192		12.42658		11.57725
87		12.00172		12.42614		11.5773
88		12.00152		12.42591		11.57713
89		12.00151		12.4259		11.57712
90		12.00168		12.42609		11.57726
91		12.00184		12.42628		11.5774
92		12.00194		12.4262		11.57767
93		12.00192		12.42618		11.57765
94		12.00188		12.42618		11.57758
95		12.00185		12.42618		11.57751
96		12.00172		12.42596		11.57749
97		12.00169		12.42594		11.57744
98		12.00167		12.42594		11.57739
99		12.00164		12.42593		11.57736
100		12.00162		12.42591		11.57732
101		12.0016		12.42589		11.5773
102		12.00146		12.42575		11.57718
103		12.00144		12.42573		11.57715
104		12.00143		12.42572		11.57714
105		12.00141		12.42571		11.57712
106		12.00146		12.42582		11.57709
107		12.00158		12.42597		11.57719
108		12.00157		12.42595		11.57719
109		12.00155		12.42592		11.57718
110		12.00154		12.4259		11.57718
111		12.00163		12.42614		11.57713
112		12.00157		12.42606		11.57708
113		12.00155		12.42602		11.57708
114		12.00153		12.42598		11.57708
115		12.00151		12.42594		11.57708
116		12.0015		12.42591		11.57709
117		12.00148		12.42588		11.57709
118		12.00147		12.42585		11.57709
119		12.00146		12.42582		11.5771
120		12.00145		12.42579		11.5771
121		12.00141		12.42578		11.57705
122		12.0014		12.42575		11.57704
123		12.00143		12.42579		11.57707
124		12.00142		12.42577		11.57706
125		12.00151		12.42601		11.57701
126		12.0015		12.426		11.577
127		12.00148		12.42597		11.577
128		12.00146		12.42594		11.57699
129		12.00145		12.42591		11.57699
130		12.00152		12.42598		11.57706
131		12.00151		12.42595		11.57706
132		12.00149		12.42592		11.57705
133		12.00161		12.42621		11.57701
134		12.0016		12.4262		11.577
135		12.00158		12.42616		11.577
136		12.00157		12.42612		11.57701
137		12.00167		12.42622		11.57711
138		12.00166		12.4262		11.57711
139		12.00163		12.42616		11.57711
140		12.00162		12.42612		11.57711
141		12.0016		12.42608		11.57711
142		12.00158		12.42605		11.57711
143		12.0017		12.42617		11.57723
144		12.0017		12.42615		11.57724
145		12.00168		12.42612		11.57724
146		12.00179		12.42638		11.5772
147		12.00178		12.42637		11.5772
148		12.00176		12.42633		11.5772
149		12.00174		12.42629		11.5772
150		12.00173		12.42625		11.57721
151		12.00171		12.42621		11.57721
152		12.00169		12.42617		11.57721
153		12.00168		12.42614		11.57722
154		12.00167		12.42611		11.57723
155		12.00165		12.42608		11.57723
156		12.00164		12.42605		11.57724
157		12.00163		12.42602		11.57725
158		12.00162		12.42599		11.57725
159		12.00161		12.42596		11.57726
160		12.0016		12.42594		11.57727
161		12.00159		12.42591		11.57728
162		12.00159		12.42589		11.57728
163		12.00158		12.42586		11.57729
164		12.00156		12.42583		11.57729
165		12.00155		12.42581		11.5773
166		12.00155		12.42579		11.57731
167		12.00154		12.42576		11.57731
168		12.00153		12.42574		11.57732
169		12.00153		12.42572		11.57733
170		12.00152		12.4257		11.57734
171		12.00151		12.42569		11.57734
172		12.00151		12.42567		11.57735
173		12.00151		12.42565		11.57736
174		12.0015		12.42563		11.57737
175		12.0015		12.42562		11.57738
176		12.00157		12.42577		11.57736
177		12.00157		12.42577		11.57737
178		12.00163		12.42583		11.57744
179		12.00163		12.42581		11.57745
180		12.00163		12.42579		11.57746
181		12.00162		12.42577		11.57747
182		12.00161		12.42575		11.57747
183		12.00169		12.42594		11.57745
184		12.00169		12.42593		11.57746
185		12.00169		12.4259		11.57747
186		12.00168		12.42588		11.57748
187		12.00166		12.42585		11.57748
188		12.00166		12.42583		11.57749
189		12.00165		12.4258		11.5775
190		12.00164		12.42578		11.5775
191		12.00165		12.42578		11.57752
192		12.00165		12.42576		11.57753
193		12.00165		12.42575		11.57755
194		12.00139		12.42593		11.57686
195		12.00142		12.42595		11.57689
196		12.00141		12.42592		11.5769
197		12.00141		12.4259		11.57693
198		12.00142		12.42587		11.57696
199		12.00142		12.42584		11.577
200		12.00143		12.42581		11.57705
201		12.00144		12.42578		11.57711
202		12.00145		12.42574		11.57717
203		12.00147		12.42571		11.57723
204		12.00149		12.42568		11.5773
205		12.0015		12.42564		11.57737
206		12.00152		12.42561		11.57744
207		12.00154		12.42557		11.57751
208		12.00157		12.42554		11.57759
209		12.00156		12.42553		11.5776
210		12.00158		12.42549		11.57768
211		12.00158		12.42548		11.57768
212		12.00166		12.42558		11.57775
213		12.00169		12.42561		11.57778
214		12.00169		12.4256		11.57779
215		12.00171		12.42556		11.57787
216		12.00174		12.42558		11.5779
217		12.00176		12.42554		11.57798
218		12.00176		12.42552		11.57799
219		12.00178		12.42549		11.57807
220		12.00177		12.42547		11.57808
221		12.00166		12.42554		11.57778
222		12.00166		12.42553		11.57778
223		12.00165		12.42552		11.57779
224		12.00165		12.4255		11.5778
225		12.00165		12.42549		11.5778
226		12.00164		12.42548		11.57781
227		12.00164		12.42547		11.57782
228		12.00164		12.42546		11.57782
229		12.00164		12.42545		11.57783
230		12.00164		12.42544		11.57784
231		12.00164		12.42543		11.57785
232		12.00164		12.42542		11.57785
233		12.00163		12.42541		11.57786
234		12.00169		12.42541		11.57797
235		12.00168		12.42539		11.57797
236		12.00168		12.42538		11.57797
237		12.0017		12.42535		11.57805
238		12.0017		12.42534		11.57806
239		12.00173		12.42531		11.57815
240		12.00175		12.42533		11.57817
241		12.00177		12.4253		11.57825
242		12.00177		12.42529		11.57825
243		12.00177		12.42528		11.57826
244		12.00179		12.42525		11.57834
245		12.00179		12.42524		11.57834
246		12.00144		12.4255		11.57737
247		12.00143		12.4255		11.57737
248		12.00148		12.42554		11.57742
249		12.0015		12.42552		11.57748
250		12.00152		12.42549		11.57754
