step	mediator-max-opt_cov_err_sq_T_mean	mediator-max-opt_cov_err_sq_T_std_up	mediator-max-opt_cov_err_sq_T_std_down
1		14.67		14.67		14.67
2		14.45		15.01		13.89
3		13.97		14.77		13.17
4		13.29		14.13		12.45
5		13.13		13.48553		12.77447
6		12.93444		13.29799		12.5709
7		12.87611		13.29342		12.4588
8		12.857		13.29526		12.41874
9		13.07		13.90369		12.23631
10		12.90644		13.45779		12.3551
11		12.62445		12.94466		12.30424
12		12.57485		12.93899		12.21072
13		12.39799		12.78357		12.01241
14		12.39		12.78192		11.99808
15		12.38578		12.78119		11.99038
16		12.38334		12.7808		11.98588
17		12.38183		12.78057		11.98309
18		12.38086		12.78043		11.98129
19		12.38022		12.78033		11.98011
20		12.37979		12.78027		11.97932
21		12.37951		12.78023		11.97878
22		12.37931		12.78021		11.97842
23		12.37919		12.78019		11.97819
24		12.37911		12.78018		11.97804
25		12.37907		12.78017		11.97796
26		12.37905		12.78017		11.97792
27		12.37905		12.78017		11.97792
28		12.37906		12.78018		11.97794
29		12.37813		12.77808		11.97819
30		12.2184		12.54458		11.89222
31		12.21843		12.5446		11.89227
32		12.21841		12.54458		11.89224
33		12.21953		12.54518		11.89387
34		12.21957		12.5452		11.89393
35		12.21943		12.54513		11.89374
36		12.21929		12.54505		11.89353
37		12.21917		12.54499		11.89336
38		12.21908		12.54493		11.89322
39		12.219		12.54488		11.89311
40		12.21893		12.54485		11.89301
41		12.21887		12.54482		11.89293
42		12.21883		12.54479		11.89287
43		12.21866		12.54471		11.8926
44		12.21891		12.54485		11.89297
45		12.21814		12.54265		11.89363
46		12.05806		12.07456		12.04156
47		12.05801		12.0745		12.04152
48		12.05797		12.07444		12.04149
49		12.05793		12.0744		12.04146
50		12.0579		12.07436		12.04145
51		12.05788		12.07433		12.04144
52		12.05787		12.07431		12.04143
53		12.05786		12.07429		12.04143
54		12.05785		12.07427		12.04143
55		12.05785		12.07426		12.04144
56		12.05825		12.07466		12.04184
57		12.05826		12.07467		12.04185
58		12.05822		12.07465		12.04179
59		12.05818		12.07463		12.04173
60		12.05815		12.07461		12.04168
61		12.05812		12.0746		12.04164
62		12.05828		12.07485		12.04171
63		12.05826		12.07485		12.04168
64		12.05823		12.07482		12.04165
65		12.0582		12.07479		12.04162
66		12.05818		12.07477		12.04159
67		12.05816		12.07474		12.04157
68		12.05814		12.07473		12.04156
69		12.05813		12.07471		12.04154
70		12.05824		12.07458		12.04191
71		12.05824		12.07457		12.04191
72		12.05845		12.07492		12.04198
73		12.05844		12.07494		12.04194
74		12.05841		12.07492		12.04189
75		12.05838		12.07491		12.04185
76		12.05835		12.0749		12.04181
77		12.05833		12.07489		12.04177
78		12.05831		12.07488		12.04174
79		12.05829		12.07488		12.04171
80		12.05828		12.07487		12.04168
81		12.05826		12.07487		12.04166
82		12.05825		12.07487		12.04164
83		12.05825		12.07487		12.04162
84		12.05824		12.07487		12.04161
85		12.05823		12.07487		12.0416
86		12.05823		12.07487		12.04159
87		12.05823		12.07487		12.04158
88		12.05823		12.07488		12.04157
89		12.05823		12.07488		12.04157
90		12.05823		12.07489		12.04157
91		12.05823		12.07489		12.04157
92		12.05823		12.0749		12.04157
93		12.05824		12.07491		12.04157
94		12.05824		12.07492		12.04157
95		12.05825		12.07492		12.04158
96		12.05826		12.07493		12.04158
97		12.05826		12.07494		12.04159
98		12.05827		12.07495		12.04159
99		12.05828		12.07496		12.0416
100		12.05837		12.07509		12.04166
101		12.05839		12.0751		12.04167
102		12.05811		12.07466		12.04155
103		12.05782		12.07421		12.04143
104		12.05763		12.07391		12.04135
105		12.05763		12.07391		12.04135
106		12.05764		12.07391		12.04137
107		12.05765		12.07392		12.04138
108		12.05762		12.07387		12.04136
109		12.05762		12.07387		12.04138
110		12.05763		12.07388		12.04139
111		12.05764		12.07388		12.0414
112		12.05765		12.07389		12.04141
113		12.05762		12.07394		12.04129
114		12.05749		12.07375		12.04123
115		12.05749		12.07376		12.04123
116		12.05744		12.07367		12.0412
117		12.05724		12.07337		12.04112
118		12.05724		12.07337		12.04112
119		12.05725		12.07337		12.04113
120		12.05725		12.07337		12.04113
121		12.05726		12.07338		12.04114
122		12.05711		12.07315		12.04107
123		12.05711		12.07315		12.04108
124		12.05712		12.07315		12.04108
125		12.05712		12.07315		12.04109
126		12.05712		12.07315		12.04109
127		12.05713		12.07315		12.0411
128		12.05712		12.07317		12.04106
129		12.05712		12.07318		12.04106
130		12.05715		12.07322		12.04108
131		12.05719		12.07319		12.04119
132		12.0571		12.07306		12.04115
133		12.0571		12.07306		12.04113
134		12.05709		12.07306		12.04112
135		12.05709		12.07307		12.04112
136		12.05705		12.07301		12.04109
137		12.05704		12.07301		12.04108
138		12.05704		12.07302		12.04107
139		12.05704		12.07302		12.04106
140		12.05704		12.07302		12.04106
141		12.05704		12.07303		12.04105
142		12.05709		12.07297		12.04122
143		12.05709		12.07297		12.04122
144		12.05709		12.07298		12.0412
145		12.05709		12.07299		12.04119
146		12.05709		12.073		12.04118
147		12.05708		12.073		12.04116
148		12.05711		12.07305		12.04117
149		12.05713		12.07309		12.04117
150		12.05711		12.07306		12.04115
151		12.0571		12.07306		12.04114
152		12.05709		12.07306		12.04112
153		12.05712		12.07311		12.04113
154		12.05711		12.07311		12.04112
155		12.0571		12.0731		12.04111
156		12.0571		12.07309		12.0411
157		12.05714		12.07316		12.04111
158		12.05713		12.07316		12.0411
159		12.05712		12.07315		12.0411
160		12.05711		12.07314		12.04109
161		12.05711		12.07314		12.04108
162		12.0571		12.07313		12.04107
163		12.0571		12.07312		12.04107
164		12.05709		12.07312		12.04106
165		12.05709		12.07312		12.04106
166		12.05712		12.07308		12.04116
167		12.05712		12.07307		12.04116
168		12.05711		12.07307		12.04115
169		12.05711		12.07307		12.04114
170		12.0571		12.07307		12.04113
171		12.0571		12.07307		12.04112
172		12.05709		12.07308		12.04111
173		12.05709		12.07308		12.0411
174		12.05709		12.07308		12.0411
175		12.05709		12.07308		12.04109
176		12.05706		12.07305		12.04107
177		12.05706		12.07305		12.04107
178		12.0571		12.07301		12.0412
179		12.0571		12.07301		12.0412
180		12.0571		12.07301		12.04119
181		12.0571		12.07302		12.04118
182		12.05709		12.07302		12.04117
183		12.05709		12.07303		12.04116
184		12.05709		12.07302		12.04115
185		12.05708		12.07303		12.04114
186		12.05708		12.07303		12.04113
187		12.05708		12.07304		12.04112
188		12.05708		12.07304		12.04112
189		12.05709		12.07307		12.04112
190		12.05709		12.07307		12.04111
191		12.05709		12.07308		12.04111
192		12.05709		12.07308		12.0411
193		12.05709		12.07308		12.04109
194		12.05709		12.07308		12.04109
195		12.05709		12.07309		12.04109
196		12.05709		12.07309		12.04108
197		12.05709		12.07309		12.04108
198		12.05709		12.0731		12.04107
199		12.05709		12.0731		12.04107
200		12.05708		12.07301		12.04115
201		12.05708		12.07301		12.04115
202		12.05708		12.07301		12.04114
203		12.05707		12.07302		12.04113
204		12.05707		12.07302		12.04112
205		12.05707		12.07302		12.04112
206		12.05707		12.07302		12.04111
207		12.05707		12.07303		12.04111
208		12.05708		12.07305		12.04111
209		12.05708		12.07306		12.0411
210		12.05708		12.07306		12.0411
211		12.05708		12.07306		12.04109
212		12.05707		12.07306		12.04109
213		12.05707		12.07306		12.04108
214		12.05707		12.07307		12.04108
215		12.05708		12.07308		12.04108
216		12.05708		12.07308		12.04107
217		12.05708		12.07308		12.04107
218		12.05708		12.07309		12.04107
219		12.05707		12.07309		12.04106
220		12.05707		12.07309		12.04106
221		12.05707		12.07309		12.04106
222		12.05707		12.07309		12.04105
223		12.05707		12.0731		12.04105
224		12.05707		12.0731		12.04105
225		12.05708		12.0731		12.04105
226		12.05708		12.0731		12.04105
227		12.05708		12.07311		12.04105
228		12.05708		12.07311		12.04105
229		12.05704		12.07305		12.04103
230		12.05704		12.07305		12.04102
231		12.05704		12.07306		12.04102
232		12.05703		12.07305		12.04102
233		12.05704		12.07305		12.04102
234		12.05704		12.07307		12.04102
235		12.05705		12.07307		12.04102
236		12.05705		12.07307		12.04102
237		12.05705		12.07307		12.04102
238		12.05705		12.07307		12.04102
239		12.05702		12.07303		12.04101
240		12.05702		12.07303		12.04101
241		12.05702		12.07303		12.04101
242		12.05702		12.07303		12.04101
243		12.05702		12.07303		12.04101
244		12.05614		12.07392		12.03835
245		12.05605		12.07402		12.03807
246		12.05603		12.07399		12.03807
247		12.05603		12.07399		12.03807
248		12.05603		12.074		12.03807
249		12.05603		12.07399		12.03807
250		12.05603		12.07399		12.03807
