step	mediator-max-opt_cov_err_sq_T_mean	mediator-max-opt_cov_err_sq_T_std_up	mediator-max-opt_cov_err_sq_T_std_down
1		15.07		15.87		14.27
2		14.29		14.73		13.85
3		14.17		14.37		13.97
4		14.23		14.55		13.91
5		14.07		14.07		14.07
6		14.02778		14.11222		13.94333
7		13.91		14.23		13.59
8		13.90451		14.22739		13.58164
9		13.71547		14.09597		13.33496
10		13.70028		14.07492		13.32563
11		13.69782		14.06298		13.33266
12		13.69298		14.05673		13.32922
13		13.68412		14.04527		13.32297
14		13.5209		13.86032		13.18148
15		13.5261		13.85982		13.19239
16		13.52543		13.85832		13.19254
17		13.52289		13.85668		13.1891
18		13.52108		13.85555		13.18661
19		13.5198		13.85479		13.18481
20		13.51741		13.85397		13.18086
21		13.51656		13.85357		13.17955
22		13.51585		13.85329		13.1784
23		13.51535		13.85312		13.17758
24		13.51574		13.85319		13.1783
25		13.51287		13.84619		13.17956
26		13.35252		13.55135		13.15369
27		13.35417		13.55229		13.15606
28		13.35436		13.55284		13.15588
29		13.35399		13.55265		13.15533
30		13.35362		13.55223		13.155
31		13.35335		13.55193		13.15476
32		13.35514		13.55276		13.15751
33		13.35521		13.55272		13.15769
34		13.35487		13.5525		13.15724
35		13.35505		13.55368		13.15643
36		13.35485		13.55357		13.15613
37		13.35459		13.55317		13.15602
38		13.35439		13.55285		13.15594
39		13.35356		13.55227		13.15486
40		13.35486		13.5528		13.15692
41		13.35492		13.55272		13.15712
42		13.35469		13.55252		13.15687
43		13.35452		13.55237		13.15667
44		13.35576		13.553		13.15853
45		13.35583		13.55301		13.15864
46		13.35436		13.55224		13.15647
47		13.35409		13.5521		13.15609
48		13.35392		13.55202		13.15582
49		13.35382		13.55199		13.15565
50		13.35369		13.55195		13.15543
51		13.35356		13.55192		13.1552
52		13.35346		13.55192		13.155
53		13.35338		13.55193		13.15483
54		13.35332		13.55196		13.15469
55		13.35329		13.552		13.15458
56		13.35327		13.55205		13.15449
57		13.35326		13.55211		13.15441
58		13.35327		13.55218		13.15435
59		13.35335		13.55229		13.1544
60		13.35337		13.55237		13.15436
61		13.35337		13.55245		13.1543
62		13.35339		13.55253		13.15425
63		13.35342		13.55262		13.15421
64		13.35363		13.55203		13.15523
65		13.35313		13.55178		13.15447
66		13.35308		13.5518		13.15437
67		13.35308		13.55184		13.15432
68		13.35309		13.55189		13.15428
69		13.3528		13.5518		13.15379
70		13.35278		13.55185		13.15372
71		13.35278		13.5519		13.15367
72		13.35301		13.55206		13.15395
73		13.35303		13.55213		13.15393
74		13.35207		13.55169		13.15245
75		13.35203		13.55173		13.15233
76		13.35203		13.55179		13.15228
77		13.35205		13.55185		13.15224
78		13.35206		13.55192		13.1522
79		13.35209		13.55199		13.15218
80		13.35234		13.55218		13.1525
81		13.35239		13.55226		13.15252
82		13.35241		13.55233		13.15248
83		13.35186		13.55211		13.15162
84		13.35217		13.55232		13.15202
85		13.35223		13.55241		13.15205
86		13.35225		13.55248		13.15201
87		13.35267		13.55275		13.15258
88		13.35241		13.55189		13.15294
89		13.3529		13.55214		13.15367
90		13.35296		13.55222		13.15371
91		13.35294		13.55225		13.15363
92		13.35292		13.55229		13.15356
93		13.35291		13.55233		13.15349
94		13.3529		13.55238		13.15343
95		13.35242		13.55161		13.15324
96		13.35194		13.55136		13.15252
97		13.35177		13.55097		13.15256
98		13.35139		13.55078		13.15201
99		13.35136		13.55079		13.15194
100		13.35136		13.5508		13.15191
101		13.35136		13.55083		13.15189
102		13.35109		13.55072		13.15147
103		13.35108		13.55074		13.15142
104		13.35083		13.55043		13.15122
105		13.35081		13.55042		13.1512
106		13.35081		13.55044		13.15119
107		13.3511		13.55059		13.15161
108		13.35114		13.55063		13.15166
109		13.35114		13.55064		13.15164
110		13.35114		13.55065		13.15163
111		13.35147		13.55084		13.1521
112		13.35152		13.55088		13.15215
113		13.35145		13.55087		13.15203
114		13.35124		13.55063		13.15184
115		13.35121		13.55062		13.1518
116		13.35097		13.5505		13.15144
117		13.35128		13.55067		13.15189
118		13.35131		13.55069		13.15193
119		13.35129		13.55069		13.15189
120		13.35165		13.55089		13.15241
121		13.35169		13.55092		13.15246
122		13.35167		13.55092		13.15241
123		13.35164		13.55093		13.15236
124		13.35163		13.55094		13.15232
125		13.35139		13.55071		13.15207
126		13.35135		13.55069		13.15201
127		13.35114		13.55059		13.15169
128		13.35111		13.55058		13.15164
129		13.35109		13.55058		13.1516
130		13.35106		13.55057		13.15155
131		13.35089		13.55045		13.15132
132		13.35116		13.55059		13.15173
133		13.35118		13.55059		13.15176
134		13.35115		13.55058		13.15171
135		13.35112		13.55057		13.15168
136		13.3511		13.55056		13.15164
137		13.35098		13.5505		13.15145
138		13.35126		13.55065		13.15187
139		13.35128		13.55066		13.15189
140		13.35125		13.55066		13.15185
141		13.35122		13.55065		13.15179
142		13.35119		13.55064		13.15175
143		13.35117		13.55064		13.15171
144		13.35116		13.55064		13.15167
145		13.35144		13.5508		13.15208
146		13.35143		13.55073		13.15214
147		13.35141		13.55072		13.15211
148		13.3514		13.55073		13.15206
149		13.35137		13.55072		13.15202
150		13.35135		13.5507		13.15199
151		13.35132		13.55068		13.15196
152		13.3513		13.55066		13.15194
153		13.35128		13.55065		13.15191
154		13.35126		13.55064		13.15189
155		13.35125		13.55063		13.15187
156		13.35113		13.55057		13.15169
157		13.35111		13.55056		13.15166
158		13.35111		13.55059		13.15163
159		13.3511		13.55059		13.15162
160		13.35109		13.55057		13.15161
161		13.35108		13.55056		13.15161
162		13.35099		13.55051		13.15147
163		13.35098		13.5505		13.15146
164		13.35092		13.55047		13.15138
165		13.35091		13.55046		13.15137
166		13.35091		13.55046		13.15136
167		13.35074		13.55037		13.15111
168		13.35073		13.55037		13.15109
169		13.35086		13.55044		13.15129
170		13.35088		13.55045		13.15131
171		13.35087		13.55045		13.1513
172		13.35087		13.55045		13.15129
173		13.35087		13.55045		13.15128
174		13.35085		13.55043		13.15127
175		13.35084		13.55043		13.15126
176		13.35084		13.55042		13.15126
177		13.35085		13.55043		13.15128
178		13.3508		13.5504		13.15119
179		13.35079		13.5504		13.15118
180		13.35093		13.55047		13.15139
181		13.35094		13.55048		13.15141
182		13.35097		13.55049		13.15144
183		13.35093		13.55048		13.15138
184		13.35092		13.55047		13.15136
185		13.35095		13.5505		13.15141
186		13.35109		13.55055		13.15163
187		13.35109		13.55055		13.15164
188		13.35108		13.55054		13.15161
189		13.35106		13.55053		13.15158
190		13.35088		13.55044		13.15132
191		13.35092		13.55047		13.15138
192		13.35092		13.55046		13.15137
193		13.3509		13.55046		13.15135
194		13.35089		13.55045		13.15132
195		13.35088		13.55045		13.1513
196		13.35086		13.55043		13.15129
197		13.35085		13.55043		13.15127
198		13.35084		13.55042		13.15125
199		13.35083		13.55042		13.15124
200		13.35082		13.55041		13.15123
201		13.35093		13.55047		13.1514
202		13.35094		13.55047		13.15141
203		13.35093		13.55047		13.1514
204		13.35076		13.55038		13.15113
205		13.35074		13.55038		13.1511
206		13.35061		13.55031		13.1509
207		13.35059		13.5503		13.15088
208		13.35058		13.55029		13.15087
209		13.35057		13.55029		13.15086
210		13.3506		13.5503		13.15091
211		13.35059		13.55029		13.15088
212		13.35058		13.55029		13.15087
213		13.35063		13.55031		13.15094
214		13.35062		13.55032		13.15093
215		13.35062		13.55031		13.15092
216		13.35061		13.55031		13.15091
217		13.3506		13.55031		13.1509
218		13.3506		13.5503		13.15089
219		13.35048		13.55024		13.15071
220		13.35047		13.55023		13.1507
221		13.35046		13.55023		13.15069
222		13.35045		13.55022		13.15067
223		13.35044		13.55022		13.15066
224		13.35044		13.55022		13.15066
225		13.35044		13.55022		13.15065
226		13.3505		13.55025		13.15075
227		13.35041		13.55021		13.1506
228		13.35043		13.55023		13.15064
229		13.35043		13.55023		13.15063
230		13.3505		13.55027		13.15074
231		13.35043		13.55023		13.15063
232		13.35046		13.55023		13.15069
233		13.35045		13.55023		13.15068
234		13.35044		13.55022		13.15066
235		13.35043		13.55022		13.15064
236		13.35044		13.55022		13.15066
237		13.35044		13.55023		13.15064
238		13.35046		13.55024		13.15068
239		13.35051		13.55026		13.15076
240		13.3505		13.55025		13.15075
241		13.35041		13.55021		13.15061
242		13.35044		13.55022		13.15066
243		13.35044		13.55025		13.15064
244		13.35043		13.55024		13.15062
245		13.35041		13.55023		13.1506
246		13.3504		13.55022		13.15059
247		13.35047		13.5503		13.15063
248		13.35046		13.5503		13.15063
249		13.35048		13.55039		13.15058
250		13.3504		13.55035		13.15046
