step	mediator-max-opt_runtime_mean	mediator-max-opt_runtime_std_up	mediator-max-opt_runtime_std_down
1		0.0		0.0		0.0
2		0.00915		0.01061		0.00769
3		0.01833		0.02008		0.01658
4		0.02849		0.03083		0.02615
5		0.03967		0.04353		0.0358
6		0.04983		0.05589		0.04377
7		0.05999		0.067		0.05298
8		0.06877		0.07532		0.06222
9		0.07715		0.08415		0.07016
10		0.08612		0.09279		0.07944
11		0.09439		0.1015		0.08727
12		0.10297		0.10947		0.09647
13		0.11135		0.11866		0.10404
14		0.12021		0.12731		0.11311
15		0.12896		0.13652		0.1214
16		0.13758		0.14537		0.12979
17		0.14756		0.15695		0.13816
18		0.15792		0.16827		0.14756
19		0.1707		0.18645		0.15494
20		0.18209		0.20093		0.16325
21		0.19584		0.223		0.16868
22		0.2081		0.2402		0.176
23		0.21848		0.25318		0.18379
24		0.22845		0.26648		0.19042
25		0.23945		0.28134		0.19755
26		0.24901		0.29313		0.20489
27		0.25967		0.30484		0.2145
28		0.26924		0.31563		0.22285
29		0.27932		0.32716		0.23148
30		0.28909		0.33773		0.24046
31		0.29827		0.34876		0.24779
32		0.30785		0.36001		0.2557
33		0.31702		0.3706		0.26344
34		0.32579		0.38051		0.27107
35		0.33457		0.38982		0.27932
36		0.34275		0.39789		0.2876
37		0.35185		0.40816		0.29555
38		0.36102		0.41968		0.30237
39		0.36959		0.42894		0.31024
40		0.37915		0.43866		0.31965
41		0.38754		0.44728		0.3278
42		0.39652		0.45731		0.33573
43		0.4049		0.46593		0.34386
44		0.41409		0.47501		0.35316
45		0.42305		0.48415		0.36195
46		0.43223		0.49288		0.37158
47		0.44121		0.50138		0.38104
48		0.44979		0.50959		0.38999
49		0.45943		0.51938		0.39948
50		0.46862		0.52895		0.40829
51		0.4776		0.53989		0.41531
52		0.48678		0.54903		0.42453
53		0.49576		0.55791		0.43361
54		0.50473		0.56701		0.44245
55		0.5133		0.57574		0.45086
56		0.52219		0.5847		0.45968
57		0.53078		0.59304		0.46851
58		0.53996		0.60257		0.47734
59		0.54834		0.61072		0.48595
60		0.55719		0.62057		0.4938
61		0.56696		0.62996		0.50395
62		0.57774		0.6458		0.50967
63		0.58871		0.66115		0.51626
64		0.59889		0.67483		0.52295
65		0.60805		0.68479		0.53132
66		0.61668		0.69405		0.53932
67		0.62567		0.70398		0.54735
68		0.63464		0.71255		0.55672
69		0.64342		0.72239		0.56445
70		0.65239		0.73141		0.57337
71		0.66097		0.7402		0.58173
72		0.67055		0.75054		0.59056
73		0.68052		0.75998		0.60107
74		0.69109		0.77041		0.61176
75		0.70167		0.78073		0.6226
76		0.71024		0.78956		0.63092
77		0.71852		0.79762		0.63942
78		0.7277		0.80685		0.64855
79		0.73728		0.81659		0.65797
80		0.74744		0.82705		0.66783
81		0.75662		0.83628		0.67697
82		0.767		0.84608		0.68791
83		0.77597		0.8544		0.69754
84		0.78475		0.86335		0.70614
85		0.79333		0.87213		0.71453
86		0.8025		0.88133		0.72367
87		0.81169		0.89109		0.73229
88		0.82186		0.90249		0.74123
89		0.83123		0.9138		0.74866
90		0.84041		0.9227		0.75812
91		0.84879		0.93102		0.76655
92		0.85766		0.94057		0.77475
93		0.86624		0.94927		0.78321
94		0.87509		0.95805		0.79214
95		0.88366		0.96653		0.80079
96		0.89224		0.97503		0.80945
97		0.90261		0.98565		0.81957
98		0.91159		0.99486		0.82832
99		0.92016		1.00391		0.83641
100		0.92895		1.01226		0.84564
101		0.93784		1.02171		0.85397
102		0.94652		1.0307		0.86233
103		0.95668		1.03995		0.87341
104		0.96646		1.04953		0.88338
105		0.97684		1.05994		0.89375
106		0.98562		1.06888		0.90236
107		0.9944		1.07722		0.91158
108		1.00357		1.08685		0.9203
109		1.01234		1.09568		0.92901
110		1.02151		1.10463		0.93838
111		1.03038		1.1139		0.94686
112		1.03954		1.12312		0.95597
113		1.04873		1.13201		0.96545
114		1.05791		1.14131		0.97451
115		1.06699		1.15139		0.98258
116		1.07756		1.16553		0.98959
117		1.08662		1.176		0.99723
118		1.09499		1.18478		1.0052
119		1.10377		1.19374		1.0138
120		1.11274		1.20262		1.02286
121		1.12073		1.21094		1.03053
122		1.12991		1.22038		1.03945
123		1.13828		1.22925		1.04731
124		1.14847		1.24007		1.05687
125		1.15783		1.24947		1.06618
126		1.16701		1.25851		1.07551
127		1.17578		1.26831		1.08324
128		1.18495		1.27703		1.09287
129		1.19434		1.287		1.10169
130		1.20431		1.29698		1.11164
131		1.2129		1.30571		1.12008
132		1.22128		1.31436		1.12819
133		1.23045		1.32336		1.13755
134		1.23862		1.33134		1.1459
135		1.24721		1.3402		1.15422
136		1.25576		1.34883		1.16269
137		1.26437		1.35788		1.17086
138		1.27295		1.36656		1.17934
139		1.28183		1.37579		1.18786
140		1.29041		1.38395		1.19687
141		1.30078		1.39541		1.20614
142		1.31094		1.4087		1.21318
143		1.31934		1.41734		1.22135
144		1.32832		1.42554		1.2311
145		1.33691		1.43527		1.23855
146		1.34567		1.44398		1.24736
147		1.35445		1.45225		1.25664
148		1.36302		1.46065		1.2654
149		1.372		1.47067		1.27333
150		1.38056		1.4792		1.28192
151		1.39112		1.49		1.29224
152		1.4001		1.49936		1.30084
153		1.40888		1.50821		1.30956
154		1.41768		1.51691		1.31844
155		1.42612		1.5257		1.32654
156		1.43569		1.53512		1.33627
157		1.44448		1.54459		1.34437
158		1.45346		1.55342		1.35349
159		1.46227		1.56254		1.36201
160		1.47145		1.57196		1.37095
161		1.48043		1.58131		1.37954
162		1.48937		1.59136		1.38738
163		1.49782		1.59955		1.3961
164		1.50642		1.60789		1.40495
165		1.51539		1.6166		1.41418
166		1.52398		1.62472		1.42323
167		1.53255		1.63381		1.43129
168		1.54172		1.64359		1.43985
169		1.55191		1.65642		1.4474
170		1.56167		1.667		1.45634
171		1.57025		1.67588		1.46463
172		1.57903		1.68476		1.47329
173		1.58861		1.6949		1.48233
174		1.59789		1.70582		1.48995
175		1.60667		1.71577		1.49757
176		1.61962		1.72762		1.51162
177		1.63162		1.73826		1.52497
178		1.64228		1.74784		1.53672
179		1.65126		1.75686		1.54566
180		1.66124		1.76617		1.55631
181		1.66983		1.77493		1.56474
182		1.67889		1.78391		1.57388
183		1.68727		1.79264		1.58189
184		1.69624		1.80161		1.59087
185		1.70462		1.81071		1.59853
186		1.71321		1.81909		1.60732
187		1.72179		1.82769		1.61588
188		1.73076		1.83723		1.62429
189		1.73963		1.84624		1.63303
190		1.74841		1.85465		1.64217
191		1.75719		1.86345		1.65093
192		1.76655		1.87301		1.66009
193		1.77615		1.88333		1.66897
194		1.78632		1.89493		1.67771
195		1.79649		1.90711		1.68588
196		1.80573		1.91644		1.69503
197		1.81531		1.92633		1.70429
198		1.82468		1.93455		1.71482
199		1.83486		1.94395		1.72578
200		1.84305		1.95249		1.7336
201		1.85161		1.96108		1.74213
202		1.85995		1.96923		1.75067
203		1.8765		1.98948		1.76352
204		1.88588		1.99965		1.7721
205		1.89564		2.01019		1.7811
206		1.90443		2.01962		1.78924
207		1.91319		2.02808		1.7983
208		1.92167		2.03664		1.8067
209		1.93084		2.04548		1.81621
210		1.93942		2.05441		1.82443
211		1.948		2.06247		1.83352
212		1.95856		2.07284		1.84429
213		1.96734		2.08158		1.85309
214		1.97671		2.09123		1.86218
215		1.98729		2.10218		1.87239
216		1.9989		2.11659		1.88121
217		2.00886		2.12656		1.89115
218		2.01984		2.13585		1.90382
219		2.02889		2.14462		1.91316
220		2.03916		2.15667		1.92165
221		2.05054		2.17103		1.93005
222		2.06031		2.18013		1.94049
223		2.06928		2.18895		1.94962
224		2.07816		2.19867		1.95766
225		2.08654		2.20637		1.9667
226		2.09511		2.21553		1.97469
227		2.10568		2.22585		1.98551
228		2.11546		2.23653		1.99439
229		2.12425		2.24454		2.00395
230		2.13501		2.25338		2.01665
231		2.14398		2.26181		2.02615
232		2.15472		2.27305		2.0364
233		2.1653		2.28464		2.04595
234		2.17387		2.29339		2.05435
235		2.18325		2.30329		2.06321
236		2.19183		2.31221		2.07145
237		2.20062		2.32081		2.08043
238		2.209		2.32936		2.08864
239		2.21818		2.33841		2.09794
240		2.22674		2.34732		2.10617
241		2.23532		2.35588		2.11476
242		2.24384		2.36465		2.12303
243		2.25241		2.37353		2.13129
244		2.26408		2.38321		2.14495
245		2.27302		2.39187		2.15417
246		2.2814		2.40073		2.16208
247		2.29117		2.41255		2.16979
248		2.30114		2.42389		2.1784
249		2.31052		2.43293		2.1881
250		2.31937		2.44239		2.19635
