step	mediator-max-opt_inst_loss_mean	mediator-max-opt_inst_loss_std_up	mediator-max-opt_inst_loss_std_down
1		66.79111		119.53832		14.0439
2		11.76576		68.38389		-44.85236
3		5.56683		48.44108		-37.30741
4		-0.95836		46.03007		-47.94679
5		-7.82698		25.81232		-41.46628
6		1.98835		42.54682		-38.57012
7		-8.13428		47.56534		-63.83389
8		5.07397		65.18571		-55.03777
9		8.75011		70.52619		-53.02597
10		5.80155		74.75672		-63.15361
11		12.92508		82.86802		-57.01787
12		6.78716		86.80862		-73.23429
13		17.37165		98.32836		-63.58505
14		8.05868		64.58982		-48.47246
15		22.11918		85.48975		-41.25138
16		26.69244		89.52098		-36.13609
17		7.64276		70.28067		-54.99514
18		1.22683		48.90057		-46.44691
19		-22.57223		33.97842		-79.12289
20		-10.12388		42.90515		-63.15291
21		-24.29308		6.94618		-55.53234
22		-8.52621		24.35722		-41.40964
23		-8.97496		25.63918		-43.5891
24		-9.44733		11.86508		-30.75973
25		-23.58092		15.02371		-62.18555
26		-24.82202		10.24606		-59.8901
27		-22.71935		12.68107		-58.11977
28		-27.3242		2.01351		-56.6619
29		-21.94413		7.52333		-51.41159
30		-46.96272		1.90748		-95.83292
31		-35.79808		12.87348		-84.46964
32		-34.2731		19.71197		-88.25816
33		-22.44058		31.61502		-76.49618
34		-20.21257		39.44172		-79.86687
35		-7.64003		52.38325		-67.6633
36		-4.63304		61.30458		-70.57067
37		-8.28598		55.86866		-72.44062
38		-35.99481		31.09268		-103.0823
39		-37.88928		20.57304		-96.35159
40		-36.47436		26.12947		-99.07819
41		-41.80315		8.70964		-92.31594
42		-54.23059		-0.16196		-108.29922
43		-43.44847		11.15915		-98.05608
44		-42.32614		17.44417		-102.09645
45		-30.91747		29.69213		-91.52707
46		-29.13561		36.95409		-95.22531
47		-17.0327		50.22915		-84.29455
48		-31.56552		36.4327		-99.56374
49		-33.22686		7.20501		-73.65873
50		-48.61201		-24.19663		-73.02739
51		-34.12508		-8.42468		-59.82549
52		-35.92114		-8.86808		-62.9742
53		-20.76627		7.71063		-49.24317
54		-21.85923		8.11645		-51.83492
55		-5.96426		25.58909		-37.51762
56		-6.27817		26.93588		-39.49223
57		10.43685		45.39902		-24.52531
58		10.98616		47.78844		-25.81612
59		-22.52653		41.99828		-87.05135
60		-13.48486		47.7964		-74.76613
61		-24.42187		32.7912		-81.63494
62		-12.07086		44.07141		-68.21314
63		-9.29708		53.86964		-72.4638
64		3.84996		66.25904		-58.55911
65		-9.58377		45.54915		-64.7167
66		6.95727		64.99193		-51.07738
67		7.32344		68.41256		-53.76567
68		7.70889		68.61529		-53.19752
69		11.52371		74.78298		-51.73556
70		8.72113		70.13512		-52.69285
71		15.99832		80.20763		-48.21099
72		-7.0233		34.74349		-48.79008
73		-10.80204		42.41224		-64.01631
74		-4.55238		43.46196		-52.56673
75		-28.65562		19.55489		-76.86613
76		-16.52745		28.02077		-61.07566
77		-13.98822		39.10034		-67.07678
78		-1.08808		48.59462		-50.77078
79		2.26374		60.75769		-56.23021
80		16.01925		71.39161		-39.35311
81		20.27146		84.75509		-44.21217
82		34.97474		96.65187		-26.70238
83		23.17916		65.27792		-18.9196
84		7.35366		70.57188		-55.86456
85		-2.48658		60.74761		-65.72077
86		-6.02654		61.14512		-73.19821
87		0.47445		65.35863		-64.40973
88		10.7267		84.83595		-63.38256
89		18.10944		90.29595		-54.07707
90		12.24439		81.22266		-56.73389
91		23.1161		91.74563		-45.51343
92		31.15092		107.3531		-45.05126
93		25.97226		107.49374		-55.54922
94		37.56649		126.10871		-50.97572
95		29.3164		115.63471		-57.0019
96		27.45028		130.0962		-75.19563
97		35.71322		137.86723		-66.4408
98		13.72922		95.13992		-67.68148
99		11.04272		65.21182		-43.12638
100		1.39665		38.80208		-36.00878
101		-18.98439		28.34348		-66.31227
102		-43.84721		-1.48849		-86.20593
103		-32.51859		15.50462		-80.5418
104		-30.82101		16.27528		-77.91729
105		-18.8068		34.20555		-71.81915
106		-16.38754		35.96019		-68.73528
107		-3.61368		54.92841		-62.15577
108		-0.39478		57.77358		-58.56315
109		-3.82465		37.11427		-44.76357
110		2.79223		45.53753		-39.95306
111		-3.87899		37.90438		-45.66235
112		-27.94678		47.11224		-103.00581
113		-15.7813		58.59946		-90.16207
114		-13.20281		69.71352		-96.11913
115		-0.26133		82.39023		-82.91288
116		3.13401		94.75723		-88.48921
117		-17.15559		69.82037		-104.13154
118		-41.92215		19.65508		-103.49938
119		-30.49221		36.01197		-96.9964
120		-45.73343		36.56136		-128.02822
121		-48.14045		42.92146		-139.20237
122		-47.26507		46.67105		-141.20119
123		-53.1618		15.81697		-122.14057
124		-66.18706		-18.65638		-113.71774
125		-56.03423		-4.08525		-107.9832
126		-55.57431		-2.82921		-108.3194
127		-61.90836		-23.95768		-99.85904
128		-58.34851		-17.6352		-99.06183
129		-51.19221		-9.14458		-93.23985
130		-47.06836		-2.03956		-92.09716
131		-39.31837		7.2732		-85.90994
132		-34.56957		15.24487		-84.38402
133		-26.16175		25.46859		-77.79209
134		-20.72051		34.40017		-75.84118
135		-11.58379		45.63324		-68.80081
136		-5.37528		55.62811		-66.37867
137		4.56909		67.97956		-58.84139
138		-22.46316		51.244		-96.17032
139		-6.59998		70.9865		-84.18646
140		-6.94735		74.72263		-88.61733
141		-7.313		85.48067		-100.10667
142		-4.2888		91.03096		-99.60856
143		-7.92362		70.35692		-86.20416
144		-1.52247		82.83627		-85.88121
145		-8.42078		62.86981		-79.71137
146		1.36329		82.05011		-79.32352
147		8.25323		87.53006		-71.0236
148		18.91488		108.00969		-70.17993
149		26.72858		114.85577		-61.39861
150		21.31717		93.10369		-50.46936
151		-1.42451		72.35188		-75.2009
152		-4.90858		67.49377		-77.31092
153		-15.3942		65.19967		-95.98806
154		-2.56805		82.94301		-88.07912
155		0.70588		90.02855		-88.61679
156		-2.66606		62.72638		-68.05851
157		4.0118		78.10664		-70.08304
158		-2.59523		68.63749		-73.82796
159		7.49545		88.12196		-73.13106
160		14.70813		93.92086		-64.50461
161		25.70951		114.73746		-63.31844
162		33.88083		121.93702		-54.17537
163		45.8913		144.22937		-52.44678
164		55.12481		152.98106		-42.73144
165		51.20794		130.16212		-27.74624
166		30.03946		102.33702		-42.25811
167		11.16593		76.20345		-53.87159
168		21.98089		88.85912		-44.89734
169		12.9105		62.41973		-36.59872
170		27.22637		83.36876		-28.91603
171		32.06842		87.1238		-22.98695
172		47.3926		109.37471		-14.58951
173		53.29604		114.49827		-7.90619
174		35.64655		108.31343		-37.02033
175		30.7045		105.27412		-43.86512
176		25.50234		76.88611		-25.88142
177		20.02639		47.22536		-7.17258
178		14.26223		47.81448		-19.29002
179		8.19469		62.92075		-46.53137
180		18.85326		75.87195		-38.16542
181		26.66372		87.24095		-33.9135
182		21.24889		67.61104		-25.11325
183		15.54908		64.11006		-33.01191
184		26.59472		73.76163		-20.57219
185		17.76717		75.51515		-39.98081
186		32.33865		89.49093		-24.81364
187		37.44977		101.23141		-26.33186
188		36.01172		86.52983		-14.50638
189		44.72526		104.20514		-14.75462
190		40.26104		101.62126		-21.09919
191		35.56186		122.81959		-51.69587
192		47.66081		132.2251		-36.90349
193		22.89655		85.51443		-39.72133
194		24.10163		68.50619		-20.30293
195		28.77923		78.64044		-21.08198
196		43.93029		93.2766		-5.41602
197		49.6515		104.71665		-5.41365
198		65.90111		120.72513		11.07709
199		72.77868		133.61162		11.94573
200		90.24551		151.14086		29.35016
201		98.40436		165.62971		31.17901
202		66.08348		129.60432		2.56264
203		83.1979		154.18344		12.21235
204		90.98583		161.57495		20.39672
205		58.27468		127.0649		-10.51554
206		74.9782		144.81191		5.14448
207		82.33349		158.40589		6.26108
208		83.25771		177.89143		-11.376
209		77.41253		166.50501		-11.67996
210		61.03206		154.28908		-32.22497
211		57.42621		134.36569		-19.51328
212		53.6303		134.86301		-27.60241
213		66.67992		144.98369		-11.62385
214		42.9156		99.78261		-13.9514
215		62.2189		122.0789		2.3589
216		65.49358		128.50411		2.48305
217		34.85272		65.99376		3.71168
218		12.82066		57.12482		-31.48351
219		10.08686		73.32745		-53.15373
220		17.43731		83.19549		-48.32087
221		-5.50224		67.26903		-78.27351
222		-9.20211		70.38899		-88.79321
223		-2.87139		80.22967		-85.97244
224		7.21095		95.34525		-80.92335
225		14.40323		106.49727		-77.69082
226		25.39928		123.00251		-72.20395
227		33.54487		135.6059		-68.51617
228		45.55621		153.65442		-62.54199
229		37.75105		148.69641		-73.19431
230		36.31815		161.87437		-89.23808
231		28.04463		171.19247		-115.10322
232		26.09303		144.79429		-92.60823
233		17.31226		117.5235		-82.89899
234		14.78224		129.65137		-100.08689
235		22.29397		141.11676		-96.52882
236		16.53801		113.87319		-80.79717
237		27.41635		133.73176		-78.89906
238		18.34342		130.20648		-93.51965
239		-0.38614		85.91019		-86.68247
240		-7.55778		55.46054		-70.5761
241		-14.33541		31.46538		-60.1362
242		-22.48484		20.80145		-65.77113
243		-29.72755		19.88585		-79.34095
244		-39.10887		-20.43544		-57.7823
245		-32.91076		-6.65928		-59.16223
246		-26.09595		-8.66024		-43.53166
247		-32.01291		-11.18007		-52.84575
248		-18.981		-9.06792		-28.89408
249		-17.1		-3.13791		-31.06209
250		0.0		0.0		0.0
