step	mediator-max-opt_cum_inst_loss_mean	mediator-max-opt_cum_inst_loss_std_up	mediator-max-opt_cum_inst_loss_std_down
1		104.70857		188.67838		20.73876
2		153.43291		322.8364		-15.97059
3		211.53986		467.91851		-44.83879
4		248.84144		566.04371		-68.36084
5		284.69717		643.92096		-74.52662
6		329.25822		735.44378		-76.92733
7		352.30096		797.74802		-93.1461
8		390.19284		881.27724		-100.89157
9		433.48811		971.34155		-104.36532
10		475.653		1038.02594		-86.71995
11		526.85527		1119.1433		-65.43276
12		539.8433		1179.50601		-99.81941
13		553.51492		1218.26295		-111.23311
14		554.26973		1227.2323		-118.69284
15		555.06427		1250.06956		-139.94102
16		559.30972		1283.57628		-164.95685
17		543.32406		1293.26444		-206.61631
18		519.67888		1295.75485		-256.39709
19		505.01648		1310.5207		-300.48774
20		496.40056		1333.38981		-340.58869
21		463.46754		1335.21371		-408.27863
22		425.3921		1321.27671		-470.4925
23		375.08543		1294.81052		-544.63967
24		335.7674		1278.07546		-606.54066
25		297.78908		1266.60131		-671.02314
26		271.44828		1265.57147		-722.67491
27		247.1302		1270.71303		-776.45262
28		235.1686		1287.09823		-816.76104
29		208.94107		1279.82116		-861.93903
30		181.33314		1260.43252		-897.76624
31		155.68125		1248.35101		-936.9885
32		142.31563		1249.95494		-965.32367
33		131.65565		1259.68411		-996.37281
34		117.02552		1258.8335		-1024.78245
35		91.39812		1245.15561		-1062.35938
36		78.05827		1247.75506		-1091.63853
37		67.42541		1258.99188		-1124.14107
38		35.77838		1242.38975		-1170.83299
39		-4.35246		1193.35084		-1202.05577
40		-36.36818		1156.68977		-1229.42614
41		-63.25076		1122.82351		-1249.32503
42		-98.36639		1083.49426		-1280.22705
43		-125.10294		1052.72073		-1302.92661
44		-180.5194		980.59795		-1341.63676
45		-221.80707		923.74414		-1367.35827
46		-265.26777		866.22775		-1396.76329
47		-293.97042		825.40798		-1413.34881
48		-324.18373		785.50421		-1433.87168
49		-355.98722		759.31052		-1471.28497
50		-386.05549		735.25847		-1507.36946
51		-404.06994		728.95985		-1537.09972
52		-419.62342		726.41015		-1565.65699
53		-422.35914		743.05463		-1587.77291
54		-438.87521		759.62556		-1637.37599
55		-439.2151		797.67906		-1676.10926
56		-439.57287		841.32914		-1720.47488
57		-456.99493		874.97468		-1788.96454
58		-485.56121		897.89365		-1869.01607
59		-501.99461		936.8207		-1940.80993
60		-515.88385		980.51637		-2012.28406
61		-516.86772		1041.36365		-2075.0991
62		-514.4943		1108.06915		-2137.05774
63		-515.40504		1145.42939		-2176.23947
64		-509.54554		1197.19082		-2216.2819
65		-493.15037		1257.39795		-2243.69868
66		-469.07411		1333.12226		-2271.27048
67		-450.54887		1396.33055		-2297.42828
68		-420.82133		1479.3936		-2321.03627
69		-382.71101		1568.09252		-2333.51455
70		-332.36762		1677.95509		-2342.69033
71		-272.55638		1794.92718		-2340.03994
72		-216.41537		1887.81465		-2320.64539
73		-164.13775		1986.52901		-2314.80451
74		-132.97232		2077.2672		-2343.21183
75		-120.62114		2130.72134		-2371.96362
76		-114.43808		2181.20795		-2410.08411
77		-131.79324		2232.90839		-2496.49486
78		-187.56182		2245.92117		-2621.0448
79		-232.62923		2276.16133		-2741.41978
80		-276.65951		2310.51225		-2863.83128
81		-309.37082		2363.25079		-2981.99243
82		-340.39469		2421.28636		-3102.07574
83		-376.46047		2472.26162		-3225.18257
84		-424.65174		2506.30704		-3355.61051
85		-478.78847		2513.08258		-3470.65952
86		-528.95633		2530.74837		-3588.66102
87		-571.53732		2556.02456		-3699.0992
88		-626.58669		2548.91376		-3802.08715
89		-687.94249		2530.05956		-3905.94455
90		-745.70936		2517.41711		-4008.83584
91		-796.28932		2514.24682		-4106.82547
92		-842.7132		2518.19976		-4203.62617
93		-881.35317		2532.4521		-4295.15845
94		-932.2541		2528.08757		-4392.59576
95		-972.19766		2539.22545		-4483.62076
96		-1010.83442		2553.41935		-4575.08818
97		-1037.86832		2584.04886		-4659.78551
98		-1062.91598		2618.94004		-4744.772
99		-1092.69102		2627.02913		-4812.41118
100		-1117.21499		2647.2225		-4881.65249
101		-1132.80243		2675.22618		-4940.83104
102		-1142.39207		2716.59901		-5001.38314
103		-1159.30461		2753.74134		-5072.35057
104		-1166.88001		2807.42688		-5141.18691
105		-1168.03594		2867.85323		-5203.92511
106		-1159.02543		2946.28512		-5264.33599
107		-1142.7225		3032.70018		-5318.14519
108		-1132.37971		3124.33313		-5389.09255
109		-1128.31074		3212.39382		-5469.0153
110		-1113.80034		3319.3648		-5546.96549
111		-1091.70806		3434.83792		-5618.25403
112		-1058.22574		3570.71635		-5687.16784
113		-1016.16303		3716.5759		-5748.90195
114		-995.75011		3827.23312		-5818.73335
115		-1011.76284		3878.43554		-5901.96122
116		-1014.98198		3951.57211		-5981.53606
117		-1014.96145		4027.24317		-6057.16608
118		-1018.34894		4082.1173		-6118.81518
119		-1015.09653		4147.46618		-6177.65925
120		-1018.49113		4210.84481		-6247.82706
121		-1011.83711		4287.94872		-6311.62294
122		-998.0147		4376.13853		-6372.16793
123		-990.28298		4435.61696		-6416.18292
124		-988.96251		4470.51158		-6448.43659
125		-977.34526		4518.15362		-6472.84415
126		-975.34386		4552.60685		-6503.29457
127		-976.64621		4586.90459		-6540.19701
128		-971.19892		4628.78726		-6571.18509
129		-989.32857		4618.11506		-6596.77219
130		-1011.8215		4583.30788		-6606.95088
131		-1045.72554		4563.74564		-6655.19672
132		-1067.77764		4552.81142		-6688.36671
133		-1087.58129		4550.96918		-6726.13177
134		-1111.83633		4548.07367		-6771.74633
135		-1130.54977		4556.98823		-6818.08776
136		-1140.02085		4574.60604		-6854.64773
137		-1143.17222		4605.227		-6891.57145
138		-1153.30764		4621.93884		-6928.55413
139		-1153.74924		4656.48599		-6963.98446
140		-1147.39589		4697.13195		-6991.92373
141		-1130.48088		4757.0602		-7018.02195
142		-1122.90288		4801.03627		-7046.84203
143		-1101.28967		4868.38569		-7070.96504
144		-1075.12984		4938.64597		-7088.90565
145		-1068.04772		4984.63374		-7120.72918
146		-1050.36558		5041.69281		-7142.42398
147		-1024.93462		5112.72603		-7162.59527
148		-987.93792		5196.46042		-7172.33626
149		-942.17584		5295.71605		-7180.06773
150		-883.77796		5409.50703		-7177.06295
151		-815.48833		5540.56225		-7171.5389
152		-750.42268		5659.55327		-7160.39863
153		-688.75071		5772.22986		-7149.73128
154		-630.65103		5870.33795		-7131.64
155		-593.3571		5948.72502		-7135.43922
156		-557.50943		6012.49414		-7127.513
157		-512.95686		6092.63287		-7118.54658
158		-455.83214		6181.5507		-7093.21497
159		-422.97358		6224.85502		-7070.80219
160		-388.38563		6276.27429		-7053.04555
161		-348.56817		6333.43984		-7030.57617
162		-310.06414		6384.48416		-7004.61244
163		-262.7154		6445.83173		-6971.26253
164		-202.64735		6520.46493		-6925.75964
165		-149.6451		6581.91792		-6881.20812
166		-80.21689		6661.38888		-6821.82267
167		-3.72548		6747.75892		-6755.20988
168		90.42816		6853.45027		-6672.59395
169		175.9009		6954.72086		-6602.91907
170		265.8722		7052.16354		-6520.41915
171		363.98792		7160.61147		-6432.63563
172		463.85853		7274.5677		-6346.85064
173		575.80368		7403.02474		-6251.41738
174		652.73158		7500.96094		-6195.49778
175		716.66287		7560.00091		-6126.67517
176		773.73169		7608.69429		-6061.23091
177		830.39504		7657.37638		-5996.58631
178		896.85885		7718.4498		-5924.7321
179		960.00258		7803.89313		-5883.88797
180		1019.65147		7888.49645		-5849.19351
181		1092.66706		7990.36585		-5805.03172
182		1159.2983		8115.82272		-5797.22611
183		1226.02736		8233.1454		-5781.09068
184		1286.0412		8332.55385		-5760.47145
185		1345.80457		8412.83584		-5721.2267
186		1415.53156		8509.65271		-5678.58958
187		1465.06477		8603.99912		-5673.86959
188		1496.75043		8655.83932		-5662.33846
189		1523.28558		8699.95319		-5653.38203
190		1544.39913		8729.50086		-5640.70259
191		1559.80575		8763.35928		-5643.74779
192		1586.25051		8803.99795		-5631.49693
193		1620.90528		8859.31982		-5617.50926
194		1650.5658		8910.28601		-5609.1544
195		1674.96923		8942.01383		-5592.07538
196		1710.88432		8985.28807		-5563.51943
197		1755.50785		9038.52834		-5527.51263
198		1795.66181		9067.36457		-5476.04095
199		1831.11096		9075.97397		-5413.75205
200		1861.60767		9108.28513		-5385.0698
201		1886.89129		9121.66388		-5347.88131
202		1923.73291		9153.39217		-5305.92635
203		1969.33174		9186.86133		-5248.19786
204		2027.5578		9239.82387		-5184.70826
205		2078.62116		9283.89476		-5126.65245
206		2111.91742		9311.72555		-5087.89071
207		2140.14798		9319.35124		-5039.05528
208		2163.04612		9320.95625		-4994.86401
209		2197.3766		9327.35491		-4932.60171
210		2240.33222		9347.02915		-4866.36472
211		2278.73059		9385.38205		-4827.92087
212		2329.37743		9436.06488		-4777.31001
213		2389.50788		9496.61553		-4717.59977
214		2445.98464		9542.92446		-4650.95518
215		2515.66061		9604.36398		-4573.04276
216		2578.77578		9638.2539		-4480.70234
217		2658.84795		9693.83847		-4376.14257
218		2729.49649		9762.73569		-4303.74271
219		2803.86338		9824.85451		-4217.12776
220		2885.55409		9896.25949		-4125.15131
221		2968.13613		9995.93401		-4059.66176
222		3044.83374		10116.95701		-4027.28954
223		3122.16054		10247.51679		-4003.1957
224		3210.37949		10393.02905		-3972.27007
225		3296.42879		10522.44159		-3929.58402
226		3363.11835		10612.85953		-3886.62283
227		3429.9135		10697.17806		-3837.35105
228		3472.90198		10757.44702		-3811.64306
229		3518.15301		10851.38226		-3815.07625
230		3569.20547		10948.84079		-3810.42985
231		3636.5249		11072.06235		-3799.01254
232		3693.67695		11213.03218		-3825.67829
233		3753.83699		11353.20917		-3845.53519
234		3803.3986		11481.13821		-3874.34101
235		3855.56872		11609.22026		-3898.08283
236		3913.94929		11752.34998		-3924.4514
237		3972.06655		11885.91348		-3941.78037
238		4022.72672		12006.80919		-3961.35576
239		4072.77071		12115.39732		-3969.85591
240		4114.72162		12207.88338		-3978.44014
241		4139.74093		12277.77067		-3998.28881
242		4177.16944		12366.2725		-4011.93361
243		4207.47894		12435.57521		-4020.61733
244		4235.47532		12521.21048		-4050.25984
245		4270.44951		12611.49993		-4070.60091
246		4277.35012		12646.83546		-4092.13521
247		4282.34218		12669.56329		-4104.87892
248		4272.88018		12660.0033		-4114.24293
249		4261.48018		12642.10165		-4119.14128
250		4261.48018		12642.10165		-4119.14128
