step	mediator-max-opt_inst_loss_mean	mediator-max-opt_inst_loss_std_up	mediator-max-opt_inst_loss_std_down
1		31.08011		44.21085		17.94937
2		-12.52081		12.19373		-37.23536
3		-20.5588		8.63907		-49.75667
4		-12.4171		31.06935		-55.90355
5		-20.44962		28.04674		-68.94599
6		-30.74967		20.29914		-81.79847
7		-4.69684		23.9909		-33.38457
8		-10.47828		20.01644		-40.97301
9		-1.80603		17.19368		-20.80574
10		9.16741		41.13569		-22.80087
11		39.16589		84.90457		-6.5728
12		35.693		86.99557		-15.60956
13		28.34784		82.35054		-25.65486
14		57.51106		125.85713		-10.835
15		55.00371		129.5875		-19.58007
16		48.6749		127.18415		-29.83434
17		42.01299		124.65431		-40.62832
18		35.00046		121.99132		-51.99039
19		46.06633		106.90144		-14.76877
20		41.11188		102.46803		-20.24426
21		52.49941		98.73067		6.26815
22		47.88354		95.95675		-0.18967
23		41.17998		91.78336		-9.42339
24		34.12361		87.39032		-19.14311
25		26.69584		82.76607		-29.37438
26		18.87714		77.89843		-40.14415
27		10.64693		72.7746		-51.48074
28		20.43104		67.26407		-26.40199
29		32.57485		92.39591		-27.24621
30		26.91032		92.09855		-38.2779
31		19.10291		87.7221		-49.51627
32		29.33207		93.09946		-34.43531
33		23.49687		90.88616		-43.89242
34		15.5098		86.44589		-55.42629
35		7.10236		81.77193		-67.5672
36		-1.74757		76.85198		-80.34712
37		-11.06329		71.67307		-93.79966
38		-20.86932		66.22159		-107.96023
39		-31.19145		60.4832		-122.86609
40		-42.05684		54.44278		-138.55647
41		-35.04662		45.7096		-115.80283
42		-25.82268		36.72998		-88.37535
43		-34.56077		30.00888		-99.13041
44		-27.15601		67.79823		-122.11025
45		-35.96427		67.04094		-138.96949
46		-28.63338		63.90637		-121.17313
47		-37.5194		58.9668		-134.00559
48		-11.82287		71.24458		-94.89032
49		0.46811		66.89186		-65.95563
50		-6.88624		61.8041		-75.57659
51		1.97507		81.59075		-77.64061
52		-5.29998		80.12393		-90.72388
53		-14.80267		75.11723		-104.72257
54		-6.35801		80.395		-93.11102
55		-14.07164		77.28048		-105.42376
56		-24.036		72.12413		-120.19612
57		-16.0773		63.00953		-95.16414
58		-5.85498		60.09887		-71.80883
59		-13.54214		55.25333		-82.3376
60		-23.47862		48.93766		-95.89491
61		-33.93809		42.28958		-110.16575
62		-26.50056		35.308		-88.30911
63		-35.27432		28.8687		-99.41734
64		-27.90712		56.27931		-112.09354
65		-18.30742		59.93243		-96.54727
66		-26.64996		55.28231		-108.58223
67		-18.82885		57.42229		-95.07999
68		-27.19884		52.97805		-107.37572
69		-37.8541		46.54263		-122.25082
70		-49.07016		39.76849		-137.90882
71		-60.87655		32.63783		-154.39092
72		-36.40934		79.10131		-151.92
73		-43.85987		80.25317		-167.97292
74		-36.94454		64.64024		-138.52932
75		-46.26799		58.04319		-150.57916
76		-21.03191		69.58721		-111.65104
77		-27.6731		66.8237		-122.1699
78		-38.35332		61.11699		-137.82364
79		-49.59566		55.10993		-154.30126
80		-61.42971		48.78671		-171.64612
81		-55.43911		41.79498		-152.67319
82		-28.84097		93.06435		-150.7463
83		-17.44568		102.30413		-137.19548
84		-7.29538		85.47275		-100.0635
85		-15.05834		79.49834		-109.61502
86		-6.62714		113.14269		-126.39696
87		-14.35493		114.16969		-142.87955
88		-5.88671		103.93693		-115.71035
89		-13.57553		99.8445		-126.99557
90		-5.06629		97.37265		-107.50522
91		-12.71193		94.00502		-119.42888
92		-22.60472		89.7289		-134.93835
93		-33.01819		85.22773		-151.26411
94		-25.53224		93.74143		-144.80592
95		-15.80755		120.84636		-152.46147
96		-5.57104		137.82358		-148.96565
97		5.20424		124.46523		-114.05674
98		-1.90084		120.59655		-124.39824
99		7.22286		108.18256		-93.73685
100		0.22401		104.02036		-103.57234
101		9.45954		109.89436		-90.97528
102		21.02591		99.13457		-57.08275
103		14.75354		94.67005		-65.16297
104		24.75379		103.89875		-54.39118
105		37.12511		97.14119		-22.89097
106		31.70007		93.25497		-29.85483
107		24.14475		88.93938		-40.64988
108		16.19178		84.39665		-52.01309
109		7.82023		79.61484		-63.97437
110		17.45557		77.50811		-42.59697
111		10.99529		73.6948		-51.70422
112		20.79773		91.79672		-50.20125
113		32.96084		115.84748		-49.92579
114		27.31663		116.08845		-61.4552
115		19.5306		112.97463		-73.91342
116		29.78227		101.13299		-41.56844
117		42.41825		100.03015		-15.19364
118		37.2718		97.47552		-22.93192
119		30.00973		93.38207		-33.36261
120		22.36544		89.07317		-44.34228
121		14.31883		84.53748		-55.89983
122		5.8487		79.76308		-68.06567
123		15.38028		61.81439		-31.05384
124		8.81077		55.02447		-37.40293
125		0.05075		48.69675		-48.59525
126		-9.17032		42.03599		-60.37664
127		-18.87672		35.02467		-72.7781
128		-29.09397		27.64432		-85.83227
129		-39.84898		19.87554		-99.5735
130		-14.27506		16.26429		-44.81441
131		-20.56063		10.27596		-51.39721
132		-30.86651		1.59305		-63.32607
133		-41.71481		-7.54685		-75.88277
134		-53.13407		-17.16779		-89.10034
135		-46.70685		-17.84616		-75.56755
136		-56.5441		-24.65951		-88.4287
137		-50.29636		3.51232		-104.10504
138		-41.87505		-0.48804		-83.26206
139		-51.45799		-8.31498		-94.601
140		-63.39005		-17.97636		-108.80375
141		-20.60765		34.78179		-75.99709
142		-25.38176		35.58695		-86.35048
143		-17.4939		62.87516		-97.86295
144		-25.79363		61.15609		-112.74334
145		-36.37493		55.15108		-127.90094
146		-29.06566		36.1889		-94.32021
147		-37.97442		27.9517		-103.90055
148		-49.19682		20.1991		-118.59274
149		-61.00987		12.03846		-134.05821
150		-36.54968		24.71709		-97.81646
151		-25.56011		35.25707		-86.37729
152		-34.28437		30.56854		-99.13729
153		-45.31256		22.95367		-113.57879
154		-20.0262		9.52957		-49.58197
155		-26.61446		0.80208		-54.03099
156		-37.23896		-8.37945		-66.09847
157		-48.42265		-18.04422		-78.80108
158		-60.19495		-28.21766		-92.17225
159		-72.58685		-38.92654		-106.24717
160		-67.18347		-28.80988		-105.55706
161		-78.09844		-35.53826		-120.65862
162		-72.98514		0.52499		-146.49527
163		-84.20546		-3.57067		-164.84024
164		-60.96609		29.98849		-151.92067
165		-69.70908		27.83206		-167.25022
166		-82.60172		20.07316		-185.2766
167		-59.27795		45.32856		-163.88446
168		-67.93209		42.89341		-178.75759
169		-62.28371		21.03823		-145.60566
170		-72.9408		11.60339		-157.48499
171		-30.66107		85.7694		-147.09154
172		-17.51682		77.19652		-112.23015
173		-25.81775		70.99434		-122.62984
174		-17.95284		85.21126		-121.11693
175		-26.27672		83.1611		-135.71454
176		-18.43596		67.29418		-104.1661
177		-26.78527		60.83503		-114.40557
178		-0.52379		49.61066		-50.65823
179		-6.0856		42.79673		-54.96793
180		2.81785		37.54206		-31.90635
181		14.03465		40.72344		-12.65414
182		25.84181		85.93738		-34.25376
183		38.2704		107.62445		-31.08365
184		32.90563		107.23484		-41.42357
185		25.41377		103.65503		-52.8275
186		17.52759		99.88681		-64.83164
187		9.22635		95.92027		-77.46757
188		0.4882		91.74496		-90.76856
189		9.73764		88.36383		-68.88855
190		2.87115		84.64083		-78.89852
191		12.24601		97.04184		-72.54982
192		60.85401		125.94		-4.23199
193		60.36735		127.61584		-6.88113
194		54.32084		125.10872		-16.46704
195		66.40357		118.82626		13.98089
196		62.5195		116.43385		8.60516
197		56.58626		113.3382		-0.16569
198		50.34074		110.07963		-9.39815
199		43.76651		106.64955		-19.11653
200		55.29375		120.19542		-9.60792
201		50.82495		120.15297		-18.50306
202		44.27621		117.25306		-28.70065
203		74.27777		107.88356		40.67197
204		72.65288		104.02854		41.27721
205		67.25297		100.27998		34.22595
206		61.56885		96.33413		26.80357
207		55.58557		92.1806		18.99054
208		49.28739		87.80847		10.7663
209		42.65771		83.20622		2.1092
210		54.1266		91.48886		16.76434
211		68.04386		92.26837		43.81936
212		64.24612		90.59537		37.89687
213		76.85124		109.48092		44.22156
214		73.51705		110.49968		36.53442
215		68.16262		107.09171		29.23354
216		62.52639		103.50437		21.5484
217		56.5935		99.72822		13.45878
218		50.34837		95.75333		4.9434
219		62.22202		121.02305		3.42099
220		58.11787		122.23878		-6.00304
221		51.95296		119.44866		-15.54273
222		45.46358		116.51168		-25.58451
223		38.63266		113.42013		-36.15481
224		49.8897		103.70905		-3.92965
225		45.13648		100.08083		-9.80787
226		38.28834		96.1245		-19.54782
227		31.07977		91.95994		-29.80039
228		23.49181		87.57619		-40.59258
229		15.50447		82.96172		-51.95278
230		7.09675		78.10438		-63.91088
231		-1.75348		72.99139		-76.49835
232		7.37798		74.48618		-59.73022
233		18.83479		83.9886		-46.31903
234		12.44709		81.61555		-56.72136
235		3.87846		76.68736		-68.93044
236		-5.14115		71.49979		-81.7821
237		-14.63549		66.03919		-95.31017
238		-6.18203		49.93163		-62.29569
239		-13.8864		42.84235		-70.61514
240		-5.39351		41.72582		-52.51285
241		-13.05638		36.69652		-62.80927
242		-22.9673		29.40417		-75.33877
243		-33.39985		21.72801		-88.52771
244		-25.93399		40.20355		-92.07153
245		-16.23045		30.09746		-62.55837
246		-6.01611		38.52462		-50.55684
247		4.73484		42.39134		-32.92165
248		16.06203		19.53542		12.58864
249		9.595		9.595		9.595
250		0.0		0.0		0.0
