step	mediator-max-opt_cov_err_sq_T_mean	mediator-max-opt_cov_err_sq_T_std_up	mediator-max-opt_cov_err_sq_T_std_down
1		15.07		15.87		14.27
2		14.29		14.73		13.85
3		14.23		14.43591		14.02409
4		14.07		14.38623		13.75377
5		14.02778		14.41424		13.64132
6		14.015		14.42378		13.60622
7		13.69		14.22814		13.15186
8		13.68007		14.22113		13.13901
9		13.51367		14.03367		12.99367
10		13.36923		13.56245		13.17602
11		13.36835		13.56084		13.17585
12		13.362		13.55658		13.16742
13		13.37271		13.56334		13.18209
14		13.3715		13.56287		13.18013
15		13.36581		13.55931		13.17231
16		13.36186		13.5571		13.16662
17		13.35908		13.55572		13.16244
18		13.35681		13.55474		13.15888
19		13.35531		13.5542		13.15643
20		13.35633		13.55495		13.15771
21		13.35557		13.55482		13.15631
22		13.35448		13.55452		13.15443
23		13.35368		13.55436		13.153
24		13.35312		13.55431		13.15192
25		13.35273		13.55434		13.15111
26		13.35247		13.55443		13.15051
27		13.35107		13.55082		13.15133
28		13.35093		13.55074		13.15112
29		13.35085		13.55083		13.15088
30		13.35077		13.55092		13.15062
31		13.35162		13.55149		13.15175
32		13.35168		13.55166		13.1517
33		13.35157		13.55175		13.15139
34		13.35152		13.55188		13.15117
35		13.35152		13.55202		13.15102
36		13.35155		13.55219		13.15092
37		13.35162		13.55236		13.15087
38		13.3517		13.55255		13.15086
39		13.35181		13.55275		13.15088
40		13.35124		13.55259		13.14988
41		13.35062		13.55067		13.15058
42		13.3507		13.55071		13.15069
43		13.35062		13.55075		13.15048
44		13.35072		13.55089		13.15054
45		13.35054		13.5509		13.15018
46		13.35062		13.55103		13.15021
47		13.35054		13.55029		13.15078
48		13.35068		13.55037		13.151
49		13.35071		13.5504		13.15101
50		13.35117		13.55067		13.15167
51		13.35122		13.55074		13.1517
52		13.35119		13.55077		13.15162
53		13.35148		13.55096		13.15199
54		13.3515		13.55103		13.15197
55		13.35147		13.55108		13.15187
56		13.35131		13.55066		13.15196
57		13.35077		13.55039		13.15116
58		13.35073		13.55037		13.15109
59		13.35073		13.55038		13.15108
60		13.35075		13.55041		13.15109
61		13.3508		13.55053		13.15108
62		13.35083		13.55054		13.15112
63		13.35107		13.55062		13.15153
64		13.35131		13.55071		13.15191
65		13.35132		13.55069		13.15195
66		13.35146		13.55116		13.15176
67		13.35146		13.55116		13.15176
68		13.35143		13.55106		13.15179
69		13.35141		13.55099		13.15183
70		13.3514		13.55092		13.15188
71		13.35126		13.5508		13.15173
72		13.35126		13.55076		13.15176
73		13.35085		13.55051		13.15118
74		13.35081		13.55047		13.15116
75		13.35092		13.5505		13.15135
76		13.35093		13.55049		13.15138
77		13.35091		13.55046		13.15135
78		13.35089		13.55045		13.15133
79		13.35088		13.55044		13.15132
80		13.35094		13.55063		13.15125
81		13.35136		13.55084		13.15187
82		13.35158		13.55142		13.15175
83		13.3514		13.55133		13.15147
84		13.35132		13.55121		13.15144
85		13.35096		13.55095		13.15097
86		13.35088		13.55084		13.15092
87		13.35079		13.55073		13.15084
88		13.35074		13.55066		13.15083
89		13.35076		13.55062		13.15091
90		13.35073		13.55056		13.1509
91		13.35069		13.5505		13.15088
92		13.35066		13.55045		13.15086
93		13.35077		13.55048		13.15106
94		13.35102		13.55058		13.15146
95		13.351		13.55055		13.15145
96		13.35107		13.55085		13.15129
97		13.35103		13.55083		13.15123
98		13.35118		13.55137		13.15099
99		13.35115		13.55136		13.15094
100		13.35126		13.55133		13.15118
101		13.3515		13.55207		13.15092
102		13.35147		13.55206		13.15088
103		13.35142		13.55192		13.15091
104		13.3517		13.55283		13.15057
105		13.35168		13.55282		13.15053
106		13.3516		13.55264		13.15056
107		13.35153		13.55247		13.15058
108		13.35147		13.55232		13.15061
109		13.35156		13.55225		13.15087
110		13.35153		13.55212		13.15093
111		13.35151		13.55201		13.151
112		13.35158		13.55195		13.15121
113		13.35153		13.55184		13.15123
114		13.35147		13.55172		13.15122
115		13.3517		13.55245		13.15094
116		13.35185		13.55253		13.15116
117		13.3518		13.5524		13.15121
118		13.35174		13.55226		13.15121
119		13.35168		13.55214		13.15122
120		13.35162		13.55202		13.15123
121		13.35158		13.55191		13.15125
122		13.35181		13.55264		13.15099
123		13.3518		13.55263		13.15097
124		13.35176		13.5525		13.15101
125		13.35171		13.55238		13.15105
126		13.35167		13.55226		13.15109
127		13.35164		13.55215		13.15113
128		13.35161		13.55205		13.15117
129		13.35198		13.55283		13.15112
130		13.35199		13.55284		13.15115
131		13.35195		13.55272		13.15119
132		13.35192		13.5526		13.15124
133		13.35188		13.55248		13.15128
134		13.35181		13.55236		13.15127
135		13.35178		13.55225		13.15131
136		13.35177		13.55216		13.15137
137		13.352		13.55285		13.15115
138		13.352		13.55285		13.15115
139		13.35197		13.55273		13.1512
140		13.35191		13.55334		13.15048
141		13.3519		13.55334		13.15047
142		13.3516		13.55306		13.15013
143		13.35154		13.55292		13.15017
144		13.35151		13.5528		13.15022
145		13.35155		13.55271		13.15038
146		13.35152		13.5526		13.15044
147		13.35149		13.55249		13.15049
148		13.35146		13.55239		13.15054
149		13.3518		13.55314		13.15047
150		13.35182		13.55315		13.15049
151		13.35178		13.55302		13.15053
152		13.35174		13.5529		13.15058
153		13.35181		13.55284		13.15078
154		13.35179		13.55274		13.15084
155		13.35175		13.55263		13.15087
156		13.35171		13.55252		13.1509
157		13.35168		13.55242		13.15093
158		13.35164		13.55232		13.15096
159		13.35162		13.55224		13.151
160		13.35159		13.55215		13.15103
161		13.3516		13.55208		13.15112
162		13.35158		13.552		13.15115
163		13.3513		13.5518		13.15081
164		13.35126		13.55172		13.15081
165		13.35124		13.55164		13.15083
166		13.35142		13.55215		13.15069
167		13.35142		13.55215		13.15069
168		13.35148		13.55211		13.15084
169		13.35146		13.55203		13.15088
170		13.35171		13.55262		13.15081
171		13.35183		13.55267		13.15098
172		13.3518		13.55258		13.15101
173		13.35155		13.55238		13.15072
174		13.35149		13.55227		13.15071
175		13.35158		13.55225		13.15092
176		13.35156		13.55217		13.15095
177		13.35188		13.55278		13.15099
178		13.35189		13.55279		13.15099
179		13.35203		13.55278		13.15128
180		13.35223		13.55337		13.15109
181		13.35225		13.55338		13.15111
182		13.35222		13.55328		13.15117
183		13.35217		13.55317		13.15117
184		13.35211		13.55306		13.15117
185		13.35206		13.55295		13.15117
186		13.35201		13.55284		13.15117
187		13.35196		13.55275		13.15117
188		13.35173		13.55256		13.1509
189		13.35167		13.55246		13.15089
190		13.35147		13.55229		13.15065
191		13.35182		13.5529		13.15074
192		13.35182		13.5529		13.15075
193		13.35177		13.5528		13.15075
194		13.3519		13.55279		13.15102
195		13.35188		13.55271		13.15105
196		13.35183		13.55261		13.15105
197		13.35178		13.55252		13.15104
198		13.35174		13.55244		13.15104
199		13.35188		13.55245		13.15132
200		13.35186		13.55238		13.15135
201		13.35182		13.55229		13.15135
202		13.35181		13.55268		13.15095
203		13.35179		13.55266		13.15091
204		13.35174		13.55258		13.15091
205		13.3517		13.55249		13.15091
206		13.35166		13.55241		13.15091
207		13.35162		13.55233		13.15092
208		13.35158		13.55225		13.15092
209		13.35173		13.5527		13.15075
210		13.35159		13.55263		13.15054
211		13.35154		13.55254		13.15054
212		13.35149		13.55245		13.15053
213		13.35146		13.55237		13.15054
214		13.35142		13.5523		13.15055
215		13.35139		13.55222		13.15056
216		13.35136		13.55215		13.15057
217		13.35133		13.55208		13.15059
218		13.35119		13.55196		13.15043
219		13.35116		13.55189		13.15043
220		13.35114		13.55182		13.15045
221		13.35111		13.55176		13.15046
222		13.35109		13.5517		13.15048
223		13.35119		13.55171		13.15067
224		13.35118		13.55166		13.15071
225		13.35116		13.55161		13.15072
226		13.35114		13.55155		13.15073
227		13.35112		13.5515		13.15075
228		13.35111		13.55145		13.15076
229		13.35109		13.55141		13.15077
230		13.35108		13.55136		13.15079
231		13.35118		13.55168		13.15068
232		13.35115		13.55167		13.15064
233		13.35113		13.55162		13.15065
234		13.35112		13.55157		13.15067
235		13.3511		13.55152		13.15069
236		13.35109		13.55147		13.15071
237		13.35118		13.55148		13.15088
238		13.35118		13.55144		13.15091
239		13.35128		13.55146		13.1511
240		13.35128		13.55142		13.15114
241		13.35127		13.55138		13.15115
242		13.35125		13.55134		13.15116
243		13.35121		13.55129		13.15113
244		13.3513		13.55157		13.15104
245		13.35126		13.55154		13.15097
246		13.35136		13.55185		13.15086
247		13.35147		13.55191		13.15103
248		13.35147		13.55187		13.15106
249		13.35145		13.55182		13.15108
250		13.35143		13.55177		13.15109
