step	mediator-max-opt_inst_loss_mean	mediator-max-opt_inst_loss_std_up	mediator-max-opt_inst_loss_std_down
1		63.57591		160.71647		-33.56464
2		21.68529		131.53418		-88.16359
3		15.44763		133.00593		-102.11067
4		25.48441		143.25056		-92.28175
5		19.4467		143.43079		-104.5374
6		29.69395		166.03453		-106.64663
7		52.32528		151.5893		-46.93873
8		47.70025		149.66668		-54.26618
9		40.98704		148.32013		-66.34604
10		33.92051		146.9027		-79.06168
11		26.48206		145.41068		-92.44656
12		18.65211		143.84013		-106.53592
13		38.85754		141.31114		-63.59606
14		33.52368		140.27794		-73.23058
15		26.06434		138.43724		-86.30856
16		18.2124		136.49967		-100.07486
17		9.94721		134.46012		-114.5657
18		1.247		132.31322		-129.81922
19		-7.91111		130.05333		-145.87556
20		57.79123		154.26426		-38.68179
21		57.14338		156.81455		-42.5278
22		50.92718		155.84421		-53.98985
23		72.8313		134.11018		11.55243
24		69.28553		131.08455		7.48652
25		63.7084		128.75999		-1.34319
26		114.7327		147.70184		81.76357
27		115.23702		151.43626		79.03778
28		112.07838		150.18285		73.97392
29		108.7535		148.86346		68.64354
30		105.25362		147.47464		63.03261
31		101.56954		146.01272		57.12637
32		97.69157		144.47385		50.90928
33		93.60948		142.854		44.36497
34		89.31255		141.14888		37.47622
35		84.78947		139.35403		30.22491
36		80.02833		137.46471		22.59195
37		75.0166		135.47595		14.55726
38		98.18859		137.5885		58.78868
39		95.97741		138.21633		53.73849
40		91.80511		136.26713		47.34309
41		87.41322		134.21534		40.61109
42		82.79017		132.05557		33.52477
43		77.9238		129.78211		26.06549
44		72.80131		127.38901		18.21361
45		67.40921		124.86995		9.94848
46		61.73332		122.21831		1.24834
47		55.7587		119.4271		-7.90971
48		49.46962		116.489		-17.54975
49		42.84954		113.39625		-27.69716
50		35.88104		110.14073		-38.37865
51		28.54577		106.71387		-49.62233
52		77.71941		97.56565		57.87317
53		76.27566		95.06458		57.48674
54		71.06642		90.84424		51.28861
55		65.58302		86.40177		44.76427
56		59.81101		81.72548		37.89654
57		53.73522		76.80308		30.66735
58		47.33964		71.6216		23.05768
59		40.60746		66.16742		15.04749
60		33.52095		60.42617		6.61572
61		26.06146		54.38275		-2.25982
62		18.20937		48.02126		-11.60251
63		9.94402		41.32495		-21.43691
64		1.24364		34.2762		-31.78891
65		-7.91465		26.85647		-42.68576
66		-17.55495		19.04622		-54.15612
67		-27.70264		10.82491		-66.23019
68		-9.93693		58.64658		-78.52044
69		-17.83892		57.36237		-93.04022
70		-28.00156		51.1577		-107.16081
71		-38.69907		44.62647		-122.0246
72		-21.51211		58.89655		-101.92077
73		-30.02333		55.50339		-115.55004
74		-40.82725		49.20088		-130.85537
75		-52.19979		42.56665		-146.96624
76		-64.17089		35.58326		-163.92505
77		-48.32457		52.72215		-149.37128
78		-29.79947		90.44605		-150.04499
79		-10.29937		67.77551		-88.37425
80		-18.22044		61.03519		-97.47606
81		-28.40315		55.02382		-111.83013
82		-39.1218		48.69607		-126.93967
83		-50.40459		42.03527		-142.84445
84		-62.2812		35.02391		-159.58632
85		-74.78291		27.64353		-177.20934
86		-87.94259		19.87471		-195.7599
87		-73.34741		51.19899		-197.8938
88		-56.1393		35.27915		-147.55775
89		-38.02551		33.23109		-109.28211
90		-47.40585		27.44177		-122.25346
91		-30.67715		83.81687		-145.17116
92		-11.22324		122.49722		-144.9437
93		9.25455		164.00814		-145.49903
94		2.36264		166.75378		-162.0285
95		-6.73675		166.30655		-179.78006
96		-16.31506		165.83578		-198.46591
97		2.04999		149.8469		-145.74691
98		-5.22111		147.81471		-158.25693
99		13.72784		142.89664		-115.44096
100		7.07136		141.56736		-127.42463
101		-1.7802		139.79453		-143.35494
102		-11.09764		137.92839		-160.12368
103		7.54201		125.94575		-110.86172
104		0.55997		123.22129		-122.10136
105		-8.63431		120.48288		-137.75149
106		-18.31249		117.60034		-154.22532
107		-0.05256		114.44478		-114.54989
108		21.01317		156.26526		-114.23892
109		14.74013		158.89072		-129.41046
110		6.29218		158.02965		-145.44529
111		-2.6004		157.12326		-162.32405
112		16.48649		173.28121		-140.30824
113		38.42269		150.14449		-73.29911
114		33.06594		147.33968		-81.2078
115		25.58251		145.87066		-94.70564
116		17.70521		144.32432		-108.91389
117		9.41332		142.69659		-123.86994
118		0.68502		140.98319		-139.61316
119		-8.50268		139.17961		-156.18497
120		10.27356		117.51036		-96.96324
121		3.43528		113.48996		-106.61941
122		22.83983		157.54771		-111.86806
123		16.66293		160.41187		-127.08602
124		36.76367		151.40236		-77.87503
125		31.3196		150.19164		-87.55243
126		52.19175		147.58166		-43.19817
127		47.55968		146.90346		-51.78409
128		40.83908		145.41147		-63.73331
129		33.76476		143.84097		-76.31144
130		26.31811		142.1878		-89.55158
131		46.92702		131.37557		-37.52153
132		42.01787		129.24127		-45.20554
133		35.00559		126.8197		-56.80852
134		56.07173		134.61495		-22.47149
135		51.64388		134.43026		-31.1425
136		45.13824		132.28179		-42.00532
137		38.29019		130.02025		-53.43987
138		87.97669		136.58762		39.36577
139		87.0728		137.02324		37.12236
140		82.43183		135.01125		29.85242
141		77.54661		132.89336		22.19986
142		72.40426		130.664		14.14453
143		66.99127		128.31731		5.66523
144		89.74087		149.26213		30.21962
145		87.08508		151.25259		22.91756
146		82.44476		149.98951		14.90001
147		106.0077		147.72389		64.29151
148		104.20806		148.21419		60.20193
149		100.46895		146.7912		54.14671
150		96.53305		145.2933		47.77279
151		92.38999		143.71658		41.0634
152		88.02888		142.05686		34.00089
153		83.43823		140.3098		26.56666
154		78.60597		138.47078		18.74117
155		73.51938		136.53497		10.5038
156		68.16508		134.49727		1.83289
157		62.52897		132.35233		-7.29439
158		56.59623		130.0945		-16.90205
159		50.35123		127.71784		-27.01538
160		43.77755		125.21608		-37.66098
161		36.85789		122.58266		-48.86688
162		58.02152		118.30673		-2.26368
163		53.69629		116.57526		-9.18268
164		47.29867		113.48705		-18.88972
165		69.01181		114.13951		23.88412
166		65.26502		113.21038		17.31966
167		59.47628		109.94508		9.00747
168		53.38286		106.50792		0.25781
169		46.96874		102.88985		-8.95237
170		40.21704		99.08136		-18.64729
171		33.10998		95.07243		-28.85247
172		25.62886		90.8525		-39.59477
173		17.75401		86.41046		-50.90245
174		9.46469		81.73464		-62.80527
175		0.73908		76.81272		-75.33455
176		-8.44576		71.63175		-88.52327
177		10.33347		80.68217		-60.01523
178		3.49834		78.13733		-71.14066
179		22.90621		118.48624		-72.67382
180		16.7328		119.49123		-86.02563
181		36.83722		105.44991		-31.77547
182		31.39702		101.92051		-39.12647
183		23.82575		98.06101		-50.4095
184		44.30349		129.37683		-40.76986
185		39.25625		130.53142		-52.01891
186		32.09863		128.17775		-63.98049
187		24.56428		125.7002		-76.57163
188		45.08089		128.2405		-38.07873
189		40.07457		127.22747		-47.07834
190		32.96001		124.69991		-58.77989
191		25.47101		122.03932		-71.09731
192		46.03533		100.52822		-8.45756
193		41.07925		96.05397		-13.89548
194		62.46506		122.61459		2.31552
195		76.82118		141.41317		12.2292
196		101.9329		119.74537		84.12043
197		99.91879		116.71669		83.12089
198		95.95393		113.63593		78.27193
199		91.78039		110.39302		73.16776
200		87.38719		106.97943		67.79495
201		82.76278		103.38619		62.13937
202		77.89497		99.60382		56.18611
203		72.77096		95.62238		49.91953
204		67.37726		91.4314		43.32313
205		61.69969		87.01983		36.37955
206		55.7233		82.37608		29.07052
207		49.43236		77.48792		21.37681
208		42.81032		72.34248		13.27816
209		35.83975		66.92624		4.75326
210		28.50231		61.22493		-4.22031
211		20.77869		55.22355		-13.66618
212		12.64856		48.90631		-23.60919
213		32.53801		87.28718		-22.21115
214		55.31903		110.38452		0.25355
215		50.85157		110.44549		-8.74236
216		44.30422		107.03467		-18.42623
217		65.85977		105.97682		25.74272
218		61.94707		104.72608		19.16807
219		55.9837		101.01424		10.95317
220		49.70647		97.10703		2.30591
221		43.09885		92.99418		-6.79648
222		64.59096		101.52822		27.6537
223		60.61149		101.24605		19.97693
224		54.57782		97.35104		11.8046
225		48.2266		93.25104		3.20215
226		41.54109		88.93524		-5.85306
227		34.50372		84.3923		-15.38486
228		27.09596		79.61026		-25.41833
229		19.29832		74.57652		-35.97988
230		11.09028		69.27786		-47.0973
231		2.45023		63.70032		-58.79985
232		-6.64455		57.82922		-71.11833
233		-16.21801		51.64912		-84.08514
234		-26.29533		45.14375		-97.73442
235		-8.45555		79.70828		-96.61939
236		12.16791		60.42223		-36.08641
237		5.42933		54.00679		-43.14813
238		-3.50866		47.62551		-54.64282
239		15.53042		66.55224		-35.49139
240		8.96882		64.6372		-46.69957
241		28.6646		70.88568		-13.55648
242		22.79427		68.58803		-22.99949
243		14.77022		62.97418		-33.43373
244		6.32386		57.06487		-44.41715
245		-2.56704		50.84454		-55.97863
246		-11.92597		44.29676		-68.14869
247		-3.33066		50.41078		-57.07209
248		-10.89128		46.48872		-68.27128
249		7.676		11.514		3.838
250		0.0		0.0		0.0
