step	mediator-max-opt_reward_mean	mediator-max-opt_reward_std_up	mediator-max-opt_reward_std_down
1		-1.0		-1.0		-1.0
2		8.2		28.6		-12.2
3		17.4		42.3848		-7.5848
4		26.6		67.4		-14.2
5		25.6		66.4		-15.2
6		24.6		65.4		-16.2
7		53.8		112.66051		-5.06051
8		52.8		111.66051		-6.06051
9		82.0		194.07497		-30.07497
10		111.2		214.7015		7.6985
11		110.2		213.7015		6.6985
12		109.2		212.7015		5.6985
13		108.2		211.7015		4.6985
14		107.2		210.7015		3.6985
15		106.2		209.7015		2.6985
16		105.2		208.7015		1.6985
17		104.2		207.7015		0.6985
18		103.2		206.7015		-0.3015
19		102.2		205.7015		-1.3015
20		101.2		204.7015		-2.3015
21		100.2		203.7015		-3.3015
22		129.4		244.29578		14.50422
23		128.4		243.29578		13.50422
24		127.4		242.29578		12.50422
25		126.4		241.29578		11.50422
26		125.4		240.29578		10.50422
27		124.4		239.29578		9.50422
28		123.4		238.29578		8.50422
29		122.4		237.29578		7.50422
30		121.4		236.29578		6.50422
31		160.8		327.58777		-5.98777
32		159.8		326.58777		-6.98777
33		179.0		326.31463		31.68537
34		178.0		325.31463		30.68537
35		207.2		406.96526		7.43474
36		216.4		420.3192		12.4808
37		215.4		419.3192		11.4808
38		224.6		434.58152		14.61848
39		223.6		433.58152		13.61848
40		222.6		432.58152		12.61848
41		221.6		431.58152		11.61848
42		230.8		431.27883		30.32117
43		240.0		448.14706		31.85294
44		249.2		449.32236		49.07764
45		268.4		452.56362		84.23638
46		267.4		451.56362		83.23638
47		276.6		469.63326		83.56674
48		275.6		468.63326		82.56674
49		274.6		467.63326		81.56674
50		283.8		487.36758		80.23242
51		282.8		486.36758		79.23242
52		281.8		485.36758		78.23242
53		301.0		489.9095		112.0905
54		320.2		496.77338		143.62662
55		319.2		495.77338		142.62662
56		348.6		526.49727		170.70273
57		347.6		525.49727		169.70273
58		366.8		543.42095		190.17905
59		376.0		537.45092		214.54908
60		395.2		544.75186		245.64814
61		394.2		543.75186		244.64814
62		393.2		542.75186		243.64814
63		412.4		585.63233		239.16767
64		411.4		584.63233		238.16767
65		430.6		632.8806		228.3194
66		429.6		631.8806		227.3194
67		428.6		630.8806		226.3194
68		427.6		629.8806		225.3194
69		426.6		628.8806		224.3194
70		425.6		627.8806		223.3194
71		465.0		659.89587		270.10413
72		464.0		658.89587		269.10413
73		463.0		657.89587		268.10413
74		472.2		671.97527		272.42473
75		471.2		670.97527		271.42473
76		470.2		669.97527		270.42473
77		469.2		668.97527		269.42473
78		488.4		654.88555		321.91445
79		487.4		653.88555		320.91445
80		506.6		676.56776		336.63224
81		546.0		715.7775		376.2225
82		545.0		714.7775		375.2225
83		544.0		713.7775		374.2225
84		553.2		716.75965		389.64035
85		552.2		715.75965		388.64035
86		571.4		742.1145		400.6855
87		580.6		746.40422		414.79578
88		579.6		745.40422		413.79578
89		609.0		740.61459		477.38541
90		608.0		739.61459		476.38541
91		607.0		738.61459		475.38541
92		606.0		737.61459		474.38541
93		625.2		771.27587		479.12413
94		634.4		777.66982		491.13018
95		633.4		776.66982		490.13018
96		632.4		775.66982		489.13018
97		631.4		774.66982		488.13018
98		670.8		777.13419		564.46581
99		669.8		776.13419		563.46581
100		699.2		823.64983		574.75017
101		698.2		822.64983		573.75017
102		717.4		814.33008		620.46992
103		716.4		813.33008		619.46992
104		715.4		812.33008		618.46992
105		744.8		869.78224		619.81776
106		743.8		868.78224		618.81776
107		753.0		867.73622		638.26378
108		762.2		878.56047		645.83953
109		761.2		877.56047		644.83953
110		790.6		887.83703		693.36297
111		789.6		886.83703		692.36297
112		798.8		904.07564		693.52436
113		797.8		903.07564		692.52436
114		796.8		902.07564		691.52436
115		836.2		943.94117		728.45883
116		835.2		942.94117		727.45883
117		834.2		941.94117		726.45883
118		833.2		940.94117		725.45883
119		842.4		957.48362		727.31638
120		851.6		972.56049		730.63951
121		850.6		971.56049		729.63951
122		849.6		970.56049		728.63951
123		848.6		969.56049		727.63951
124		867.8		1009.35197		726.24803
125		877.0		1024.93647		729.06353
126		876.0		1023.93647		728.06353
127		875.0		1022.93647		727.06353
128		884.2		1040.93468		727.46532
129		883.2		1039.93468		726.46532
130		882.2		1038.93468		725.46532
131		911.4		1025.33437		797.46563
132		910.4		1024.33437		796.46563
133		919.6		1036.887		802.313
134		918.6		1035.887		801.313
135		917.6		1034.887		800.313
136		916.6		1033.887		799.313
137		935.8		1077.1144		794.4856
138		934.8		1076.1144		793.4856
139		933.8		1075.1144		792.4856
140		932.8		1074.1144		791.4856
141		952.0		1123.60303		780.39697
142		951.0		1122.60303		779.39697
143		950.0		1121.60303		778.39697
144		949.0		1120.60303		777.39697
145		948.0		1119.60303		776.39697
146		967.2		1145.54506		788.85494
147		966.2		1144.54506		787.85494
148		985.4		1173.79172		797.00828
149		984.4		1172.79172		796.00828
150		983.4		1171.79172		795.00828
151		982.4		1170.79172		794.00828
152		981.4		1169.79172		793.00828
153		980.4		1168.79172		792.00828
154		989.6		1183.27767		795.92233
155		988.6		1182.27767		794.92233
156		1018.0		1238.5212		797.4788
157		1047.2		1237.96834		856.43166
158		1046.2		1236.96834		855.43166
159		1055.4		1250.35702		860.44298
160		1054.4		1249.35702		859.44298
161		1053.4		1248.35702		858.44298
162		1052.4		1247.35702		857.44298
163		1081.6		1314.00964		849.19036
164		1080.6		1313.00964		848.19036
165		1109.8		1325.74759		893.85241
166		1108.8		1324.74759		892.85241
167		1107.8		1323.74759		891.85241
168		1127.0		1310.21572		943.78428
169		1126.0		1309.21572		942.78428
170		1125.0		1308.21572		941.78428
171		1124.0		1307.21572		940.78428
172		1123.0		1306.21572		939.78428
173		1132.2		1311.95361		952.44639
174		1131.2		1310.95361		951.44639
175		1150.4		1341.18742		959.61258
176		1149.4		1340.18742		958.61258
177		1168.6		1327.88164		1009.31836
178		1177.8		1333.1131		1022.4869
179		1197.0		1352.13091		1041.86909
180		1196.0		1351.13091		1040.86909
181		1215.2		1386.58891		1043.81109
182		1214.2		1385.58891		1042.81109
183		1213.2		1384.58891		1041.81109
184		1232.4		1410.62974		1054.17026
185		1231.4		1409.62974		1053.17026
186		1240.6		1414.13224		1067.06776
187		1239.6		1413.13224		1066.06776
188		1238.6		1412.13224		1065.06776
189		1257.8		1451.54974		1064.05026
190		1267.0		1468.06616		1065.93384
191		1266.0		1467.06616		1064.93384
192		1265.0		1466.06616		1063.93384
193		1264.0		1465.06616		1062.93384
194		1283.2		1479.11672		1087.28328
195		1282.2		1478.11672		1086.28328
196		1301.4		1460.46552		1142.33448
197		1310.6		1481.65391		1139.54609
198		1309.6		1480.65391		1138.54609
199		1328.8		1499.83029		1157.76971
200		1338.0		1509.54241		1166.45759
201		1337.0		1508.54241		1165.45759
202		1366.4		1553.28777		1179.51223
203		1365.4		1552.28777		1178.51223
204		1364.4		1551.28777		1177.51223
205		1363.4		1550.28777		1176.51223
206		1372.6		1540.27063		1204.92937
207		1371.6		1539.27063		1203.92937
208		1380.8		1529.56881		1232.03119
209		1379.8		1528.56881		1231.03119
210		1399.2		1566.98009		1231.41991
211		1398.2		1565.98009		1230.41991
212		1407.4		1585.91342		1228.88658
213		1416.6		1578.13588		1255.06412
214		1415.6		1577.13588		1254.06412
215		1414.6		1576.13588		1253.06412
216		1413.6		1575.13588		1252.06412
217		1422.8		1581.71306		1263.88694
218		1421.8		1580.71306		1262.88694
219		1420.8		1579.71306		1261.88694
220		1419.8		1578.71306		1260.88694
221		1418.8		1577.71306		1259.88694
222		1428.0		1586.88738		1269.11262
223		1427.0		1585.88738		1268.11262
224		1436.2		1597.66009		1274.73991
225		1435.2		1596.66009		1273.73991
226		1464.6		1629.6486		1299.5514
227		1463.6		1628.6486		1298.5514
228		1462.6		1627.6486		1297.5514
229		1482.0		1661.46142		1302.53858
230		1481.0		1660.46142		1301.53858
231		1480.0		1659.46142		1300.53858
232		1529.6		1727.79041		1331.40959
233		1528.6		1726.79041		1330.40959
234		1527.6		1725.79041		1329.40959
235		1546.8		1704.81823		1388.78177
236		1576.0		1760.24223		1391.75777
237		1575.0		1759.24223		1390.75777
238		1584.2		1772.94893		1395.45107
239		1583.2		1771.94893		1394.45107
240		1612.4		1838.85494		1385.94506
241		1611.4		1837.85494		1384.94506
242		1610.4		1836.85494		1383.94506
243		1609.4		1835.85494		1382.94506
244		1608.4		1834.85494		1381.94506
245		1637.8		1847.39237		1428.20763
246		1667.0		1890.88837		1443.11163
247		1666.0		1889.88837		1442.11163
248		1665.0		1888.88837		1441.11163
249		1664.0		1887.88837		1440.11163
250		1693.2		1956.6725		1429.7275
