step	mediator-max-opt_inst_loss_mean	mediator-max-opt_inst_loss_std_up	mediator-max-opt_inst_loss_std_down
1		41.03964		78.10912		3.97015
2		-10.06354		29.30461		-49.43169
3		-19.81695		21.62321		-61.25711
4		-30.08369		13.53753		-73.70491
5		-22.44329		25.00838		-69.89497
6		-12.55603		40.51509		-65.62715
7		-20.59587		36.79296		-77.98469
8		-12.45611		44.47349		-69.38572
9		-2.04321		22.82665		-26.91306
10		-9.52974		13.21521		-32.27468
11		-0.80756		50.57428		-52.1894
12		-8.22906		49.21463		-65.67275
13		0.56158		49.45991		-48.33676
14		-6.78786		44.91397		-58.4897
15		-16.36886		38.05412		-70.79185
16		-26.45412		30.83323		-83.74148
17		-18.6227		33.48805		-70.73346
18		9.91314		62.9293		-43.10302
19		4.90063		62.54212		-52.74085
20		14.38231		79.23936		-50.47474
21		26.20776		63.84445		-11.42892
22		20.20812		57.12165		-16.70541
23		30.49545		59.40914		1.58177
24		24.72148		56.53799		-7.09502
25		16.79887		50.28993		-16.69219
26		8.45927		43.71302		-26.79447
27		36.57573		81.08437		-7.9329
28		32.96652		82.90605		-16.973
29		43.92535		105.10406		-17.25336
30		38.85821		105.24486		-27.52843
31		31.67964		101.56031		-38.20104
32		42.57073		116.58162		-31.44015
33		55.87979		120.66531		-8.90573
34		51.44184		119.21475		-16.33107
35		44.92556		116.26546		-26.41435
36		56.51381		99.38342		13.64419
37		52.10922		94.45424		9.7642
38		45.62807		90.20178		1.05436
39		57.25329		89.16367		25.3429
40		52.88762		86.95571		18.81953
41		64.89493		80.08881		49.70104
42		60.93145		78.29879		43.56411
43		54.91463		73.19604		36.63322
44		48.58113		67.82472		29.33754
45		41.91429		62.1707		21.65787
46		34.89656		56.21909		13.57402
47		27.50947		49.95425		5.0647
48		56.62857		111.71361		1.54354
49		54.07478		116.18897		-8.03942
50		47.69707		113.08044		-17.68629
51		40.9837		109.8083		-27.84089
52		33.91699		106.36394		-38.52995
53		26.47835		102.73829		-49.78158
54		37.0957		99.2678		-25.07641
55		31.66911		96.23257		-32.89435
56		24.11216		92.07369		-43.84938
57		34.60496		90.97014		-21.76022
58		65.94226		98.46298		33.42154
59		63.87866		97.83399		29.92333
60		58.01695		93.7594		22.27449
61		51.84673		89.47036		14.22309
62		45.35176		84.95558		5.74793
63		56.96244		84.09825		29.82662
64		52.58146		82.03272		23.1302
65		46.12516		77.12649		15.12384
66		39.32906		71.96204		6.69608
67		32.17527		66.52577		-2.17524
68		24.64496		60.80338		-11.51347
69		16.71832		54.77981		-21.34318
70		8.37448		48.43922		-31.69025
71		-0.4085		41.76491		-42.58191
72		8.79374		49.00049		-31.413
73		1.87758		45.59082		-41.83566
74		-7.24735		38.76659		-53.26129
75		-16.85253		31.5832		-65.28826
76		-26.96325		24.02173		-77.94822
77		-37.60611		16.06228		-91.27451
78		-11.91415		40.10085		-63.92914
79		-18.07546		38.33424		-74.48515
80		-9.80305		24.51614		-44.12224
81		0.74949		69.83941		-68.34043
82		-6.59006		69.70279		-82.8829
83		2.28684		75.25115		-70.67747
84		-4.97179		72.08242		-82.026
85		3.99028		76.50377		-68.52321
86		-3.1787		73.26841		-79.62581
87		5.87774		72.07339		-60.31791
88		17.25559		74.73261		-40.22143
89		10.78478		71.289		-49.71943
90		20.57615		84.12998		-42.97769
91		14.28011		82.32819		-53.76797
92		5.80795		77.4375		-65.82161
93		-3.11011		72.28942		-78.50965
94		5.94994		89.16463		-77.26475
95		-1.1159		87.74081		-89.97261
96		-10.39838		83.135		-103.93176
97		-1.72192		77.81032		-81.25415
98		9.25595		67.37171		-48.85981
99		2.36411		61.84337		-57.11515
100		-6.73521		55.87454		-69.34496
101		2.13405		53.98877		-49.72067
102		13.31486		49.53717		-22.90744
103		6.63665		44.54455		-31.27125
104		-2.2378		37.66525		-42.14085
105		6.86817		62.45839		-48.72205
106		-0.14934		60.84742		-61.14611
107		9.06654		60.39931		-42.26623
108		2.16473		56.2022		-51.87274
109		-6.94508		49.93647		-63.82663
110		1.91313		73.33223		-69.50596
111		-5.36517		71.88877		-82.61911
112		-14.87129		66.44865		-96.19123
113		-6.43025		59.20236		-72.06286
114		4.29981		84.71808		-76.11846
115		15.59461		77.97825		-46.78902
116		9.03638		72.96875		-54.89598
117		18.73573		79.29205		-41.8206
118		12.34282		76.60334		-51.91769
119		22.21619		58.66482		-14.23244
120		34.45396		74.60856		-5.70064
121		47.33582		98.90443		-4.2328
122		42.44818		98.79768		-13.90132
123		35.45855		94.77381		-23.85671
124		28.10104		90.53816		-34.33607
125		38.80379		78.66712		-1.05954
126		33.4671		73.84336		-6.90916
127		26.00478		68.50611		-16.49654
128		36.5972		69.99103		3.20337
129		31.14437		67.18907		-4.90033
130		23.55981		61.5016		-14.38199
131		15.57605		55.51478		-24.36268
132		7.1721		49.21287		-34.86867
133		-1.67417		42.57927		-45.92761
134		7.46146		59.24931		-44.32639
135		0.47518		56.88905		-55.9387
136		-8.72356		50.65947		-68.10658
137		-18.40644		44.10201		-80.91488
138		-28.59894		37.19942		-94.39731
139		-39.32789		29.93354		-108.58933
140		-50.62153		22.28525		-123.5283
141		-25.61458		22.44102		-73.67019
142		-32.49697		16.66912		-81.66306
143		-43.43108		8.3227		-95.18486
144		-54.94067		-0.46301		-109.41833
145		-67.05603		-9.71112		-124.40093
146		-79.80904		-19.44598		-140.1721
147		-93.23326		-29.69319		-156.77332
148		-52.02155		32.27002		-136.31311
149		-58.44902		33.12067		-150.01872
150		-70.74903		25.64012		-167.13818
151		-65.24892		35.9721		-166.46994
152		-57.61458		28.12558		-143.35474
153		-68.02592		20.66069		-156.71253
154		-62.38249		7.91503		-132.68001
155		-54.59728		-1.1407		-108.05387
156		-64.84982		-9.41573		-120.28391
157		-77.48671		-19.13504		-135.83838
158		-90.78871		-29.3659		-152.21152
159		-86.34332		-15.88628		-156.80035
160		-98.2667		-22.50455		-174.02884
161		-94.21488		-17.63488		-170.79489
162		-69.65758		-7.02982		-132.28533
163		-78.85801		-13.29008		-144.42595
164		-36.88971		17.1173		-90.89673
165		-24.07329		24.03744		-72.18402
166		-14.27181		2.10769		-30.65131
167		-3.95446		32.09043		-39.99935
168		-11.54159		29.82887		-52.91205
169		-21.37279		22.17507		-64.92064
170		-31.72141		14.11843		-77.56126
171		-42.61471		5.63776		-90.86718
172		-35.63384		50.66025		-121.92793
173		-44.8883		49.55934		-139.33594
174		-38.0271		64.51057		-140.56477
175		-28.96003		72.92122		-130.84128
176		-19.41575		78.5544		-117.3859
177		-27.81663		75.09928		-130.73254
178		-38.50441		69.82813		-146.83694
179		-49.7547		64.27955		-163.78895
180		-61.59711		58.43894		-181.63316
181		-55.61532		44.33604		-155.56668
182		-65.92144		37.02277		-168.86565
183		-60.16724		48.79521		-169.1297
184		-15.37047		66.63891		-97.37985
185		-19.86894		63.75328		-103.49116
186		-30.13842		57.88497		-118.1618
187		-22.50091		70.66628		-115.66809
188		-31.06416		67.8538		-129.98212
189		-41.92286		62.20131		-146.04702
190		-53.35307		56.25132		-162.95745
191		-28.48989		53.34304		-110.32283
192		-35.52361		47.89819		-118.9454
193		-46.61702		41.1954		-134.42943
194		-39.8468		63.21814		-142.91174
195		-30.8755		50.70222		-112.45323
196		-39.87953		43.50399		-123.26304
197		-32.7547		36.35524		-101.86465
198		-41.85763		29.84234		-113.5576
199		-53.28441		22.18925		-128.75806
200		-46.86511		31.54053		-125.27075
201		-38.2632		21.70081		-98.22721
202		-47.65605		13.88927		-109.20136
203		-40.94052		3.16445		-85.04548
204		-50.47428		-4.91915		-96.0294
205		-62.35456		-14.4018		-110.30732
206		-74.86012		-24.38353		-125.33672
207		-69.57639		-39.43887		-99.7139
208		-80.6173		-49.60556		-111.62904
209		-75.63657		-48.40731		-102.86583
210		-68.54895		-10.68112		-126.41677
211		-61.08829		8.92043		-131.09702
212		-34.78748		5.32786		-74.90283
213		-42.15265		-2.26511		-82.04019
214		-53.59496		-11.60807		-95.58184
215		-28.74451		38.15198		-95.641
216		-35.79163		38.09618		-109.67943
217		-28.45165		32.41281		-89.31611
218		-37.3281		26.03417		-100.69038
219		-48.51648		18.18065		-115.21362
220		-41.84624		57.51593		-141.20841
221		-51.42767		56.35328		-159.20861
222		-63.35813		50.09549		-176.81176
223		-39.02154		79.96802		-158.01109
224		-46.60955		79.53533		-172.75443
225		-39.83894		93.47097		-173.14885
226		-49.31472		91.62171		-190.25115
227		-24.239		93.21309		-141.69109
228		-31.04898		90.01313		-152.11109
229		-23.4594		109.50918		-156.42797
230		-32.0731		108.99197		-173.13816
231		-24.53741		90.26002		-139.33484
232		-33.20785		84.37321		-150.7889
233		-25.73188		67.25191		-118.71568
234		-34.46519		60.58495		-129.51533
235		-45.50289		54.54989		-145.55567
236		-57.12152		48.19719		-162.44024
237		-50.90418		35.39632		-137.20468
238		-60.96234		27.91702		-149.8417
239		-73.39463		20.1626		-166.95185
240		-68.03376		17.41224		-153.47976
241		-23.65101		50.71973		-98.02175
242		-10.13781		55.05912		-75.33475
243		0.39711		44.08103		-43.2868
244		11.48651		51.56905		-28.59604
245		4.71207		48.27496		-38.85081
246		-4.26374		41.59193		-50.11941
247		4.73484		42.39134		-32.92165
248		16.06203		19.53542		12.58864
249		9.595		9.595		9.595
250		0.0		0.0		0.0
