step	mediator-max-opt_inst_loss_mean	mediator-max-opt_inst_loss_std_up	mediator-max-opt_inst_loss_std_down
1		6.33835		27.8592		-15.1825
2		-46.80174		-24.3165		-69.28698
3		-21.59376		19.80753		-62.99504
4		-28.26452		19.23341		-75.76244
5		-38.97587		11.02195		-88.97368
6		-31.80348		5.86744		-69.47441
7		-40.85635		-1.0176		-80.69509
8		-15.33545		7.52166		-38.19256
9		-21.67682		4.47887		-47.83252
10		-13.59396		14.65677		-41.8447
11		-21.68843		10.64491		-54.02178
12		-32.05367		1.98143		-66.08877
13		-24.51696		22.13052		-71.16444
14		-33.18633		18.40737		-84.78002
15		-7.26174		83.44321		-97.96669
16		-13.17818		86.35643		-112.7128
17		-23.09552		81.67776		-127.86879
18		-33.53482		76.75284		-143.82247
19		-26.07606		75.24104		-127.39316
20		-16.37999		66.34767		-99.10765
21		-24.62109		60.71553		-109.95771
22		-16.6932		63.34625		-96.73264
23		-24.95078		59.19363		-109.09519
24		-35.48772		53.08534		-124.06078
25		-46.57924		46.65556		-139.81404
26		-58.25453		39.88737		-156.39642
27		-33.64932		35.72776		-103.0264
28		-22.5071		45.94468		-90.95887
29		-31.07067		41.87273		-104.01408
30		-41.92972		34.85282		-118.71225
31		-34.9128		30.88842		-100.71402
32		-7.23433		39.63668		-54.10535
33		-13.14934		35.87837		-62.17704
34		-23.06515		28.54296		-74.67326
35		-33.50285		20.82148		-87.82718
36		-26.04241		31.67048		-83.7553
37		2.10291		55.51205		-51.30622
38		15.12684		52.852		-22.59833
39		8.54399		47.75197		-30.66399
40		-0.23007		41.04149		-41.50163
41		-9.46592		33.97783		-52.90967
42		-0.74039		53.08842		-54.56919
43		-8.15835		50.5983		-66.915
44		0.63601		39.76929		-38.49728
45		-6.70951		33.44389		-46.86291
46		-16.28639		25.98035		-58.55313
47		-7.91982		25.47868		-41.31832
48		2.73184		35.84441		-30.38073
49		-4.50338		32.24123		-41.24799
50		-13.96414		24.71439		-52.64268
51		-23.92284		16.79141		-64.63709
52		-34.40568		8.45142		-77.26279
53		-45.44025		-0.32751		-90.55299
54		-57.05559		-9.56849		-104.54268
55		-50.83477		11.71641		-113.38594
56		-42.44179		-1.64272		-83.24086
57		-33.60708		5.36504		-72.57919
58		-42.75486		-0.06991		-85.43981
59		-54.22887		-9.29734		-99.16039
60		-47.85927		-15.25073		-80.46781
61		-57.75718		-22.94983		-92.56452
62		-33.12579		37.0726		-103.32419
63		-40.4035		37.52558		-118.33259
64		-33.30626		56.9536		-123.56612
65		-42.43822		54.16984		-139.04627
66		-53.89555		47.79714		-155.58824
67		-65.9559		41.08903		-173.00084
68		-60.20352		30.55617		-150.96321
69		-52.30364		17.73365		-122.34092
70		-62.43545		9.54039		-134.41129
71		-56.49779		-2.05538		-110.9402
72		-48.40286		24.93215		-121.73787
73		-58.32937		21.36115		-138.0199
74		-33.72811		13.70547		-81.16169
75		-22.59003		34.33243		-79.51249
76		-12.71049		29.13768		-54.55865
77		-20.75846		22.55461		-64.07152
78		-12.62726		59.14331		-84.39783
79		-20.67085		57.99171		-99.33341
80		-30.98253		51.82017		-113.78523
81		-41.83694		45.3238		-128.99767
82		-53.26263		38.48552		-145.01077
83		-46.84218		65.54389		-159.22824
84		-38.23906		69.50098		-145.9791
85		-29.18315		66.09937		-124.46567
86		-19.65061		75.2234		-114.52463
87		-28.06385		72.14964		-128.27734
88		-38.76464		66.72325		-144.25253
89		-31.58114		70.13879		-133.30107
90		-22.17481		91.65019		-135.99981
91		-30.7209		90.42019		-151.862
92		-23.11405		71.30212		-117.53022
93		-13.26208		79.05721		-105.58138
94		-2.8916		108.91474		-114.69793
95		8.02471		94.01069		-77.96127
96		19.51556		111.16289		-72.13178
97		31.61118		136.86567		-73.6433
98		25.89593		138.11722		-86.32535
99		36.48262		120.76464		-47.79939
100		31.02376		116.50267		-54.45514
101		41.88034		102.38924		-18.62856
102		55.15306		107.79544		2.51068
103		69.12435		93.2622		44.98649
104		65.38347		88.51106		42.25589
105		59.60096		83.94579		35.25614
106		53.51411		79.14025		27.88798
107		47.1069		74.08178		20.13202
108		40.36247		68.75708		11.96786
109		51.71055		84.87205		18.54906
110		47.05317		84.43106		9.67527
111		58.75339		85.08383		32.42295
112		54.46668		83.36509		25.56827
113		48.1096		78.52898		17.69023
114		59.86543		104.54043		15.19044
115		55.63725		105.34175		5.93275
116		49.34178		101.66231		-2.97875
117		79.60995		111.42961		47.79029
118		78.2657		112.09647		44.43493
119		73.1612		108.77254		37.54986
120		67.78805		105.27367		30.30243
121		62.1321		101.59065		22.67355
122		56.17846		97.71378		14.64315
123		49.91148		93.63286		6.19009
124		61.76214		108.43419		15.0901
125		57.63379		108.39642		6.87116
126		51.4434		104.87775		-1.99095
127		44.9272		101.17388		-11.31948
128		38.06805		97.27508		-21.13898
129		30.84789		93.17108		-31.47531
130		41.6952		87.32231		-3.9319
131		36.51069		83.73091		-10.70953
132		29.20856		78.91406		-20.49693
133		21.52211		73.84368		-30.79946
134		13.43111		68.50645		-41.64423
135		23.36175		53.11925		-6.39574
136		17.21233		46.83489		-12.41024
137		8.89449		40.07614		-22.28716
138		18.58637		77.00375		-39.83101
139		30.63309		102.23855		-40.97237
140		43.31385		104.30269		-17.67498
141		56.66202		98.64618		14.67787
142		52.26524		95.50595		9.02453
143		45.7923		91.30883		0.27576
144		38.97867		86.89082		-8.93347
145		31.80644		82.24027		-18.6274
146		24.25672		77.34497		-28.83153
147		16.30964		72.19201		-39.57273
148		7.9443		66.76784		-50.87925
149		17.58616		71.32508		-36.15275
150		11.13276		68.20431		-45.93879
151		2.49495		62.57026		-57.58037
152		-6.59748		56.63969		-69.83466
153		-16.16846		50.39698		-82.73391
154		-7.79569		43.48564		-59.07703
155		-15.58499		37.62021		-68.79018
156		29.71347		100.24286		-40.81591
157		27.58784		104.6631		-49.48742
158		19.81609		100.94794		-61.31577
159		11.6353		97.03725		-73.76666
160		21.47142		110.04937		-67.10652
161		15.2225		109.16829		-78.72328
162		6.79994		105.69024		-92.09036
163		16.38158		100.5178		-67.75464
164		9.86477		97.072		-77.34246
165		1.16023		92.95731		-90.63686
166		28.89252		114.18137		-56.39633
167		24.87894		114.75801		-65.00014
168		16.96461		111.57416		-77.64494
169		27.08123		108.52799		-54.36553
170		21.12756		105.7526		-63.49747
171		31.46328		117.78803		-54.86146
172		25.74025		117.19007		-65.70957
173		17.87126		114.13422		-78.39171
174		9.5881		110.91754		-91.74133
175		0.869		107.53156		-105.79357
176		-8.30901		103.96737		-120.5854
177		-17.97007		100.2156		-136.15574
178		-28.13961		96.26636		-152.54558
179		-20.3969		83.85257		-124.64637
180		-28.84941		78.56476		-136.26359
181		-21.14406		77.17928		-119.4674
182		-29.6359		73.03204		-132.30384
183		-40.41943		67.65209		-148.49095
184		-51.77051		61.98898		-165.53
185		-63.71902		56.02781		-183.46585
186		-57.84891		40.19205		-155.88987
187		-49.82509		55.85836		-155.50855
188		-59.82646		52.60187		-172.25479
189		-72.19897		46.14664		-190.54458
190		-48.32768		34.22532		-130.88069
191		-56.40549		26.48245		-139.29343
192		-13.25548		71.94774		-98.4587
193		0.80486		71.55973		-69.95002
194		-6.53178		66.70335		-79.76691
195		-16.0993		60.99031		-93.18892
196		-26.17038		54.97659		-107.31734
197		-36.77151		48.64635		-122.18937
198		-29.48311		56.29179		-115.25801
199		-19.96636		35.05339		-74.98611
200		-28.39621		26.03885		-82.83128
201		-39.1145		18.18557		-96.41456
202		-50.3969		9.91896		-110.71276
203		-43.82562		-12.35768		-75.29356
204		-16.61625		31.91469		-65.1472
205		-4.57755		30.24278		-39.39788
206		-12.19747		24.03431		-48.42925
207		-3.6157		17.50731		-24.73871
208		-11.18499		12.16323		-34.53321
209		34.34505		90.16727		-21.47718
210		32.46318		95.33246		-30.4061
211		24.94803		91.12622		-41.23016
212		53.93231		128.89868		-21.03405
213		51.23661		132.12675		-29.65353
214		44.70953		129.85704		-40.43798
215		37.83892		127.46788		-51.79004
216		30.60669		124.95297		-63.73958
217		22.99383		122.3057		-76.31804
218		14.98029		119.51909		-89.55852
219		6.54498		116.58583		-103.49587
220		16.1132		97.24843		-65.02204
221		9.58226		91.62864		-72.46412
222		19.31034		74.46829		-35.84761
223		12.94767		68.29288		-42.39753
224		4.40539		62.66349		-53.85272
225		13.86099		56.9902		-29.26821
226		7.21152		52.13287		-37.70982
227		-1.63267		45.65296		-48.9183
228		-10.94234		38.83201		-60.71669
229		-2.29451		50.77943		-55.36845
230		-9.79427		47.52592		-67.11446
231		-19.5335		40.80354		-79.87054
232		-11.33783		33.4014		-56.07707
233		-0.86607		36.54358		-38.27572
234		-8.29065		32.0508		-48.63209
235		-17.95074		24.51394		-60.41542
236		27.2232		57.31076		-2.86436
237		24.96651		58.48336		-8.55034
238		35.50428		70.69148		0.31707
239		29.99393		69.08492		-9.09706
240		40.7963		74.19687		7.39573
241		35.56448		72.06408		-0.93512
242		28.21255		66.63318		-10.20809
243		20.47368		60.91645		-19.9691
244		12.32749		54.89883		-30.24385
245		3.75257		48.56451		-41.05937
246		13.17389		48.92014		-22.57236
247		6.48886		44.86886		-31.89114
248		16.06203		19.53542		12.58864
249		9.595		9.595		9.595
250		0.0		0.0		0.0
