step	mediator-max-opt_cum_inst_loss_mean	mediator-max-opt_cum_inst_loss_std_up	mediator-max-opt_cum_inst_loss_std_down
1		69.47339		115.26859		23.67818
2		87.01714		186.00375		-11.96946
3		85.02971		244.88696		-74.82754
4		93.16495		314.99369		-128.66379
5		108.54654		403.50885		-186.41577
6		117.91951		481.49844		-245.65942
7		120.96761		543.68567		-301.75045
8		117.35795		618.01825		-383.30235
9		89.69467		661.25831		-481.86897
10		57.16635		694.1971		-579.86441
11		12.69873		708.0654		-682.66794
12		-54.56384		672.95004		-782.07771
13		-115.13926		656.88008		-887.15861
14		-172.08469		649.26722		-993.4366
15		-221.79997		660.65111		-1104.25105
16		-267.31366		681.37642		-1216.00375
17		-322.04099		671.39446		-1315.47644
18		-386.46689		665.26845		-1438.20223
19		-444.05636		666.04188		-1554.15459
20		-497.85866		680.33984		-1676.05716
21		-544.26539		702.22236		-1790.75315
22		-586.29641		738.64405		-1911.23686
23		-620.3123		783.48218		-2024.10679
24		-649.30033		843.95131		-2142.55196
25		-669.58677		913.82599		-2252.99952
26		-684.12273		1000.52789		-2368.77335
27		-689.19647		1097.78992		-2476.18286
28		-704.76452		1163.31982		-2572.84887
29		-741.6065		1181.90227		-2665.11526
30		-770.16024		1217.88222		-2758.20271
31		-793.39864		1258.26766		-2845.06494
32		-824.67829		1305.39952		-2954.7561
33		-847.37697		1359.589		-3054.34293
34		-898.54304		1364.63014		-3161.71621
35		-935.3566		1387.95986		-3258.67306
36		-974.10772		1413.51892		-3361.73437
37		-1014.89838		1449.70193		-3479.49869
38		-1054.42682		1489.77317		-3598.62682
39		-1082.39934		1547.50663		-3712.30532
40		-1125.48047		1601.29801		-3852.25894
41		-1153.78356		1675.17738		-3982.74451
42		-1183.57629		1753.15492		-4120.30751
43		-1197.89161		1852.48976		-4248.27299
44		-1212.96037		1957.2582		-4383.17894
45		-1228.82221		2035.63061		-4493.27504
46		-1259.15526		2079.21899		-4597.52951
47		-1274.03932		2142.64112		-4690.71977
48		-1289.70676		2209.91203		-4789.32556
49		-1289.15335		2298.29563		-4876.60232
50		-1288.57081		2391.87272		-4969.01433
51		-1270.91215		2507.97627		-5049.80057
52		-1252.32409		2630.7596		-5135.40778
53		-1215.71226		2777.63179		-5209.0563
54		-1177.17349		2932.82612		-5287.1731
55		-1136.60636		3096.32507		-5369.53779
56		-1107.54048		3254.70214		-5469.78311
57		-1076.94483		3390.87997		-5544.76962
58		-1058.37523		3496.41173		-5613.16219
59		-1038.82829		3608.06698		-5685.72357
60		-1031.88893		3712.25962		-5776.03748
61		-1024.58434		3791.62921		-5840.79789
62		-1013.4862		3884.91133		-5911.88373
63		-988.16759		3990.91425		-5967.24943
64		-975.15278		4064.9636		-6015.26916
65		-978.49844		4136.32158		-6093.31846
66		-992.24746		4200.84318		-6185.33811
67		-1010.1292		4238.32239		-6258.58079
68		-1022.13391		4290.09092		-6334.35874
69		-1041.58862		4332.0053		-6415.18254
70		-1051.83999		4391.90614		-6495.58612
71		-1055.81273		4457.8102		-6569.43566
72		-1066.81274		4522.41058		-6656.03606
73		-1068.16442		4596.97168		-6733.30053
74		-1062.76907		4687.1221		-6812.66024
75		-1046.86247		4788.58042		-6882.30537
76		-1040.34596		4860.32622		-6941.01815
77		-1053.94102		4909.6627		-7017.54475
78		-1075.06979		4963.56119		-7113.70078
79		-1104.12879		5007.65578		-7215.91336
80		-1124.48993		5067.26468		-7316.24454
81		-1139.10453		5134.77675		-7412.9858
82		-1178.35195		5150.2438		-7506.9477
83		-1206.02867		5185.02304		-7597.08038
84		-1231.75296		5221.03667		-7684.54259
85		-1262.24026		5254.70884		-7779.18935
86		-1287.51397		5294.07509		-7869.10302
87		-1320.93605		5303.72796		-7945.60006
88		-1345.88992		5327.11725		-8018.89709
89		-1382.38442		5344.96629		-8109.73513
90		-1407.16332		5378.91086		-8193.23751
91		-1429.83729		5417.08703		-8276.7616
92		-1457.11371		5460.06733		-8374.29475
93		-1479.00755		5510.01501		-8468.03011
94		-1508.87188		5552.02591		-8569.76967
95		-1530.08075		5605.56665		-8665.72814
96		-1545.58768		5669.79016		-8760.96553
97		-1551.68351		5746.74906		-8850.11607
98		-1568.32743		5790.25373		-8926.90859
99		-1572.21099		5854.59559		-8999.01757
100		-1572.88986		5921.14222		-9066.92193
101		-1611.10445		5930.94043		-9153.14933
102		-1637.69398		5955.9874		-9231.37535
103		-1662.27386		5985.48177		-9310.02949
104		-1691.55651		5986.23389		-9369.34692
105		-1715.56218		5999.47103		-9430.59538
106		-1747.64948		5996.68289		-9491.98185
107		-1771.19831		6011.059		-9553.45562
108		-1789.16838		6027.75262		-9606.08937
109		-1831.94787		6002.40716		-9666.3029
110		-1880.38801		5972.99918		-9733.77519
111		-1924.55944		5949.95297		-9799.07185
112		-1960.82842		5935.44587		-9857.1027
113		-1992.1881		5928.19395		-9912.57016
114		-2014.97103		5930.33348		-9960.27553
115		-2032.13487		5940.72985		-10004.9996
116		-2039.9748		5961.47631		-10041.42592
117		-2058.45463		5974.34924		-10091.25851
118		-2098.36163		5945.51697		-10142.24024
119		-2130.14173		5930.88116		-10191.16462
120		-2173.82173		5899.85932		-10247.50279
121		-2206.16432		5886.28165		-10298.61029
122		-2236.80006		5870.29442		-10343.89455
123		-2255.41185		5872.61829		-10383.44198
124		-2271.59411		5873.36773		-10416.55594
125		-2292.03715		5881.45967		-10465.53398
126		-2306.73797		5890.61537		-10504.09131
127		-2329.0307		5899.1621		-10557.22349
128		-2342.26945		5912.3259		-10596.8648
129		-2366.43226		5916.76297		-10649.62748
130		-2378.23042		5929.9478		-10686.40865
131		-2387.24045		5952.41197		-10726.89288
132		-2383.08833		5984.59474		-10750.77141
133		-2375.30859		6027.04645		-10777.66364
134		-2387.57393		6039.56708		-10814.71494
135		-2390.25755		6069.51679		-10850.03189
136		-2386.26422		6101.56613		-10874.09457
137		-2371.83345		6152.05564		-10895.72254
138		-2349.82498		6205.7905		-10905.44046
139		-2316.4309		6279.09026		-10911.95205
140		-2274.46105		6356.90909		-10905.83119
141		-2220.05499		6455.54418		-10895.65416
142		-2173.01273		6570.15728		-10916.18273
143		-2126.90364		6683.07287		-10936.88015
144		-2071.54959		6809.45741		-10952.55658
145		-2020.10034		6909.86083		-10950.06151
146		-1972.76142		7009.82228		-10955.34512
147		-1912.70371		7121.5832		-10946.99061
148		-1859.71233		7237.30282		-10956.72748
149		-1790.29557		7368.10186		-10948.69301
150		-1713.81621		7515.046		-10942.67842
151		-1619.67526		7678.79154		-10918.14205
152		-1517.17042		7860.5458		-10894.88665
153		-1412.67969		8045.88527		-10871.24465
154		-1329.96217		8194.58328		-10854.50762
155		-1276.98201		8318.22416		-10872.18817
156		-1228.0316		8441.72679		-10897.78998
157		-1166.27757		8582.33075		-10914.8859
158		-1094.45516		8737.26033		-10926.17065
159		-1025.6708		8891.61213		-10942.95373
160		-943.03894		9065.25371		-10951.33159
161		-866.2853		9239.10893		-10971.67953
162		-788.90109		9392.42503		-10970.22721
163		-717.6713		9549.75914		-10985.10174
164		-629.05621		9724.11981		-10982.23224
165		-549.41354		9872.92059		-10971.74766
166		-499.67005		9970.16182		-10969.50192
167		-454.12666		10044.12867		-10952.382
168		-395.95898		10132.80998		-10924.72795
169		-344.95712		10215.9802		-10905.89444
170		-294.68004		10299.67927		-10889.03936
171		-234.93862		10394.83048		-10864.70772
172		-195.91655		10497.94277		-10889.77586
173		-175.29523		10580.04737		-10930.63783
174		-160.40675		10638.19137		-10959.00488
175		-134.50741		10709.83732		-10978.85213
176		-100.42675		10792.45064		-10993.30414
177		-54.32511		10889.98741		-10998.63763
178		1.02112		10999.84021		-10997.79798
179		52.46213		11081.22044		-10976.29619
180		99.79237		11165.8473		-10966.26256
181		142.7955		11268.81702		-10983.22601
182		181.24377		11342.89208		-10980.40454
183		197.852		11375.63765		-10979.93365
184		194.8798		11416.6099		-11026.8503
185		201.97844		11464.58325		-11060.62638
186		216.26887		11527.32486		-11094.78712
187		241.53871		11598.22906		-11115.15165
188		257.91126		11639.91827		-11124.09575
189		288.78189		11697.72626		-11120.16248
190		307.64093		11746.05078		-11130.76893
191		310.44709		11751.71552		-11130.82134
192		320.21913		11770.25212		-11129.81387
193		323.6873		11778.46803		-11131.09343
194		303.47437		11769.63276		-11162.68402
195		295.83397		11768.46983		-11176.8019
196		291.20052		11776.44035		-11194.0393
197		265.86868		11784.08977		-11252.35242
198		249.43085		11803.12215		-11304.26044
199		238.94606		11829.50947		-11351.61735
200		221.09125		11822.7913		-11380.6088
201		212.52397		11831.11528		-11406.06734
202		210.32397		11841.72985		-11421.0819
203		218.23544		11868.33707		-11431.86619
204		216.336		11881.60928		-11448.93727
205		210.92752		11898.79546		-11476.94043
206		212.05258		11918.82183		-11494.71667
207		206.41872		11909.87133		-11497.03389
208		210.71569		11911.53778		-11490.1064
209		222.05693		11919.859		-11475.74514
210		227.17681		11893.7844		-11439.43079
211		242.79325		11882.02528		-11396.43879
212		249.0041		11879.14238		-11381.13418
213		235.08791		11882.29586		-11412.12004
214		213.62083		11874.46471		-11447.22305
215		184.20608		11865.63406		-11497.22191
216		163.47114		11861.31931		-11534.37703
217		148.46247		11869.13406		-11572.20912
218		142.89233		11882.3929		-11596.60824
219		143.84616		11908.71744		-11621.02512
220		138.03064		11925.83614		-11649.77486
221		108.05174		11897.33691		-11681.23342
222		90.13614		11881.74708		-11701.4748
223		57.64751		11854.2593		-11738.96427
224		23.44897		11849.49179		-11802.59386
225		-9.14313		11843.45508		-11861.74135
226		-46.86327		11839.83562		-11933.56215
227		-79.75989		11838.28472		-11997.8045
228		-104.14209		11852.20431		-12060.48848
229		-140.01042		11875.23492		-12155.25575
230		-164.08735		11913.64114		-12241.81585
231		-203.0115		11941.80547		-12347.82847
232		-243.98429		11941.45899		-12429.42757
233		-300.65233		11903.7799		-12505.08456
234		-360.3029		11833.71378		-12554.31957
235		-419.72611		11769.44933		-12608.90156
236		-468.41822		11709.64176		-12646.47819
237		-516.33709		11656.1361		-12688.81029
238		-552.75681		11607.76108		-12713.27471
239		-604.22337		11520.40286		-12728.84959
240		-658.39868		11451.9187		-12768.71607
241		-712.23541		11378.96568		-12803.43649
242		-754.11577		11321.91188		-12830.14343
243		-795.17072		11261.06747		-12851.40891
244		-822.75302		11217.90527		-12863.41131
245		-862.79565		11176.00793		-12901.59924
246		-883.57842		11153.48802		-12920.64487
247		-905.45502		11130.02137		-12940.93142
248		-928.48302		11106.77728		-12963.74333
249		-951.28302		11083.68216		-12986.24821
250		-951.28302		11083.68216		-12986.24821
