step	mediator-max-opt_runtime_mean	mediator-max-opt_runtime_std_up	mediator-max-opt_runtime_std_down
1		0.00017		0.0002		0.00014
2		0.31913		0.5045		0.13376
3		0.60742		0.96209		0.25275
4		0.81515		1.26698		0.36333
5		0.92303		1.32989		0.51617
6		0.98535		1.31741		0.65329
7		0.99465		1.3265		0.66279
8		1.00416		1.33575		0.67256
9		1.05284		1.34169		0.764
10		1.11276		1.45533		0.7702
11		1.17289		1.58701		0.75878
12		1.22749		1.71519		0.73978
13		1.26056		1.78647		0.73465
14		1.31853		1.81361		0.82344
15		1.36963		1.93827		0.80098
16		1.41963		2.06032		0.77894
17		1.46767		2.18047		0.75487
18		1.5003		2.25625		0.74435
19		1.50943		2.26533		0.75353
20		1.5192		2.27481		0.76358
21		1.52842		2.28377		0.77306
22		1.53799		2.29338		0.7826
23		1.5473		2.30249		0.79211
24		1.55684		2.31187		0.80181
25		1.56632		2.32113		0.81151
26		1.57564		2.3303		0.82099
27		1.58523		2.33942		0.83105
28		1.59576		2.34941		0.84211
29		1.6051		2.35866		0.85154
30		1.61461		2.36792		0.8613
31		1.62435		2.37754		0.87115
32		1.63403		2.38704		0.88103
33		1.64352		2.3964		0.89064
34		1.65326		2.40588		0.90065
35		1.6626		2.41489		0.91031
36		1.67222		2.42447		0.91996
37		1.68191		2.43377		0.93005
38		1.69152		2.4431		0.93994
39		1.70067		2.45204		0.9493
40		1.70998		2.46125		0.95872
41		1.71936		2.47045		0.96828
42		1.72877		2.4796		0.97794
43		1.73825		2.48874		0.98776
44		1.74785		2.49852		0.99718
45		1.75722		2.50778		1.00665
46		1.76639		2.51679		1.016
47		1.77591		2.52621		1.0256
48		1.78529		2.53546		1.03512
49		1.79557		2.5449		1.04624
50		1.80555		2.55413		1.05698
51		1.81631		2.56391		1.06871
52		1.82618		2.57368		1.07868
53		1.83706		2.58346		1.09066
54		1.84679		2.59279		1.10078
55		1.85655		2.60224		1.11086
56		1.86614		2.61159		1.12069
57		1.87545		2.62043		1.13046
58		1.88544		2.63031		1.14057
59		1.89565		2.64011		1.15119
60		1.90543		2.64953		1.16133
61		1.91522		2.65884		1.1716
62		1.92512		2.66811		1.18213
63		1.93494		2.67781		1.19207
64		1.94484		2.68714		1.20254
65		1.95453		2.69678		1.21227
66		1.96404		2.70599		1.2221
67		1.97377		2.71542		1.23213
68		1.98325		2.72455		1.24195
69		1.99295		2.73404		1.25187
70		2.00257		2.74371		1.26143
71		2.01212		2.75272		1.27152
72		2.02219		2.76192		1.28247
73		2.03191		2.77151		1.2923
74		2.04326		2.78143		1.30508
75		2.0531		2.79092		1.31528
76		2.06292		2.80043		1.32541
77		2.07323		2.80992		1.33653
78		2.08325		2.81919		1.34732
79		2.09355		2.8286		1.3585
80		2.10412		2.83842		1.36982
81		2.11427		2.84818		1.38037
82		2.1239		2.85745		1.39034
83		2.13396		2.86695		1.40098
84		2.14393		2.87637		1.41148
85		2.15361		2.88582		1.42141
86		2.16352		2.89506		1.43198
87		2.17321		2.90448		1.44194
88		2.18271		2.91386		1.45156
89		2.19211		2.92308		1.46115
90		2.20162		2.93265		1.47059
91		2.21156		2.9422		1.48093
92		2.22113		2.95155		1.49071
93		2.23135		2.9611		1.50159
94		2.24239		2.97098		1.51379
95		2.25189		2.98041		1.52337
96		2.2627		2.99041		1.53499
97		2.27228		2.99975		1.54481
98		2.28213		3.00945		1.55481
99		2.29143		3.01864		1.56421
100		2.30098		3.02795		1.57401
101		2.31055		3.03737		1.58373
102		2.32003		3.04676		1.5933
103		2.32956		3.05605		1.60307
104		2.33897		3.06516		1.61277
105		2.34865		3.07482		1.62248
106		2.35826		3.08424		1.63227
107		2.36777		3.09338		1.64216
108		2.37746		3.10291		1.65201
109		2.38666		3.11197		1.66134
110		2.3964		3.12158		1.67122
111		2.40594		3.13082		1.68106
112		2.41554		3.14018		1.69089
113		2.42526		3.14965		1.70088
114		2.43581		3.15956		1.71205
115		2.44524		3.16878		1.72169
116		2.45482		3.17814		1.73151
117		2.46443		3.18761		1.74126
118		2.4742		3.19689		1.75151
119		2.4836		3.20626		1.76094
120		2.49333		3.21553		1.77113
121		2.50291		3.22466		1.78116
122		2.51245		3.23365		1.79124
123		2.52227		3.24322		1.80131
124		2.53194		3.25304		1.81084
125		2.54113		3.26219		1.82008
126		2.57494		3.27986		1.87003
127		2.61555		3.30457		1.92653
128		2.65683		3.33498		1.97868
129		2.69805		3.37087		2.02523
130		2.73783		3.41149		2.06416
131		2.77644		3.4557		2.09718
132		2.80324		3.48808		2.11839
133		2.81263		3.49742		2.12784
134		2.82235		3.50716		2.13753
135		2.83191		3.51715		2.14668
136		2.89235		3.60427		2.18043
137		2.95948		3.71728		2.20169
138		3.04873		3.89232		2.20514
139		3.08844		3.96968		2.20719
140		3.1299		4.05389		2.20591
141		3.16015		4.11313		2.20717
142		3.19674		4.18895		2.20453
143		3.24187		4.28689		2.19685
144		3.28267		4.37389		2.19146
145		3.32207		4.46023		2.1839
146		3.36123		4.5478		2.17467
147		3.41723		4.68129		2.15317
148		3.4269		4.69094		2.16286
149		3.46547		4.77863		2.15231
150		3.50324		4.86533		2.14115
151		3.54156		4.95409		2.12903
152		3.58073		5.04436		2.11711
153		3.61858		5.1322		2.10495
154		3.65704		5.22076		2.09332
155		3.69499		5.30896		2.08102
156		3.73264		5.39698		2.0683
157		3.77046		5.4854		2.05551
158		3.80768		5.57397		2.04139
159		3.84603		5.66311		2.02895
160		3.88354		5.75172		2.01536
161		3.92057		5.84077		2.00038
162		3.97152		5.96894		1.97409
163		3.98086		5.97803		1.98369
164		4.0193		6.07055		1.96804
165		4.07437		6.21151		1.93723
166		4.12095		6.32836		1.91355
167		4.15815		6.41805		1.89825
168		4.1972		6.51381		1.88059
169		4.23681		6.61068		1.86294
170		4.27998		6.7174		1.84257
171		4.32608		6.83381		1.81835
172		4.3718		6.94863		1.79497
173		4.4168		7.062		1.77159
174		4.46275		7.17855		1.74694
175		4.50685		7.28879		1.7249
176		4.55267		7.40524		1.7001
177		4.59432		7.5088		1.67985
178		4.61122		7.53975		1.68269
179		4.6535		7.64607		1.66093
180		4.6928		7.74394		1.64166
181		4.73456		7.84902		1.6201
182		4.774		7.94692		1.60108
183		4.81295		8.04359		1.5823
184		4.85114		8.13832		1.56397
185		4.89486		8.24891		1.54081
186		4.9317		8.33981		1.5236
187		4.96104		8.4075		1.51458
188		5.06629		8.70089		1.4317
189		5.07598		8.71074		1.44123
190		5.13384		8.863		1.40467
191		5.14353		8.87235		1.41472
192		5.15348		8.88206		1.4249
193		5.20541		9.01686		1.39397
194		5.25627		9.14931		1.36323
195		5.30641		9.28004		1.33279
196		5.35567		9.40762		1.30373
197		5.42394		9.54331		1.30456
198		5.50169		9.68733		1.31605
199		5.57972		9.83352		1.32592
200		5.6558		9.97475		1.33684
201		5.73355		10.12109		1.346
202		5.85824		10.40712		1.30937
203		5.90088		10.44221		1.35954
204		5.97995		10.59731		1.36259
205		6.06593		10.77318		1.35868
206		6.14801		10.9373		1.35873
207		6.22215		11.07663		1.36768
208		6.32427		11.30173		1.34681
209		6.3973		11.43942		1.35519
210		6.46682		11.56862		1.36502
211		6.58738		11.85033		1.32442
212		6.6233		11.88005		1.36655
213		6.6965		12.01984		1.37317
214		6.76981		12.16164		1.37799
215		6.84777		12.3169		1.37864
216		6.94639		12.53264		1.36015
217		7.01661		12.66664		1.36659
218		7.0912		12.81406		1.36835
219		7.20847		13.08752		1.32942
220		7.24412		13.12082		1.36742
221		7.32423		13.28584		1.36261
222		7.39354		13.41858		1.3685
223		7.46293		13.55183		1.37404
224		7.53581		13.68574		1.38587
225		7.60292		13.81349		1.39236
226		7.67366		13.95023		1.39709
227		7.78843		14.21587		1.361
228		7.82398		14.25064		1.39733
229		7.89747		14.39713		1.39782
230		7.97551		14.55777		1.39326
231		8.01125		14.59379		1.42872
232		8.11678		14.75978		1.47377
233		8.18096		14.80319		1.55873
234		8.30505		14.95823		1.65187
235		8.42905		15.11313		1.74497
236		8.55219		15.26803		1.83635
237		8.67587		15.42164		1.9301
238		8.79733		15.57499		2.01968
239		8.91883		15.72806		2.10959
240		9.03265		15.87872		2.18658
241		9.12299		16.04372		2.20225
242		9.18596		16.09672		2.27521
243		9.27946		16.24283		2.31609
244		9.42283		16.4021		2.44357
245		9.56827		16.56402		2.57252
246		9.73693		16.73837		2.73549
247		9.80294		16.86544		2.74043
248		9.89605		17.00884		2.78326
249		9.98803		17.15112		2.82494
250		10.0792		17.292		2.8664
