step	mediator-max-opt_reward_mean	mediator-max-opt_reward_std_up	mediator-max-opt_reward_std_down
1		0.0		0.0		0.0
2		0.0		0.0		0.0
3		0.0		0.0		0.0
4		6000.0		10898.97949		1101.02051
5		8001.0		15483.24592		518.75408
6		8001.0		15483.24592		518.75408
7		8001.0		15483.24592		518.75408
8		8001.0		15483.24592		518.75408
9		8001.0		15483.24592		518.75408
10		8001.0		15483.24592		518.75408
11		8001.0		15483.24592		518.75408
12		10001.0		16323.9743		3678.0257
13		10001.0		16323.9743		3678.0257
14		10001.0		16323.9743		3678.0257
15		10001.0		16323.9743		3678.0257
16		14001.0		21999.25006		6002.74994
17		18001.0		29661.36037		6340.63963
18		18001.0		29661.36037		6340.63963
19		18001.0		29661.36037		6340.63963
20		18001.0		29661.36037		6340.63963
21		18001.0		29661.36037		6340.63963
22		18001.0		29661.36037		6340.63963
23		20001.0		30953.62544		9048.37456
24		20001.0		30953.62544		9048.37456
25		20001.0		30953.62544		9048.37456
26		20001.0		30953.62544		9048.37456
27		20001.0		30953.62544		9048.37456
28		20001.0		30953.62544		9048.37456
29		20001.0		30953.62544		9048.37456
30		20001.0		30953.62544		9048.37456
31		22001.0		33661.01732		10340.98268
32		22001.0		33661.01732		10340.98268
33		22001.0		33661.01732		10340.98268
34		22001.0		33661.01732		10340.98268
35		22001.0		33661.01732		10340.98268
36		22001.0		33661.01732		10340.98268
37		22001.0		33661.01732		10340.98268
38		24001.0		37563.89069		10438.10931
39		28001.0		45204.02311		10797.97689
40		30001.0		49999.50004		10002.49996
41		32001.0		55151.29166		8850.70834
42		32001.0		55151.29166		8850.70834
43		32001.0		55151.29166		8850.70834
44		32001.0		55151.29166		8850.70834
45		32001.0		55151.29166		8850.70834
46		32001.0		55151.29166		8850.70834
47		32001.0		55151.29166		8850.70834
48		32001.0		55151.29166		8850.70834
49		34001.0		60532.71694		7469.28306
50		34001.0		60532.71694		7469.28306
51		34001.0		60532.71694		7469.28306
52		34001.0		60532.71694		7469.28306
53		36001.0		61767.80042		10234.19958
54		38001.0		63612.01333		12389.98667
55		40001.0		66076.27572		13925.72428
56		40001.0		66076.27572		13925.72428
57		42001.0		65151.29166		18850.70834
58		46001.0		65595.59119		26406.40881
59		46001.0		65595.59119		26406.40881
60		46001.0		65595.59119		26406.40881
61		46001.0		65595.59119		26406.40881
62		48001.0		65204.60439		30797.39561
63		48001.0		65204.60439		30797.39561
64		50001.0		70976.22357		29025.77643
65		50001.0		70976.22357		29025.77643
66		50001.0		70976.22357		29025.77643
67		50001.0		70976.22357		29025.77643
68		50001.0		70976.22357		29025.77643
69		50001.0		70976.22357		29025.77643
70		50001.0		70976.22357		29025.77643
71		52001.0		71391.10067		32610.89933
72		52001.0		71391.10067		32610.89933
73		52001.0		71391.10067		32610.89933
74		52001.0		71391.10067		32610.89933
75		54001.0		72547.48225		35454.51775
76		56001.0		74547.37442		37454.62558
77		62001.0		84271.06969		39730.93031
78		62001.0		84271.06969		39730.93031
79		62001.0		84271.06969		39730.93031
80		62001.0		84271.06969		39730.93031
81		62001.0		84271.06969		39730.93031
82		62001.0		84271.06969		39730.93031
83		64001.0		86449.87534		41552.12466
84		64001.0		86449.87534		41552.12466
85		64001.0		86449.87534		41552.12466
86		66001.0		89323.6929		42678.3071
87		68001.0		92819.21919		43182.78081
88		68001.0		92819.21919		43182.78081
89		68001.0		92819.21919		43182.78081
90		68001.0		92819.21919		43182.78081
91		68001.0		92819.21919		43182.78081
92		68001.0		92819.21919		43182.78081
93		68001.0		92819.21919		43182.78081
94		70001.0		92803.63151		47198.36849
95		70001.0		92803.63151		47198.36849
96		72001.0		95151.72362		48850.27638
97		72001.0		95151.72362		48850.27638
98		72001.0		95151.72362		48850.27638
99		72001.0		95151.72362		48850.27638
100		74001.0		94591.0948		53410.9052
101		74001.0		94591.0948		53410.9052
102		74001.0		94591.0948		53410.9052
103		74001.0		94591.0948		53410.9052
104		74001.0		94591.0948		53410.9052
105		74001.0		94591.0948		53410.9052
106		74001.0		94591.0948		53410.9052
107		74001.0		94591.0948		53410.9052
108		74001.0		94591.0948		53410.9052
109		74001.0		94591.0948		53410.9052
110		74001.0		94591.0948		53410.9052
111		74001.0		94591.0948		53410.9052
112		76001.0		94546.83522		57455.16478
113		78001.0		98395.70529		57606.29471
114		78001.0		98395.70529		57606.29471
115		78001.0		98395.70529		57606.29471
116		78001.0		98395.70529		57606.29471
117		78001.0		98395.70529		57606.29471
118		78001.0		98395.70529		57606.29471
119		78001.0		98395.70529		57606.29471
120		78001.0		98395.70529		57606.29471
121		80001.0		98973.08486		61028.91514
122		82001.0		100329.55706		63672.44294
123		82001.0		100329.55706		63672.44294
124		82001.0		100329.55706		63672.44294
125		82001.0		100329.55706		63672.44294
126		82001.0		100329.55706		63672.44294
127		84001.0		104590.60913		63411.39087
128		86001.0		109323.26413		62678.73587
129		90001.0		117567.64659		62434.35341
130		92001.0		119128.77182		64873.22818
131		92001.0		119128.77182		64873.22818
132		92001.0		119128.77182		64873.22818
133		94001.0		124066.12937		63935.87063
134		94001.0		124066.12937		63935.87063
135		94001.0		124066.12937		63935.87063
136		94001.0		124066.12937		63935.87063
137		98001.0		128593.54818		67408.45182
138		98001.0		128593.54818		67408.45182
139		98001.0		128593.54818		67408.45182
140		98001.0		128593.54818		67408.45182
141		98001.0		128593.54818		67408.45182
142		98001.0		128593.54818		67408.45182
143		98001.0		128593.54818		67408.45182
144		100001.0		133465.90705		66536.09295
145		100001.0		133465.90705		66536.09295
146		100001.0		133465.90705		66536.09295
147		102002.0		135105.95756		68898.04244
148		102002.0		135105.95756		68898.04244
149		102002.0		135105.95756		68898.04244
150		102002.0		135105.95756		68898.04244
151		104002.0		140111.05712		67892.94288
152		108002.0		144551.52812		71452.47188
153		108002.0		144551.52812		71452.47188
154		108002.0		144551.52812		71452.47188
155		108002.0		144551.52812		71452.47188
156		108002.0		144551.52812		71452.47188
157		110002.0		150000.25004		70003.74996
158		112002.0		155543.38268		68460.61732
159		112002.0		155543.38268		68460.61732
160		112002.0		155543.38268		68460.61732
161		112002.0		155543.38268		68460.61732
162		112002.0		155543.38268		68460.61732
163		112002.0		155543.38268		68460.61732
164		112002.0		155543.38268		68460.61732
165		112002.0		155543.38268		68460.61732
166		112002.0		155543.38268		68460.61732
167		112002.0		155543.38268		68460.61732
168		112002.0		155543.38268		68460.61732
169		114002.0		156708.72085		71295.27915
170		114002.0		156708.72085		71295.27915
171		114002.0		156708.72085		71295.27915
172		116002.0		156299.3449		75704.6551
173		118002.0		156158.10051		79845.89949
174		118002.0		156158.10051		79845.89949
175		118002.0		156158.10051		79845.89949
176		118002.0		156158.10051		79845.89949
177		118002.0		156158.10051		79845.89949
178		118002.0		156158.10051		79845.89949
179		118002.0		156158.10051		79845.89949
180		118002.0		156158.10051		79845.89949
181		120002.0		156332.4281		83671.5719
182		122002.0		162200.15924		81803.84076
183		124002.0		168091.49995		79912.50005
184		126002.0		174000.70838		78003.29162
185		126002.0		174000.70838		78003.29162
186		128002.0		175075.21963		80928.78037
187		128002.0		175075.21963		80928.78037
188		130002.0		175607.92073		84396.07927
189		132002.0		176900.90874		87103.09126
190		132002.0		176900.90874		87103.09126
191		134002.0		178543.03733		89460.96267
192		134002.0		178543.03733		89460.96267
193		134002.0		178543.03733		89460.96267
194		134002.0		178543.03733		89460.96267
195		134002.0		178543.03733		89460.96267
196		134002.0		178543.03733		89460.96267
197		134002.0		178543.03733		89460.96267
198		134002.0		178543.03733		89460.96267
199		136002.0		180091.86285		91912.13715
200		138002.0		182001.18188		94002.81812
201		140002.0		184273.20967		95730.79033
202		140002.0		184273.20967		95730.79033
203		140002.0		184273.20967		95730.79033
204		140002.0		184273.20967		95730.79033
205		140002.0		184273.20967		95730.79033
206		140002.0		184273.20967		95730.79033
207		140002.0		184273.20967		95730.79033
208		140002.0		184273.20967		95730.79033
209		140002.0		184273.20967		95730.79033
210		140002.0		184273.20967		95730.79033
211		140002.0		184273.20967		95730.79033
212		140002.0		184273.20967		95730.79033
213		140002.0		184273.20967		95730.79033
214		140002.0		184273.20967		95730.79033
215		140002.0		184273.20967		95730.79033
216		140002.0		184273.20967		95730.79033
217		140002.0		184273.20967		95730.79033
218		140002.0		184273.20967		95730.79033
219		140002.0		184273.20967		95730.79033
220		140002.0		184273.20967		95730.79033
221		140002.0		184273.20967		95730.79033
222		140002.0		184273.20967		95730.79033
223		140002.0		184273.20967		95730.79033
224		140002.0		184273.20967		95730.79033
225		140002.0		184273.20967		95730.79033
226		140002.0		184273.20967		95730.79033
227		140002.0		184273.20967		95730.79033
228		142002.0		186901.35418		97102.64582
229		142002.0		186901.35418		97102.64582
230		144002.0		188543.48635		99460.51365
231		146003.0		190543.36378		101462.63622
232		146003.0		190543.36378		101462.63622
233		148003.0		193344.50423		102661.49577
234		150003.0		196477.29403		103528.70597
235		150003.0		196477.29403		103528.70597
236		150003.0		196477.29403		103528.70597
237		150003.0		196477.29403		103528.70597
238		152003.0		196453.73684		107552.26316
239		154003.0		196709.86135		111296.13865
240		156003.0		197281.12988		114724.87012
241		156003.0		197281.12988		114724.87012
242		158003.0		196679.76313		119326.23687
243		158003.0		196679.76313		119326.23687
244		158003.0		196679.76313		119326.23687
245		158003.0		196679.76313		119326.23687
246		158003.0		196679.76313		119326.23687
247		158003.0		196679.76313		119326.23687
248		158003.0		196679.76313		119326.23687
249		158003.0		196679.76313		119326.23687
250		158003.0		196679.76313		119326.23687
