episode	mediator-max-opt_reward_mean	mediator-max-opt_reward_std_up	mediator-max-opt_reward_std_down
1		0.0		0.0		0.0
2		0.0		0.0		0.0
3		0.0		0.0		0.0
4		0.0		0.0		0.0
5		0.0		0.0		0.0
6		0.0		0.0		0.0
7		0.0		0.0		0.0
8		2000.0		6000.0		-2000.0
9		4000.0		8898.97949		-898.97949
10		6000.0		14000.0		-2000.0
11		6000.0		14000.0		-2000.0
12		6000.0		14000.0		-2000.0
13		8000.0		17797.95897		-1797.95897
14		12000.0		23661.90379		338.09621
15		12000.0		23661.90379		338.09621
16		14000.0		27564.65997		435.34003
17		14000.0		27564.65997		435.34003
18		14000.0		27564.65997		435.34003
19		14000.0		27564.65997		435.34003
20		14000.0		27564.65997		435.34003
21		14000.0		27564.65997		435.34003
22		14000.0		27564.65997		435.34003
23		14000.0		27564.65997		435.34003
24		14000.0		27564.65997		435.34003
25		14000.0		27564.65997		435.34003
26		16000.0		28000.0		4000.0
27		16000.0		28000.0		4000.0
28		16000.0		28000.0		4000.0
29		16000.0		28000.0		4000.0
30		16000.0		28000.0		4000.0
31		16000.0		28000.0		4000.0
32		16000.0		28000.0		4000.0
33		16000.0		28000.0		4000.0
34		18000.0		29661.90379		6338.09621
35		22000.0		33661.90379		10338.09621
36		24000.0		34198.03903		13801.96097
37		26000.0		36198.03903		15801.96097
38		30000.0		44142.13562		15857.86438
39		32000.0		48000.0		16000.0
40		32000.0		48000.0		16000.0
41		32000.0		48000.0		16000.0
42		32000.0		48000.0		16000.0
43		38000.0		52696.93846		23303.06154
44		38000.0		52696.93846		23303.06154
45		38000.0		52696.93846		23303.06154
46		38000.0		52696.93846		23303.06154
47		40000.0		56733.20053		23266.79947
48		40000.0		56733.20053		23266.79947
49		42000.0		58000.0		26000.0
50		44000.0		62547.23699		25452.76301
51		44000.0		62547.23699		25452.76301
52		44000.0		62547.23699		25452.76301
53		44000.0		62547.23699		25452.76301
54		44000.0		62547.23699		25452.76301
55		44000.0		62547.23699		25452.76301
56		44000.0		62547.23699		25452.76301
57		44000.0		62547.23699		25452.76301
58		44000.0		62547.23699		25452.76301
59		46000.0		66591.26028		25408.73972
60		48000.0		71151.67381		24848.32619
61		48000.0		71151.67381		24848.32619
62		48000.0		71151.67381		24848.32619
63		48000.0		71151.67381		24848.32619
64		48000.0		71151.67381		24848.32619
65		48000.0		71151.67381		24848.32619
66		48000.0		71151.67381		24848.32619
67		48000.0		71151.67381		24848.32619
68		48000.0		71151.67381		24848.32619
69		50000.0		76076.80962		23923.19038
70		52000.0		81257.47768		22742.52232
71		52000.0		81257.47768		22742.52232
72		54000.0		82705.40019		25294.59981
73		56000.0		88000.0		24000.0
74		56000.0		88000.0		24000.0
75		56000.0		88000.0		24000.0
76		56000.0		88000.0		24000.0
77		56000.0		88000.0		24000.0
78		56000.0		88000.0		24000.0
79		56000.0		88000.0		24000.0
80		56000.0		88000.0		24000.0
81		58000.0		87933.25909		28066.74091
82		58000.0		87933.25909		28066.74091
83		58000.0		87933.25909		28066.74091
84		58000.0		87933.25909		28066.74091
85		58000.0		87933.25909		28066.74091
86		58000.0		87933.25909		28066.74091
87		58000.0		87933.25909		28066.74091
88		58000.0		87933.25909		28066.74091
89		58000.0		87933.25909		28066.74091
90		58000.0		87933.25909		28066.74091
91		58000.0		87933.25909		28066.74091
92		60000.0		93466.40106		26533.59894
93		60000.0		93466.40106		26533.59894
94		60000.0		93466.40106		26533.59894
95		60000.0		93466.40106		26533.59894
96		60000.0		93466.40106		26533.59894
97		60000.0		93466.40106		26533.59894
98		60000.0		93466.40106		26533.59894
99		60000.0		93466.40106		26533.59894
100		60000.0		93466.40106		26533.59894
101		60000.0		93466.40106		26533.59894
102		60000.0		93466.40106		26533.59894
103		60000.0		93466.40106		26533.59894
104		60000.0		93466.40106		26533.59894
105		60000.0		93466.40106		26533.59894
106		62000.0		99094.47398		24905.52602
107		62000.0		99094.47398		24905.52602
108		62000.0		99094.47398		24905.52602
109		62000.0		99094.47398		24905.52602
110		62000.0		99094.47398		24905.52602
111		62000.0		99094.47398		24905.52602
112		62000.0		99094.47398		24905.52602
113		62000.0		99094.47398		24905.52602
114		62000.0		99094.47398		24905.52602
115		62000.0		99094.47398		24905.52602
116		62000.0		99094.47398		24905.52602
117		62000.0		99094.47398		24905.52602
118		62000.0		99094.47398		24905.52602
119		62000.0		99094.47398		24905.52602
120		62000.0		99094.47398		24905.52602
121		64000.0		100660.60556		27339.39444
122		66000.0		102660.60556		29339.39444
123		66000.0		102660.60556		29339.39444
124		70000.0		105213.63372		34786.36628
125		70000.0		105213.63372		34786.36628
126		72000.0		110678.15921		33321.84079
127		74000.0		112781.43886		35218.56114
128		74000.0		112781.43886		35218.56114
129		74000.0		112781.43886		35218.56114
130		74000.0		112781.43886		35218.56114
131		74000.0		112781.43886		35218.56114
132		74000.0		112781.43886		35218.56114
133		74000.0		112781.43886		35218.56114
134		74000.0		112781.43886		35218.56114
135		74000.0		112781.43886		35218.56114
136		74000.0		112781.43886		35218.56114
137		74000.0		112781.43886		35218.56114
138		74000.0		112781.43886		35218.56114
139		74000.0		112781.43886		35218.56114
140		74000.0		112781.43886		35218.56114
141		74000.0		112781.43886		35218.56114
142		74000.0		112781.43886		35218.56114
143		74000.0		112781.43886		35218.56114
144		74000.0		112781.43886		35218.56114
145		74000.0		112781.43886		35218.56114
146		74000.0		112781.43886		35218.56114
147		74000.0		112781.43886		35218.56114
148		74000.0		112781.43886		35218.56114
149		74000.0		112781.43886		35218.56114
150		74000.0		112781.43886		35218.56114
151		74000.0		112781.43886		35218.56114
152		76000.0		113202.15048		38797.84952
153		80000.0		117947.33192		42052.66808
154		80000.0		117947.33192		42052.66808
155		80000.0		117947.33192		42052.66808
156		80000.0		117947.33192		42052.66808
157		80000.0		117947.33192		42052.66808
158		80000.0		117947.33192		42052.66808
159		82000.0		120678.15921		43321.84079
160		82000.0		120678.15921		43321.84079
161		82000.0		120678.15921		43321.84079
162		84000.0		121202.15048		46797.84952
163		86000.0		120409.30107		51590.69893
164		90000.0		122863.35345		57136.64655
165		92000.0		122594.11708		61405.88292
166		92000.0		122594.11708		61405.88292
167		94000.0		124724.58299		63275.41701
168		94000.0		124724.58299		63275.41701
169		94000.0		124724.58299		63275.41701
170		94000.0		124724.58299		63275.41701
171		94000.0		124724.58299		63275.41701
172		96000.0		127368.77428		64631.22572
173		100000.0		130331.50178		69668.49822
174		104000.0		134066.59276		73933.40724
175		106000.0		138000.0		74000.0
176		106000.0		138000.0		74000.0
177		108000.0		137257.47768		78742.52232
178		108000.0		137257.47768		78742.52232
179		108000.0		137257.47768		78742.52232
180		108000.0		137257.47768		78742.52232
181		110000.0		141622.7766		78377.2234
182		110000.0		141622.7766		78377.2234
183		110000.0		141622.7766		78377.2234
184		110000.0		141622.7766		78377.2234
185		110000.0		141622.7766		78377.2234
186		110000.0		141622.7766		78377.2234
187		110000.0		141622.7766		78377.2234
188		110000.0		141622.7766		78377.2234
189		110000.0		141622.7766		78377.2234
190		112000.0		141933.25909		82066.74091
191		112000.0		141933.25909		82066.74091
192		116000.0		148000.0		84000.0
193		116000.0		148000.0		84000.0
194		116000.0		148000.0		84000.0
195		116000.0		148000.0		84000.0
196		116000.0		148000.0		84000.0
197		116000.0		148000.0		84000.0
198		118000.0		152292.8564		83707.1436
199		120000.0		156878.17783		83121.82217
200		122000.0		161698.86648		82301.13352
201		122000.0		161698.86648		82301.13352
202		122000.0		161698.86648		82301.13352
203		122000.0		161698.86648		82301.13352
204		124000.0		166708.31301		81291.68699
205		124000.0		166708.31301		81291.68699
206		124000.0		166708.31301		81291.68699
207		124000.0		166708.31301		81291.68699
208		124000.0		166708.31301		81291.68699
209		124000.0		166708.31301		81291.68699
210		126000.0		170090.81537		81909.18463
211		128000.0		173782.09257		82217.90743
212		128000.0		173782.09257		82217.90743
213		128000.0		173782.09257		82217.90743
214		130000.0		177749.34555		82250.65445
215		130000.0		177749.34555		82250.65445
216		130000.0		177749.34555		82250.65445
217		130000.0		177749.34555		82250.65445
218		130000.0		177749.34555		82250.65445
219		130000.0		177749.34555		82250.65445
220		130000.0		177749.34555		82250.65445
221		130000.0		177749.34555		82250.65445
222		132000.0		178216.88003		85783.11997
223		132000.0		178216.88003		85783.11997
224		132000.0		178216.88003		85783.11997
225		132000.0		178216.88003		85783.11997
226		134000.0		177634.84846		90365.15154
227		136000.0		177279.53488		94720.46512
228		138000.0		177191.83588		98808.16412
229		140000.0		177416.57387		102583.42613
230		140000.0		177416.57387		102583.42613
231		142000.0		182199.50248		101800.49752
232		142000.0		182199.50248		101800.49752
233		144000.0		183293.76541		104706.23459
234		146000.0		184781.43886		107218.56114
235		146000.0		184781.43886		107218.56114
236		146000.0		184781.43886		107218.56114
237		146000.0		184781.43886		107218.56114
238		146000.0		184781.43886		107218.56114
239		148000.0		186678.15921		109321.84079
240		150000.0		186878.17783		113121.82217
241		152000.0		187440.09029		116559.90971
242		152000.0		187440.09029		116559.90971
243		152000.0		187440.09029		116559.90971
244		152000.0		187440.09029		116559.90971
245		156000.0		190409.30107		121590.69893
246		160000.0		194058.77273		125941.22727
247		160000.0		194058.77273		125941.22727
248		160000.0		194058.77273		125941.22727
249		162000.0		197440.09029		126559.90971
250		162000.0		197440.09029		126559.90971
251		162000.0		197440.09029		126559.90971
252		162000.0		197440.09029		126559.90971
253		162000.0		197440.09029		126559.90971
254		162000.0		197440.09029		126559.90971
255		162000.0		197440.09029		126559.90971
256		162000.0		197440.09029		126559.90971
257		162000.0		197440.09029		126559.90971
258		164000.0		201735.92453		126264.07547
259		164000.0		201735.92453		126264.07547
260		164000.0		201735.92453		126264.07547
261		166000.0		206298.88336		125701.11664
262		166000.0		206298.88336		125701.11664
263		166000.0		206298.88336		125701.11664
264		166000.0		206298.88336		125701.11664
265		168000.0		205094.47398		130905.52602
266		170000.0		206331.80425		133668.19575
267		172000.0		208000.0		136000.0
268		174000.0		210110.94017		137889.05983
269		176000.0		212660.60556		139339.39444
270		178000.0		215629.77544		140370.22456
271		180000.0		214058.77273		145941.22727
272		180000.0		214058.77273		145941.22727
273		180000.0		214058.77273		145941.22727
274		180000.0		214058.77273		145941.22727
275		180000.0		214058.77273		145941.22727
276		180000.0		214058.77273		145941.22727
277		182000.0		212594.11708		151405.88292
278		182000.0		212594.11708		151405.88292
279		182000.0		212594.11708		151405.88292
280		182000.0		212594.11708		151405.88292
281		182000.0		212594.11708		151405.88292
282		184000.0		216000.0		152000.0
283		184000.0		216000.0		152000.0
284		186000.0		220409.30107		151590.69893
285		186000.0		220409.30107		151590.69893
286		186000.0		220409.30107		151590.69893
287		188000.0		225094.47398		150905.52602
288		188000.0		225094.47398		150905.52602
289		190000.0		228470.76812		151529.23188
290		192000.0		232199.50248		151800.49752
291		192000.0		232199.50248		151800.49752
292		194000.0		234298.88336		153701.11664
293		196000.0		236792.15611		155207.84389
294		198000.0		239665.33331		156334.66669
295		198000.0		239665.33331		156334.66669
296		198000.0		239665.33331		156334.66669
297		198000.0		239665.33331		156334.66669
298		198000.0		239665.33331		156334.66669
299		198000.0		239665.33331		156334.66669
300		198000.0		239665.33331		156334.66669
301		198000.0		239665.33331		156334.66669
302		200000.0		243358.96678		156641.03322
303		200000.0		243358.96678		156641.03322
304		200000.0		243358.96678		156641.03322
305		200000.0		243358.96678		156641.03322
306		200000.0		243358.96678		156641.03322
307		200000.0		243358.96678		156641.03322
308		200000.0		243358.96678		156641.03322
309		200000.0		243358.96678		156641.03322
310		200000.0		243358.96678		156641.03322
311		200000.0		243358.96678		156641.03322
312		200000.0		243358.96678		156641.03322
313		202000.0		242199.50248		161800.49752
314		202000.0		242199.50248		161800.49752
315		202000.0		242199.50248		161800.49752
316		204000.0		241202.15048		166797.84952
317		208000.0		243440.09029		172559.90971
318		210000.0		242863.35345		177136.64655
319		210000.0		242863.35345		177136.64655
320		210000.0		242863.35345		177136.64655
321		212000.0		246871.19155		177128.80845
322		212000.0		246871.19155		177128.80845
323		214000.0		246619.01286		181380.98714
324		214000.0		246619.01286		181380.98714
325		214000.0		246619.01286		181380.98714
326		214000.0		246619.01286		181380.98714
327		218000.0		254551.33376		181448.66624
328		220000.0		258987.17738		181012.82262
329		222000.0		263665.33331		180334.66669
330		224000.0		268542.1149		179457.8851
331		228000.0		276744.23043		179255.76957
332		228000.0		276744.23043		179255.76957
333		228000.0		276744.23043		179255.76957
334		228000.0		276744.23043		179255.76957
335		228000.0		276744.23043		179255.76957
336		228000.0		276744.23043		179255.76957
337		228000.0		276744.23043		179255.76957
338		228000.0		276744.23043		179255.76957
339		230000.0		281768.71642		178231.28358
340		232000.0		286918.12087		177081.87913
341		234000.0		292172.15829		175827.84171
342		234000.0		292172.15829		175827.84171
343		234000.0		292172.15829		175827.84171
344		234000.0		292172.15829		175827.84171
345		234000.0		292172.15829		175827.84171
346		234000.0		292172.15829		175827.84171
347		234000.0		292172.15829		175827.84171
348		234000.0		292172.15829		175827.84171
349		236000.0		292071.38308		179928.61692
350		238000.0		292184.86874		183815.13126
351		238000.0		292184.86874		183815.13126
352		240000.0		292153.61924		187846.38076
353		240000.0		292153.61924		187846.38076
354		240000.0		292153.61924		187846.38076
355		240000.0		292153.61924		187846.38076
356		242000.0		293923.01994		190076.98006
357		244000.0		296000.0		192000.0
358		244000.0		296000.0		192000.0
359		244000.0		296000.0		192000.0
360		244000.0		296000.0		192000.0
361		244000.0		296000.0		192000.0
362		244000.0		296000.0		192000.0
363		246000.0		298383.20341		193616.79659
364		246000.0		298383.20341		193616.79659
365		248000.0		303641.71097		192358.28903
366		248000.0		303641.71097		192358.28903
367		250000.0		303665.63146		196334.36854
368		250000.0		303665.63146		196334.36854
369		250000.0		303665.63146		196334.36854
370		250000.0		303665.63146		196334.36854
371		250000.0		303665.63146		196334.36854
372		252000.0		306184.86874		197815.13126
373		254000.0		311480.43145		196519.56855
374		254000.0		311480.43145		196519.56855
375		254000.0		311480.43145		196519.56855
376		254000.0		311480.43145		196519.56855
377		254000.0		311480.43145		196519.56855
378		254000.0		311480.43145		196519.56855
379		254000.0		311480.43145		196519.56855
380		254000.0		311480.43145		196519.56855
381		254000.0		311480.43145		196519.56855
382		254000.0		311480.43145		196519.56855
383		256000.0		313827.32918		198172.67082
384		256000.0		313827.32918		198172.67082
385		256000.0		313827.32918		198172.67082
386		258000.0		319122.82716		196877.17284
387		258000.0		319122.82716		196877.17284
388		258000.0		319122.82716		196877.17284
389		260000.0		324498.06199		195501.93801
390		260000.0		324498.06199		195501.93801
391		260000.0		324498.06199		195501.93801
392		260000.0		324498.06199		195501.93801
393		260000.0		324498.06199		195501.93801
394		260000.0		324498.06199		195501.93801
395		260000.0		324498.06199		195501.93801
396		262000.0		326930.73232		197069.26768
397		262000.0		326930.73232		197069.26768
398		264000.0		326801.27387		201198.72613
399		266000.0		326860.49622		205139.50378
400		266000.0		326860.49622		205139.50378
401		268000.0		329449.16598		206550.83402
402		268000.0		329449.16598		206550.83402
403		268000.0		329449.16598		206550.83402
404		270000.0		332289.64601		207710.35399
405		270000.0		332289.64601		207710.35399
406		270000.0		332289.64601		207710.35399
407		270000.0		332289.64601		207710.35399
408		270000.0		332289.64601		207710.35399
409		270000.0		332289.64601		207710.35399
410		270000.0		332289.64601		207710.35399
411		272000.0		332133.18551		211866.81449
412		272000.0		332133.18551		211866.81449
413		272000.0		332133.18551		211866.81449
414		272000.0		332133.18551		211866.81449
415		272000.0		332133.18551		211866.81449
416		272000.0		332133.18551		211866.81449
417		274000.0		337435.00611		210564.99389
418		278000.0		345646.1381		210353.8619
419		280000.0		350992.9574		209007.0426
420		282000.0		356404.30095		207595.69905
421		282000.0		356404.30095		207595.69905
422		282000.0		356404.30095		207595.69905
423		282000.0		356404.30095		207595.69905
424		284000.0		361871.68934		206128.31066
425		284000.0		361871.68934		206128.31066
426		284000.0		361871.68934		206128.31066
427		284000.0		361871.68934		206128.31066
428		284000.0		361871.68934		206128.31066
429		284000.0		361871.68934		206128.31066
430		284000.0		361871.68934		206128.31066
431		284000.0		361871.68934		206128.31066
432		284000.0		361871.68934		206128.31066
433		284000.0		361871.68934		206128.31066
434		284000.0		361871.68934		206128.31066
435		284000.0		361871.68934		206128.31066
436		284000.0		361871.68934		206128.31066
437		288000.0		367598.99497		208401.00503
438		290000.0		373186.53737		206813.46263
439		290000.0		373186.53737		206813.46263
440		290000.0		373186.53737		206813.46263
441		290000.0		373186.53737		206813.46263
442		292000.0		375761.56637		208238.43363
443		292000.0		375761.56637		208238.43363
444		294000.0		375877.95796		212122.04204
445		294000.0		375877.95796		212122.04204
446		294000.0		375877.95796		212122.04204
447		294000.0		375877.95796		212122.04204
448		294000.0		375877.95796		212122.04204
449		294000.0		375877.95796		212122.04204
450		294000.0		375877.95796		212122.04204
451		294000.0		375877.95796		212122.04204
452		296000.0		377387.9598		214612.0402
453		298000.0		379092.53973		216907.46027
454		298000.0		379092.53973		216907.46027
455		298000.0		379092.53973		216907.46027
456		300000.0		384616.78321		215383.21679
457		300000.0		384616.78321		215383.21679
458		300000.0		384616.78321		215383.21679
459		300000.0		384616.78321		215383.21679
460		300000.0		384616.78321		215383.21679
461		302000.0		387182.15776		216817.84224
462		304000.0		389930.20424		218069.79576
463		306000.0		390047.60556		221952.39444
464		308000.0		395498.57142		220501.42858
465		308000.0		395498.57142		220501.42858
466		308000.0		395498.57142		220501.42858
467		310000.0		400994.50533		219005.49467
468		312000.0		406530.41838		217469.58162
469		312000.0		406530.41838		217469.58162
470		312000.0		406530.41838		217469.58162
471		316000.0		412457.24441		219542.75559
472		318000.0		412530.41838		223469.58162
473		318000.0		412530.41838		223469.58162
474		320000.0		412951.60031		227048.39969
475		322000.0		413520.48951		230479.51049
476		324000.0		414906.54542		233093.45458
477		324000.0		414906.54542		233093.45458
478		324000.0		414906.54542		233093.45458
479		324000.0		414906.54542		233093.45458
480		324000.0		414906.54542		233093.45458
481		324000.0		414906.54542		233093.45458
482		324000.0		414906.54542		233093.45458
483		324000.0		414906.54542		233093.45458
484		326000.0		417345.49797		234654.50203
485		326000.0		417345.49797		234654.50203
486		326000.0		417345.49797		234654.50203
487		326000.0		417345.49797		234654.50203
488		326000.0		417345.49797		234654.50203
489		326000.0		417345.49797		234654.50203
490		328000.0		422952.61976		233047.38024
491		328000.0		422952.61976		233047.38024
492		328000.0		422952.61976		233047.38024
493		328000.0		422952.61976		233047.38024
494		328000.0		422952.61976		233047.38024
495		328000.0		422952.61976		233047.38024
496		328000.0		422952.61976		233047.38024
497		328000.0		422952.61976		233047.38024
498		328000.0		422952.61976		233047.38024
499		330000.0		425498.69109		234501.30891
500		330000.0		425498.69109		234501.30891
