episode	mediator-max-opt_runtime_mean	mediator-max-opt_runtime_std_up	mediator-max-opt_runtime_std_down
1		0.00016		0.00018		0.00014
2		0.00668		0.00696		0.00639
3		0.01316		0.0135		0.01282
4		0.01948		0.01988		0.01909
5		0.02593		0.02629		0.02558
6		0.03219		0.03296		0.03142
7		0.03877		0.03979		0.03774
8		0.04499		0.04622		0.04375
9		0.05142		0.05276		0.05009
10		0.05846		0.06007		0.05684
11		0.06525		0.06735		0.06315
12		0.07276		0.07599		0.06953
13		0.07989		0.08349		0.07629
14		0.08638		0.0902		0.08255
15		0.09288		0.09642		0.08935
16		0.0994		0.10315		0.09566
17		0.10566		0.10969		0.10164
18		0.11249		0.11699		0.10798
19		0.11907		0.12399		0.11414
20		0.12583		0.13102		0.12065
21		0.13251		0.13763		0.1274
22		0.13885		0.144		0.1337
23		0.14572		0.15085		0.14058
24		0.15207		0.15723		0.14691
25		0.15845		0.16371		0.15319
26		0.16481		0.17016		0.15947
27		0.17106		0.1766		0.16552
28		0.1776		0.18375		0.17145
29		0.18435		0.19088		0.17781
30		0.19108		0.19816		0.18401
31		0.19844		0.20547		0.19141
32		0.20593		0.21405		0.19782
33		0.21394		0.22335		0.20453
34		0.22107		0.23085		0.2113
35		0.2282		0.23907		0.21733
36		0.23568		0.24786		0.22349
37		0.24254		0.25561		0.22946
38		0.2491		0.26286		0.23535
39		0.25653		0.27083		0.24223
40		0.26329		0.27772		0.24886
41		0.2703		0.28443		0.25616
42		0.27701		0.29146		0.26255
43		0.28355		0.29842		0.26869
44		0.29053		0.30479		0.27627
45		0.29717		0.31175		0.28258
46		0.30383		0.3186		0.28906
47		0.3102		0.32503		0.29538
48		0.31651		0.33139		0.30162
49		0.32302		0.33784		0.3082
50		0.32968		0.34502		0.31434
51		0.33662		0.35173		0.3215
52		0.34314		0.35829		0.32799
53		0.34957		0.36482		0.33432
54		0.35689		0.37236		0.34142
55		0.36366		0.37987		0.34744
56		0.36988		0.386		0.35376
57		0.37627		0.39238		0.36016
58		0.38243		0.39851		0.36635
59		0.38903		0.40546		0.3726
60		0.39542		0.41184		0.37899
61		0.40204		0.41911		0.38496
62		0.40903		0.42609		0.39197
63		0.41604		0.43373		0.39835
64		0.42279		0.44103		0.40455
65		0.42998		0.44965		0.4103
66		0.43645		0.45612		0.41678
67		0.44331		0.46335		0.42328
68		0.44993		0.47074		0.42913
69		0.4577		0.48013		0.43526
70		0.46465		0.48796		0.44133
71		0.47189		0.49697		0.44681
72		0.48112		0.50938		0.45285
73		0.48831		0.51845		0.45817
74		0.4954		0.5261		0.46469
75		0.50262		0.53431		0.47094
76		0.51061		0.54553		0.4757
77		0.51937		0.55788		0.48086
78		0.52686		0.56698		0.48673
79		0.53454		0.57671		0.49238
80		0.54165		0.58509		0.49821
81		0.54862		0.59245		0.5048
82		0.5562		0.59983		0.51257
83		0.56367		0.60799		0.51936
84		0.57085		0.61575		0.52596
85		0.57853		0.62539		0.53167
86		0.58587		0.6337		0.53804
87		0.59242		0.6403		0.54455
88		0.5992		0.64744		0.55096
89		0.60585		0.65441		0.55729
90		0.61245		0.66108		0.56383
91		0.6193		0.66839		0.57021
92		0.62672		0.67586		0.57759
93		0.63431		0.68347		0.58514
94		0.64105		0.69053		0.59157
95		0.64825		0.69826		0.59824
96		0.65527		0.70525		0.60529
97		0.66264		0.71287		0.6124
98		0.66949		0.7199		0.61907
99		0.67691		0.72716		0.62666
100		0.68507		0.73769		0.63244
101		0.69453		0.75136		0.6377
102		0.70305		0.76375		0.64235
103		0.71139		0.77425		0.64853
104		0.71816		0.78167		0.65465
105		0.7257		0.79031		0.6611
106		0.73359		0.79878		0.66841
107		0.74061		0.807		0.67421
108		0.74821		0.8148		0.68162
109		0.75576		0.82434		0.68718
110		0.76351		0.83267		0.69435
111		0.77038		0.83988		0.70089
112		0.77767		0.84794		0.7074
113		0.7855		0.85725		0.71376
114		0.79308		0.86676		0.71941
115		0.80034		0.87427		0.72641
116		0.80699		0.88136		0.73263
117		0.81451		0.88953		0.73949
118		0.82126		0.89635		0.74618
119		0.82822		0.9032		0.75325
120		0.83535		0.91042		0.76028
121		0.84304		0.91821		0.76787
122		0.85042		0.9254		0.77544
123		0.85746		0.93239		0.78252
124		0.86457		0.9392		0.78995
125		0.87101		0.94556		0.79646
126		0.87811		0.9525		0.80372
127		0.88615		0.96065		0.81164
128		0.8934		0.96766		0.81913
129		0.90038		0.97459		0.82616
130		0.90787		0.98416		0.83159
131		0.91478		0.99094		0.83863
132		0.92235		0.99815		0.84656
133		0.92903		1.00471		0.85335
134		0.93615		1.01158		0.86071
135		0.943		1.01883		0.86716
136		0.95038		1.02602		0.87473
137		0.9571		1.03265		0.88156
138		0.96408		1.03937		0.88878
139		0.97086		1.04622		0.8955
140		0.97763		1.05298		0.90227
141		0.98476		1.06002		0.90949
142		0.9912		1.06654		0.91587
143		0.99878		1.07508		0.92247
144		1.00544		1.08238		0.9285
145		1.01288		1.09004		0.93572
146		1.02052		1.0975		0.94353
147		1.02762		1.10493		0.95032
148		1.03503		1.11315		0.95691
149		1.04173		1.12006		0.9634
150		1.04924		1.12866		0.96982
151		1.05643		1.13679		0.97607
152		1.06338		1.14366		0.9831
153		1.06998		1.15016		0.98981
154		1.07702		1.15734		0.9967
155		1.08376		1.16428		1.00324
156		1.09189		1.17454		1.00924
157		1.09907		1.1817		1.01644
158		1.10585		1.18888		1.02282
159		1.11296		1.19577		1.03015
160		1.11966		1.20219		1.03714
161		1.1265		1.20922		1.04378
162		1.13337		1.21652		1.05022
163		1.14081		1.22371		1.05792
164		1.14794		1.23118		1.06469
165		1.15492		1.23835		1.07148
166		1.16248		1.24608		1.07887
167		1.16972		1.25371		1.08573
168		1.17737		1.26093		1.09382
169		1.18484		1.269		1.10068
170		1.19176		1.27596		1.10756
171		1.19851		1.28315		1.11387
172		1.20547		1.29023		1.1207
173		1.21238		1.29757		1.1272
174		1.21954		1.30476		1.13432
175		1.2266		1.31227		1.14094
176		1.23428		1.32011		1.14844
177		1.24134		1.32748		1.1552
178		1.24853		1.33463		1.16243
179		1.25542		1.34131		1.16953
180		1.26221		1.34866		1.17575
181		1.26893		1.35535		1.18252
182		1.27554		1.36216		1.18892
183		1.28235		1.36928		1.19543
184		1.28939		1.37717		1.20161
185		1.29626		1.38431		1.20822
186		1.30402		1.39223		1.21581
187		1.31129		1.39955		1.22303
188		1.31819		1.40638		1.22999
189		1.32545		1.41384		1.23707
190		1.3323		1.42058		1.24402
191		1.33897		1.428		1.24993
192		1.34596		1.43513		1.25678
193		1.35309		1.44307		1.2631
194		1.36008		1.45008		1.27007
195		1.36715		1.45772		1.27657
196		1.37428		1.46491		1.28366
197		1.38131		1.47184		1.29078
198		1.38874		1.47933		1.29815
199		1.39519		1.48573		1.30466
200		1.40216		1.49306		1.31126
201		1.40894		1.4998		1.31808
202		1.41616		1.50727		1.32505
203		1.42307		1.5146		1.33153
204		1.43044		1.52233		1.33854
205		1.43739		1.52959		1.34518
206		1.44508		1.5367		1.35347
207		1.45231		1.54373		1.3609
208		1.45902		1.55034		1.36769
209		1.46608		1.55701		1.37515
210		1.47272		1.5635		1.38193
211		1.47999		1.57099		1.38899
212		1.48784		1.58083		1.39485
213		1.49464		1.5878		1.40147
214		1.50216		1.59563		1.40868
215		1.50933		1.60288		1.41578
216		1.51645		1.60972		1.42318
217		1.52316		1.61672		1.4296
218		1.53018		1.62337		1.437
219		1.5371		1.63058		1.44362
220		1.54499		1.64022		1.44976
221		1.55241		1.64951		1.45531
222		1.55907		1.65621		1.46192
223		1.56658		1.66364		1.46951
224		1.57356		1.67039		1.47673
225		1.5805		1.67713		1.48388
226		1.58702		1.68358		1.49047
227		1.59397		1.6902		1.49774
228		1.60048		1.69679		1.50416
229		1.60805		1.7043		1.51181
230		1.61493		1.71116		1.51871
231		1.62134		1.71792		1.52476
232		1.62816		1.72459		1.53172
233		1.63497		1.73124		1.53869
234		1.6416		1.73778		1.54542
235		1.64835		1.74478		1.55192
236		1.65482		1.75127		1.55836
237		1.66132		1.75751		1.56513
238		1.66781		1.76398		1.57164
239		1.67454		1.77142		1.57765
240		1.68108		1.77813		1.58404
241		1.68758		1.78477		1.5904
242		1.69446		1.7917		1.59721
243		1.70124		1.79837		1.60411
244		1.70792		1.80499		1.61085
245		1.71483		1.81181		1.61784
246		1.72132		1.81839		1.62424
247		1.72799		1.8247		1.63128
248		1.73466		1.83116		1.63815
249		1.74145		1.83848		1.64442
250		1.74831		1.84536		1.65126
251		1.75505		1.85205		1.65806
252		1.76151		1.85877		1.66426
253		1.76906		1.8661		1.67201
254		1.77607		1.87307		1.67907
255		1.78277		1.87973		1.68582
256		1.78947		1.88668		1.69226
257		1.79656		1.89513		1.69798
258		1.80344		1.90214		1.70473
259		1.81059		1.91009		1.71109
260		1.8172		1.91715		1.71725
261		1.82391		1.92419		1.72363
262		1.83059		1.93092		1.73026
263		1.83775		1.93843		1.73708
264		1.84468		1.94523		1.74413
265		1.8515		1.95202		1.75098
266		1.85829		1.95936		1.75721
267		1.86511		1.96676		1.76345
268		1.87272		1.97497		1.77047
269		1.87955		1.98217		1.77692
270		1.88684		1.99052		1.78316
271		1.89336		1.9973		1.78941
272		1.90012		2.00463		1.79561
273		1.90759		2.01145		1.80374
274		1.91447		2.01901		1.80994
275		1.92146		2.02555		1.81737
276		1.92872		2.03383		1.82361
277		1.93568		2.04096		1.8304
278		1.94311		2.04889		1.83733
279		1.94975		2.05568		1.84383
280		1.95666		2.06306		1.85026
281		1.96359		2.07011		1.85708
282		1.97034		2.0771		1.86357
283		1.9781		2.08487		1.87134
284		1.98501		2.09164		1.87838
285		1.99264		2.10097		1.88431
286		1.99981		2.10849		1.89113
287		2.0069		2.11619		1.89761
288		2.01423		2.12355		1.9049
289		2.02188		2.13234		1.91142
290		2.02865		2.13904		1.91825
291		2.0362		2.14698		1.92541
292		2.04332		2.15393		1.93271
293		2.05131		2.16295		1.93966
294		2.05837		2.17044		1.9463
295		2.0661		2.17948		1.95272
296		2.07329		2.18717		1.95942
297		2.08037		2.19479		1.96595
298		2.08729		2.20147		1.97311
299		2.09404		2.20819		1.97989
300		2.10068		2.21467		1.98669
301		2.10797		2.2221		1.99383
302		2.11524		2.23029		2.00018
303		2.12211		2.23734		2.00688
304		2.12929		2.24555		2.01302
305		2.13663		2.25291		2.02034
306		2.14353		2.26039		2.02667
307		2.15028		2.26705		2.0335
308		2.15698		2.27347		2.04048
309		2.16365		2.28062		2.04667
310		2.17101		2.28869		2.05332
311		2.1788		2.29689		2.06072
312		2.18601		2.30437		2.06766
313		2.19322		2.312		2.07444
314		2.20008		2.31908		2.08108
315		2.20694		2.3263		2.08758
316		2.21337		2.33282		2.09392
317		2.22005		2.33982		2.10028
318		2.2268		2.34661		2.10699
319		2.23353		2.35399		2.11308
320		2.24113		2.36193		2.12032
321		2.24837		2.36955		2.1272
322		2.25547		2.37716		2.13379
323		2.26267		2.38476		2.14057
324		2.26923		2.39157		2.14688
325		2.27576		2.39813		2.15339
326		2.28252		2.40533		2.15971
327		2.28937		2.41209		2.16664
328		2.29608		2.41921		2.17294
329		2.30252		2.42551		2.17953
330		2.30966		2.43244		2.18687
331		2.31664		2.43938		2.1939
332		2.3234		2.44604		2.20075
333		2.33003		2.45299		2.20707
334		2.33651		2.45949		2.21353
335		2.34311		2.46642		2.2198
336		2.34975		2.47326		2.22625
337		2.35665		2.48059		2.23271
338		2.36338		2.48818		2.23858
339		2.37052		2.49536		2.24568
340		2.37777		2.50268		2.25285
341		2.38489		2.50971		2.26007
342		2.39169		2.51691		2.26646
343		2.39818		2.52348		2.27287
344		2.40487		2.53004		2.2797
345		2.41133		2.53646		2.28621
346		2.41776		2.54281		2.29272
347		2.42473		2.55076		2.29869
348		2.43129		2.55776		2.30483
349		2.43842		2.56528		2.31156
350		2.44545		2.5725		2.31839
351		2.45296		2.58029		2.32564
352		2.45981		2.58704		2.33258
353		2.46656		2.59386		2.33927
354		2.47333		2.60108		2.34557
355		2.47978		2.60736		2.3522
356		2.48681		2.61525		2.35838
357		2.49359		2.62224		2.36494
358		2.50069		2.62996		2.37142
359		2.50829		2.63765		2.37892
360		2.51557		2.64495		2.38619
361		2.52288		2.65246		2.39331
362		2.5297		2.65946		2.39994
363		2.53677		2.6674		2.40614
364		2.54356		2.67402		2.4131
365		2.55073		2.68228		2.41917
366		2.55738		2.68906		2.42571
367		2.56414		2.69674		2.43153
368		2.571		2.70367		2.43834
369		2.57812		2.71131		2.44494
370		2.58511		2.71829		2.45192
371		2.59266		2.72611		2.45921
372		2.5997		2.73311		2.46629
373		2.60638		2.73991		2.47284
374		2.61371		2.74836		2.47907
375		2.62046		2.75543		2.48549
376		2.62747		2.76317		2.49177
377		2.63466		2.77062		2.49871
378		2.64185		2.7782		2.50551
379		2.64906		2.78495		2.51317
380		2.65603		2.79224		2.51981
381		2.66264		2.79903		2.52625
382		2.66976		2.8067		2.53282
383		2.67692		2.81478		2.53906
384		2.68389		2.82215		2.54563
385		2.69091		2.82977		2.55205
386		2.69761		2.83671		2.55852
387		2.70423		2.84348		2.56497
388		2.71075		2.85013		2.57138
389		2.71806		2.85835		2.57776
390		2.725		2.86518		2.58483
391		2.73184		2.8726		2.59108
392		2.73879		2.87978		2.5978
393		2.74635		2.88771		2.60498
394		2.75336		2.8949		2.61183
395		2.76076		2.90268		2.61884
396		2.76745		2.90944		2.62546
397		2.77408		2.91634		2.63182
398		2.78078		2.92333		2.63822
399		2.78733		2.9298		2.64486
400		2.79444		2.93779		2.65109
401		2.80125		2.94497		2.65754
402		2.80896		2.95313		2.66479
403		2.81578		2.96037		2.67119
404		2.82295		2.96863		2.67727
405		2.83029		2.97693		2.68366
406		2.83725		2.98487		2.68964
407		2.84397		2.99179		2.69614
408		2.85114		3.00012		2.70215
409		2.8585		3.00899		2.70802
410		2.86524		3.01598		2.7145
411		2.8719		3.0226		2.72119
412		2.87871		3.02973		2.7277
413		2.88524		3.03624		2.73424
414		2.89204		3.04297		2.7411
415		2.89878		3.04973		2.74782
416		2.9054		3.05641		2.7544
417		2.91219		3.06378		2.7606
418		2.9189		3.07086		2.76694
419		2.92563		3.07761		2.77366
420		2.93243		3.08407		2.78079
421		2.93904		3.09073		2.78734
422		2.94582		3.09754		2.7941
423		2.95233		3.10392		2.80073
424		2.95882		3.1102		2.80744
425		2.96572		3.11696		2.81447
426		2.97233		3.12357		2.82109
427		2.97921		3.13083		2.82758
428		2.98574		3.13763		2.83385
429		2.99265		3.14446		2.84084
430		2.99947		3.15118		2.84775
431		3.00604		3.15772		2.85436
432		3.01271		3.16434		2.86108
433		3.01962		3.171		2.86825
434		3.0263		3.17762		2.87498
435		3.03297		3.18409		2.88185
436		3.03942		3.19049		2.88836
437		3.04598		3.19723		2.89473
438		3.05276		3.20413		2.90138
439		3.0596		3.21092		2.90829
440		3.06628		3.21763		2.91493
441		3.07308		3.22438		2.92178
442		3.07955		3.23091		2.92819
443		3.08661		3.2377		2.93551
444		3.09384		3.24443		2.94325
445		3.1009		3.25102		2.95077
446		3.10767		3.25787		2.95748
447		3.11436		3.26445		2.96426
448		3.12127		3.27124		2.97129
449		3.12824		3.27796		2.97851
450		3.13527		3.28496		2.98559
451		3.14208		3.29164		2.99253
452		3.1493		3.29913		2.99947
453		3.15618		3.30592		3.00644
454		3.16331		3.31324		3.01338
455		3.17001		3.31993		3.02008
456		3.1772		3.32766		3.02674
457		3.18411		3.3344		3.03382
458		3.19204		3.34205		3.04203
459		3.19897		3.34871		3.04923
460		3.20717		3.35604		3.0583
461		3.21418		3.36258		3.06577
462		3.22109		3.36969		3.07248
463		3.22769		3.37621		3.07918
464		3.2345		3.38292		3.08609
465		3.24096		3.38919		3.09274
466		3.24754		3.39534		3.09974
467		3.25408		3.40173		3.10644
468		3.26112		3.40887		3.11338
469		3.26773		3.41558		3.11989
470		3.27456		3.42248		3.12664
471		3.28111		3.42904		3.13318
472		3.28774		3.43556		3.13993
473		3.29459		3.4419		3.14727
474		3.30137		3.44836		3.15438
475		3.30872		3.45485		3.16259
476		3.31558		3.46132		3.16985
477		3.32241		3.46756		3.17726
478		3.32963		3.47472		3.18455
479		3.33686		3.48216		3.19155
480		3.34339		3.48859		3.19818
481		3.35005		3.49516		3.20495
482		3.35664		3.50178		3.2115
483		3.36342		3.5085		3.21835
484		3.3701		3.51492		3.22527
485		3.37675		3.52134		3.23216
486		3.3833		3.52767		3.23892
487		3.38996		3.53411		3.24581
488		3.39668		3.54076		3.25261
489		3.40357		3.54815		3.259
490		3.41088		3.5553		3.26646
491		3.41771		3.56177		3.27364
492		3.42449		3.56855		3.28042
493		3.43174		3.57551		3.28797
494		3.43829		3.58206		3.29452
495		3.44514		3.58875		3.30154
496		3.45193		3.59553		3.30833
497		3.45856		3.60213		3.31499
498		3.46579		3.60936		3.32223
499		3.47279		3.61671		3.32886
500		3.47968		3.62345		3.33592
