step	mediator-max-opt_runtime_mean	mediator-max-opt_runtime_std_up	mediator-max-opt_runtime_std_down
1		0.00016		0.00019		0.00014
2		0.09607		0.14141		0.05073
3		0.1011		0.14644		0.05576
4		0.10619		0.15157		0.06082
5		0.1112		0.15654		0.06586
6		0.11623		0.16159		0.07087
7		0.12121		0.16657		0.07585
8		0.12622		0.17158		0.08085
9		0.13126		0.17664		0.08588
10		0.13637		0.18182		0.09093
11		0.14142		0.18683		0.09602
12		0.15625		0.19925		0.11326
13		0.20689		0.24961		0.16416
14		0.25801		0.29775		0.21828
15		0.30888		0.34647		0.27129
16		0.35779		0.3948		0.32078
17		0.40612		0.44314		0.3691
18		0.45335		0.49021		0.41649
19		0.49978		0.53666		0.46289
20		0.54626		0.58318		0.50933
21		0.59276		0.62773		0.5578
22		0.63801		0.67206		0.60396
23		0.68253		0.7163		0.64876
24		0.72635		0.76015		0.69255
25		0.77014		0.80386		0.73642
26		0.813		0.84657		0.77942
27		0.85575		0.88917		0.82232
28		0.8995		0.92893		0.87008
29		0.94179		0.97058		0.913
30		0.98483		1.01175		0.95792
31		1.02678		1.05287		1.00068
32		1.06849		1.09409		1.04289
33		1.10921		1.13503		1.08338
34		1.14967		1.17536		1.12399
35		1.19107		1.21506		1.16709
36		1.2304		1.2541		1.2067
37		1.2699		1.29339		1.24641
38		1.30949		1.33292		1.28607
39		1.34837		1.37168		1.32507
40		1.38681		1.41005		1.36357
41		1.42546		1.44864		1.40228
42		1.46309		1.48625		1.43994
43		1.50111		1.52433		1.4779
44		1.53902		1.56216		1.51589
45		1.57692		1.59843		1.55542
46		1.61457		1.63554		1.5936
47		1.65162		1.67249		1.63075
48		1.68846		1.70934		1.66759
49		1.7246		1.74546		1.70373
50		1.76056		1.78126		1.73985
51		1.79675		1.81736		1.77613
52		1.83284		1.85338		1.8123
53		1.86821		1.88885		1.84756
54		1.90357		1.92399		1.88314
55		1.93901		1.95948		1.91854
56		1.97438		1.99486		1.95391
57		2.00954		2.03009		1.98898
58		2.04407		2.06465		2.02348
59		2.07859		2.09937		2.05782
60		2.11286		2.13373		2.09199
61		2.14749		2.16807		2.1269
62		2.18108		2.20118		2.16097
63		2.21462		2.23466		2.19458
64		2.24804		2.26806		2.22803
65		2.28148		2.30147		2.26148
66		2.31476		2.33482		2.2947
67		2.34822		2.36828		2.32816
68		2.38074		2.40064		2.36084
69		2.41346		2.43336		2.39356
70		2.44595		2.46586		2.42605
71		2.47861		2.49852		2.45871
72		2.51124		2.53104		2.49144
73		2.54314		2.56295		2.52334
74		2.57474		2.59479		2.5547
75		2.60637		2.62664		2.58611
76		2.63851		2.65866		2.61835
77		2.67034		2.69052		2.65016
78		2.7022		2.72236		2.68205
79		2.73393		2.75393		2.71393
80		2.76477		2.78504		2.7445
81		2.79565		2.81618		2.77512
82		2.82638		2.84712		2.80564
83		2.85731		2.87806		2.83656
84		2.88796		2.90894		2.86697
85		2.91875		2.93984		2.89766
86		2.94945		2.97067		2.92823
87		2.97953		3.00093		2.95813
88		3.00956		3.03095		2.98818
89		3.0398		3.06138		3.01821
90		3.07052		3.09275		3.0483
91		3.1015		3.12458		3.07843
92		3.13216		3.15594		3.10837
93		3.16258		3.18688		3.13829
94		3.19205		3.21679		3.16731
95		3.22177		3.24714		3.1964
96		3.25104		3.27696		3.22512
97		3.28096		3.30799		3.25393
98		3.31052		3.33803		3.28301
99		3.34		3.36808		3.31192
100		3.36968		3.39856		3.3408
101		3.39947		3.42912		3.36983
102		3.4281		3.45848		3.39773
103		3.458		3.48938		3.42663
104		3.48676		3.51887		3.45465
105		3.51548		3.5482		3.48277
106		3.54437		3.57813		3.51061
107		3.57315		3.60756		3.53873
108		3.60199		3.63765		3.56634
109		3.63105		3.66744		3.59465
110		3.6603		3.69798		3.62262
111		3.68845		3.72727		3.64964
112		3.71746		3.75604		3.67888
113		3.7458		3.78547		3.70614
114		3.77368		3.81446		3.73291
115		3.8016		3.84314		3.76005
116		3.8296		3.8724		3.78679
117		3.85723		3.90048		3.81397
118		3.8851		3.92917		3.84103
119		3.91285		3.95743		3.86827
120		3.9406		3.98589		3.89532
121		3.96791		4.01463		3.92118
122		3.99564		4.0428		3.94848
123		4.02234		4.06973		3.97494
124		4.04918		4.09656		4.00181
125		4.07613		4.12418		4.02809
126		4.10283		4.15104		4.05461
127		4.12956		4.1777		4.08141
128		4.15618		4.2042		4.10817
129		4.18294		4.23086		4.13503
130		4.20959		4.25739		4.16179
131		4.23533		4.28313		4.18753
132		4.26182		4.30965		4.21399
133		4.28748		4.3353		4.23966
134		4.31308		4.36091		4.26526
135		4.33883		4.38674		4.29093
136		4.36461		4.41247		4.31675
137		4.39078		4.43921		4.34235
138		4.41729		4.46726		4.36733
139		4.44331		4.49401		4.39261
140		4.4694		4.52102		4.41779
141		4.49569		4.54821		4.44317
142		4.52171		4.5749		4.46852
143		4.54719		4.60162		4.49276
144		4.57336		4.62804		4.51868
145		4.59918		4.6553		4.54307
146		4.62448		4.68126		4.56769
147		4.64987		4.7074		4.59234
148		4.67481		4.73239		4.61723
149		4.69953		4.75714		4.64191
150		4.72424		4.78192		4.66656
151		4.74907		4.80685		4.69128
152		4.77381		4.83159		4.71604
153		4.79866		4.85647		4.74086
154		4.82344		4.8812		4.76568
155		4.84826		4.90599		4.79054
156		4.87262		4.92997		4.81527
157		4.89745		4.95473		4.84017
158		4.92146		4.97879		4.86414
159		4.94553		5.00305		4.88801
160		4.96958		5.02707		4.91209
161		4.99372		5.05121		4.93623
162		5.01774		5.07532		4.96015
163		5.04191		5.0995		4.98433
164		5.06586		5.12348		5.00825
165		5.08998		5.14761		5.03235
166		5.11404		5.17172		5.05636
167		5.13809		5.19579		5.08039
168		5.1622		5.21977		5.10463
169		5.18621		5.24376		5.12866
170		5.20942		5.26698		5.15187
171		5.23354		5.29104		5.17605
172		5.25657		5.31403		5.1991
173		5.2798		5.3372		5.2224
174		5.30281		5.36026		5.24536
175		5.32612		5.38354		5.26869
176		5.34909		5.40647		5.29171
177		5.37234		5.42969		5.31499
178		5.39542		5.45267		5.33816
179		5.4186		5.47584		5.36135
180		5.44183		5.49912		5.38453
181		5.46511		5.52231		5.40791
182		5.48851		5.54545		5.43157
183		5.51169		5.56854		5.45484
184		5.53489		5.59204		5.47774
185		5.55734		5.61456		5.50012
186		5.58049		5.63778		5.5232
187		5.60337		5.66063		5.54611
188		5.62667		5.68393		5.5694
189		5.64922		5.70628		5.59215
190		5.67179		5.72892		5.61465
191		5.69436		5.75209		5.63664
192		5.71646		5.77426		5.65867
193		5.73884		5.79673		5.68094
194		5.76112		5.81908		5.70316
195		5.7833		5.84138		5.72522
196		5.80543		5.86366		5.7472
197		5.82771		5.88587		5.76954
198		5.84993		5.90829		5.79158
199		5.87217		5.93047		5.81386
200		5.89442		5.95266		5.83618
201		5.91571		5.97376		5.85767
202		5.93817		5.99602		5.88032
203		5.95987		6.01751		5.90223
204		5.98227		6.03966		5.92487
205		6.00388		6.06103		5.94674
206		6.02513		6.08242		5.96784
207		6.04674		6.10402		5.98946
208		6.06834		6.12587		6.01081
209		6.09028		6.14805		6.03251
210		6.11197		6.16945		6.05449
211		6.13371		6.19096		6.07647
212		6.15531		6.2124		6.09821
213		6.17677		6.23381		6.11973
214		6.19835		6.25524		6.14146
215		6.22041		6.27708		6.16373
216		6.24184		6.29852		6.18516
217		6.26319		6.31985		6.20653
218		6.28468		6.34128		6.22809
219		6.30605		6.36265		6.24945
220		6.32671		6.38322		6.2702
221		6.34832		6.40465		6.29198
222		6.36892		6.42523		6.31261
223		6.3905		6.44653		6.33447
224		6.41119		6.46709		6.35529
225		6.43173		6.48756		6.3759
226		6.45222		6.50815		6.39629
227		6.47271		6.52873		6.41668
228		6.49323		6.54936		6.4371
229		6.51379		6.56991		6.45767
230		6.53465		6.59136		6.47795
231		6.55539		6.61211		6.49867
232		6.57598		6.63269		6.51927
233		6.59674		6.65342		6.54006
234		6.61743		6.67412		6.56074
235		6.63801		6.69468		6.58135
236		6.65858		6.71527		6.6019
237		6.67915		6.73591		6.62239
238		6.69972		6.75658		6.64286
239		6.72037		6.77735		6.66339
240		6.74001		6.79715		6.68287
241		6.76065		6.81784		6.70346
242		6.78036		6.83771		6.72302
243		6.80102		6.85848		6.74356
244		6.82079		6.87847		6.76311
245		6.84137		6.89934		6.78341
246		6.86106		6.91902		6.80309
247		6.8808		6.93886		6.82275
248		6.90043		6.95847		6.84238
249		6.92013		6.97817		6.8621
250		6.93976		6.99777		6.88176
