episode	mediator-max-opt_cum_inst_loss_mean	mediator-max-opt_cum_inst_loss_std_up	mediator-max-opt_cum_inst_loss_std_down
1		12.41838		5668.64119		-5643.80443
2		6104.73869		16253.62046		-4044.14307
3		14679.62057		27123.27721		2235.96393
4		20996.21032		36816.23615		5176.18449
5		28160.05809		47088.03232		9232.08385
6		34981.28025		57047.97995		12914.58054
7		45369.55022		67948.06398		22791.03646
8		53016.84894		77506.04726		28527.65061
9		60507.79045		86091.14629		34924.43461
10		67282.38242		93019.26194		41545.50289
11		74035.25548		101897.64557		46172.86539
12		81757.44863		110945.94164		52568.95562
13		88064.04873		119045.2056		57082.89185
14		93481.86811		125686.61109		61277.12513
15		97760.43653		133084.44312		62436.42994
16		102156.83739		140702.68651		63610.98827
17		106253.31071		148639.70288		63866.91854
18		109774.14742		156050.24901		63498.04583
19		112822.34492		163294.41883		62350.27101
20		116022.71829		170103.1021		61942.33448
21		117631.23189		176231.62657		59030.83721
22		119106.95134		182872.73462		55341.16805
23		119479.33233		189491.87527		49466.78938
24		120413.64779		197662.74085		43164.55472
25		120055.30623		204441.43542		35669.17705
26		119669.84903		211768.26632		27571.43174
27		121849.97943		222582.92908		21117.02978
28		126019.31371		233280.55077		18758.07664
29		128977.00177		243873.38648		14080.61705
30		130693.467		253270.98755		8115.94646
31		132436.95784		262459.3743		2414.54138
32		133525.01158		273093.14176		-6043.11859
33		133923.13154		282079.80875		-14233.54567
34		135826.89791		290580.18191		-18926.38608
35		135777.61636		297927.23908		-26372.00636
36		135271.48696		304176.66036		-33633.68644
37		136564.80575		310515.44764		-37385.83615
38		137856.21457		317574.71614		-41862.287
39		139917.30012		322598.551		-42763.95076
40		140717.50279		327503.59433		-46068.58874
41		141524.03628		331996.88191		-48948.80936
42		141003.65783		336269.14831		-54261.83266
43		141719.4876		340892.90665		-57453.93145
44		145895.46021		344657.4832		-52866.56277
45		147554.0896		347034.9501		-51926.7709
46		149495.45203		347979.85544		-48988.95138
47		150807.15164		351050.6913		-49436.38803
48		149633.6051		351599.09926		-52331.88907
49		148412.06206		352523.7198		-55699.59568
50		148236.43626		355008.88005		-58536.00753
51		146875.49153		355015.1805		-61264.19744
52		145665.4334		355996.77623		-64665.90943
53		144013.41163		357637.54681		-69610.72356
54		141588.96538		358798.22597		-75620.29522
55		139650.82241		360152.38031		-80850.7355
56		137789.31827		362430.76106		-86852.12452
57		136183.82254		365511.843		-93144.19792
58		133746.62727		368095.51063		-100602.2561
59		130433.95878		371178.5478		-110310.63023
60		126849.4304		373723.28856		-120024.42775
61		124400.11176		374424.10466		-125623.88114
62		122496.0599		374525.21774		-129533.09794
63		120394.28586		375881.74059		-135093.16887
64		115578.05492		374941.71213		-143785.60228
65		110995.61452		373308.76212		-151317.53308
66		104252.04094		370422.87742		-161918.79554
67		98417.139		367545.13274		-170710.85475
68		92292.95969		363140.9272		-178555.00782
69		85126.78494		358847.34323		-188593.77334
70		79492.09753		356556.74314		-197572.54807
71		71640.89552		352906.40787		-209624.61682
72		65289.75976		351704.60321		-221125.0837
73		61216.30683		348809.71858		-226377.10493
74		54847.68593		344509.42505		-234814.05319
75		48080.55978		339857.80875		-243696.6892
76		41509.45101		336446.4247		-253427.52268
77		37987.43244		337691.4468		-261716.58192
78		34270.33767		336483.64146		-267942.96611
79		29610.40656		336762.66885		-277541.85572
80		24607.70699		336128.89291		-286913.47893
81		21315.26742		337684.97852		-295054.44369
82		18489.52558		338828.43956		-301849.3884
83		16838.92962		340545.14595		-306867.2867
84		13797.00468		340582.99721		-312988.98785
85		11946.3771		344094.29978		-320201.54558
86		11999.4376		350640.91048		-326642.03528
87		14828.0675		356732.19046		-327076.05546
88		19030.34199		361912.96946		-323852.28547
89		22706.58906		367217.52123		-321804.34312
90		26478.81388		373901.55249		-320943.92474
91		28495.43048		378563.23819		-321572.37722
92		29898.51459		384027.28512		-324230.25594
93		29483.02268		386799.80551		-327833.76016
94		29433.83934		389331.98512		-330464.30645
95		29968.44357		391690.17982		-331753.29269
96		29749.79083		395585.21439		-336085.63273
97		27438.85435		396463.26827		-341585.55956
98		24942.97496		398581.53995		-348695.59003
99		21045.47224		397644.60765		-355553.66318
100		15573.47672		396155.38523		-365008.43178
101		10300.75782		395017.30934		-374415.7937
102		4653.01846		392992.89475		-383686.85782
103		-1140.85354		388769.56425		-391051.27132
104		-6377.13472		382821.38612		-395575.65556
105		-10371.29463		375677.26454		-396419.8538
106		-15273.31902		368325.23216		-398871.87021
107		-20712.52127		361998.27631		-403423.31885
108		-27284.29689		353392.74255		-407961.33633
109		-34265.27011		344293.23996		-412823.78019
110		-38956.21791		337210.36764		-415122.80346
111		-43777.13515		328178.52553		-415732.79584
112		-50673.80916		319058.96502		-420406.58334
113		-55749.5282		315298.90566		-426797.96206
114		-60083.48291		310480.69576		-430647.66158
115		-62087.19523		306512.90505		-430687.2955
116		-61290.29529		302907.03074		-425487.62132
117		-60682.25623		300513.87017		-421878.38263
118		-62122.99083		295213.713		-419459.69467
119		-63702.86824		290917.95268		-418323.68916
120		-63358.14287		292086.27123		-418802.55696
121		-63776.66808		291483.332		-419036.66816
122		-63416.41329		293472.57076		-420305.39735
123		-62208.86053		294673.33951		-419091.06058
124		-63486.53047		293041.94871		-420015.00964
125		-65880.33201		290620.20005		-422380.86406
126		-69008.51528		287624.63819		-425641.66875
127		-72678.51008		283917.23164		-429274.2518
128		-75056.96109		279723.85414		-429837.77632
129		-77993.9084		276082.1446		-432069.96139
130		-81088.19472		272287.8213		-434464.21075
131		-83290.93886		270058.86213		-436640.73984
132		-84907.90905		272700.9591		-442516.77721
133		-86806.59167		273450.09324		-447063.27657
134		-88902.71388		273626.87089		-451432.29865
135		-93189.93402		272841.99536		-459221.8634
136		-96989.79181		270953.36407		-464932.94769
137		-100448.75788		272231.47058		-473128.98634
138		-105360.03606		274151.15002		-484871.22214
139		-107844.82794		281376.64046		-497066.29635
140		-106514.86926		289355.46539		-502385.20392
141		-105124.61957		296189.74054		-506438.97967
142		-104931.4601		303447.08105		-513310.00125
143		-106097.49541		309616.2474		-521811.23821
144		-107883.7476		314021.16806		-529788.66327
145		-108873.95208		317559.40705		-535307.3112
146		-110707.51304		321140.13006		-542555.15614
147		-112122.77129		325842.66578		-550088.20836
148		-114981.87788		329332.07163		-559295.82739
149		-117900.61953		333275.44276		-569076.68182
150		-122475.63428		336252.43649		-581203.70506
151		-128373.34739		338384.9203		-595131.61507
152		-135895.76841		340091.01535		-611882.55216
153		-144444.52318		341496.77981		-630385.82616
154		-152377.81545		343831.66855		-648587.29945
155		-162098.01047		345720.87485		-669916.8958
156		-172492.20919		348124.89243		-693109.3108
157		-184669.538		348919.33461		-718258.41061
158		-196873.87314		349226.54383		-742974.2901
159		-206263.87986		348624.0329		-761151.79262
160		-214273.63729		350149.00329		-778696.27786
161		-220731.40092		351381.13004		-792843.93189
162		-226889.06282		350584.07912		-804362.20476
163		-235451.58789		348542.23651		-819445.41229
164		-245051.14835		344884.21465		-834986.51135
165		-255225.92821		341680.16789		-852132.0243
166		-262479.56095		341612.7065		-866571.8284
167		-269182.03412		345008.40081		-883372.46905
168		-274863.84567		347327.01959		-897054.71093
169		-279052.8076		352345.23798		-910450.85318
170		-282760.53337		356333.51225		-921854.579
171		-284105.05733		360346.49491		-928556.60958
172		-286301.73974		365220.19687		-937823.67635
173		-287939.85872		373353.80708		-949233.52453
174		-289761.70342		379534.36508		-959057.77192
175		-287600.61155		386103.46835		-961304.69145
176		-284685.79397		391495.50171		-960867.08965
177		-283048.64981		397028.92419		-963126.22381
178		-282722.23077		400776.9372		-966221.39875
179		-281792.25562		403950.72854		-967535.23979
180		-280139.15612		406535.46584		-966813.77809
181		-276914.35865		409832.16116		-963660.87846
182		-273341.18864		409844.17831		-956526.55559
183		-270272.09773		410247.96415		-950792.1596
184		-266560.86404		411396.14625		-944517.87433
185		-264707.54842		410490.90745		-939906.0043
186		-262269.41351		408693.43994		-933232.26696
187		-261622.90781		405050.71961		-928296.53524
188		-259678.77894		402466.6536		-921824.21148
189		-254859.55075		405383.96406		-915103.06556
190		-248435.28029		410078.60571		-906949.16628
191		-243076.44564		413317.03165		-899469.92293
192		-238804.92813		416692.852		-894302.70825
193		-234867.44052		418271.05836		-888005.9394
194		-231414.85738		419176.12734		-882005.84211
195		-229122.39086		419673.50502		-877918.28674
196		-226194.46228		420702.40519		-873091.32974
197		-222123.2714		420425.57342		-864672.11622
198		-218789.87138		420778.91788		-858358.66064
199		-214667.12354		421844.0898		-851178.33688
200		-208975.99029		428202.62493		-846154.60551
201		-202283.61587		435505.53053		-840072.76226
202		-196608.37227		440262.9857		-833479.73024
203		-191319.90761		445984.47502		-828624.29024
204		-186961.64016		450599.01816		-824522.29848
205		-181082.8641		457233.6215		-819399.3497
206		-177604.28047		461079.55323		-816288.11417
207		-174600.55991		464523.62843		-813724.74825
208		-171573.63371		468325.42657		-811472.694
209		-167900.11924		472535.512		-808335.75049
210		-161375.81684		480644.7272		-803396.36087
211		-156623.10006		486986.71639		-800232.91651
212		-153017.1309		491966.03825		-798000.30005
213		-149681.12072		495254.56967		-794616.8111
214		-148195.24765		497323.22988		-793713.72518
215		-144816.98313		500422.90339		-790056.86965
216		-141243.09248		505976.67672		-788462.86167
217		-135968.88002		513938.76216		-785876.52221
218		-132861.26301		520980.18003		-786702.70605
219		-129576.31809		530130.24399		-789282.88017
220		-127438.28816		538003.36829		-792879.94461
221		-124105.80143		548100.83936		-796312.44221
222		-118172.86943		562513.25896		-798858.99783
223		-114008.45357		574445.94858		-802462.85573
224		-109561.54325		587738.15071		-806861.23722
225		-106284.14034		600619.39523		-813187.6759
226		-104076.97425		612062.69905		-820216.64754
227		-101922.72069		622324.8995		-826170.34088
228		-98269.49243		632028.67175		-828567.65661
229		-93561.45756		640431.09264		-827554.00775
230		-88648.08119		649817.61529		-827113.77768
231		-82746.86868		657699.92578		-823193.66314
232		-77876.89755		665484.34441		-821238.13951
233		-73827.02752		672484.12622		-820138.18126
234		-70073.29882		679235.37251		-819381.97015
235		-65600.85917		684626.88499		-815828.60334
236		-62460.68921		688732.31933		-813653.69775
237		-59696.98308		692556.56917		-811950.53533
238		-56586.1475		697287.46684		-810459.76183
239		-52427.85441		703572.29425		-808428.00307
240		-47535.89787		710197.40644		-805269.20217
241		-42456.44931		717578.43912		-802491.33773
242		-38639.84601		724706.11027		-801985.8023
243		-34685.68354		731390.17598		-800761.54306
244		-31793.66851		737819.98906		-801407.32608
245		-28946.0509		743928.63799		-801820.73978
246		-24463.86593		749373.90529		-798301.63716
247		-21149.33181		755084.25031		-797382.91394
248		-17207.26642		760688.76882		-795103.30166
249		-13839.11792		765504.47455		-793182.71039
250		-9492.89081		767027.32205		-786013.10367
251		-3566.51622		768267.00629		-775400.03874
252		849.74854		767139.60942		-765440.11234
253		5125.55539		765245.08156		-754993.97077
254		7089.22376		761960.78077		-747782.33325
255		8664.05272		759176.37469		-741848.26925
256		9476.12288		755534.77548		-736582.52972
257		9717.03653		751103.24714		-731669.17408
258		10424.8926		746585.34984		-725735.56465
259		13673.31123		745164.45037		-717817.82791
260		14648.51369		741061.16657		-711764.13919
261		15688.81171		737095.58046		-705717.95704
262		15695.27731		732560.96107		-701170.40645
263		16122.15171		727006.56054		-694762.25713
264		14567.80125		720697.05242		-691561.44991
265		13468.47348		715644.09073		-688707.14376
266		13393.96578		712882.48828		-686094.55672
267		12634.99309		709751.55504		-684481.56886
268		14235.42314		710530.41625		-682059.56996
269		16770.44823		715575.86038		-682034.96392
270		20085.56524		721387.21556		-681216.08508
271		25015.81413		729881.44052		-679849.81225
272		28368.18636		735948.64198		-679212.26926
273		31294.11193		741754.12018		-679165.89632
274		35048.49113		749157.05422		-679060.07196
275		37157.60092		754077.5365		-679762.33466
276		39837.48411		759765.16926		-680090.20104
277		41344.11183		764170.93979		-681482.71613
278		41881.14993		768159.86287		-684397.56302
279		41838.06101		771810.14524		-688134.02323
280		41707.37356		775792.5814		-692377.83428
281		41583.57694		779094.66709		-695927.51322
282		42365.35039		779478.39233		-694747.69155
283		42419.05402		779848.23496		-695010.12691
284		42489.35328		779976.82342		-694998.11686
285		40302.01522		778130.0534		-697526.02297
286		38899.81537		777497.60904		-699697.97831
287		39095.68945		776021.65934		-697830.28044
288		37848.77181		774820.74757		-699123.20395
289		37199.68688		773082.71002		-698683.33626
290		37686.17063		770447.41331		-695075.07205
291		36856.42728		767599.30495		-693886.45039
292		35451.69616		764717.81876		-693814.42644
293		35936.74536		764129.76719		-692256.27647
294		38383.50744		765146.20026		-688379.18537
295		42471.26877		768399.1404		-683456.60285
296		45398.14967		769224.64004		-678428.3407
297		46718.77646		769599.42427		-676161.87136
298		49064.20948		770623.28683		-672494.86787
299		51336.47762		772512.64549		-669839.69024
300		52331.44821		772776.24437		-668113.34794
301		54614.85268		775322.07987		-666092.3745
302		56485.66804		778037.89064		-665066.55456
303		59840.5403		783488.02742		-663806.94683
304		62652.31456		789254.55088		-663949.92175
305		67647.36072		799809.47375		-664514.7523
306		71501.74874		809892.01561		-666888.51813
307		74189.63822		818872.58609		-670493.30966
308		75810.45811		826436.60155		-674815.68534
309		77381.69939		834786.75359		-680023.35481
310		78999.85246		842815.78301		-684816.0781
311		79041.9708		849281.46904		-691197.52744
312		78184.96804		856010.45697		-699640.5209
313		77274.60429		863033.81782		-708484.60923
314		78902.20149		871784.56106		-713980.15808
315		84072.12354		881402.97085		-713258.72377
316		90738.91608		893096.20645		-711618.37428
317		97659.08352		905791.95079		-710473.78375
318		102862.69458		916904.28753		-711178.89837
319		108276.86523		928247.01726		-711693.28679
320		112056.04013		938241.75757		-714129.67731
321		116124.9632		947985.79856		-715735.87217
322		119032.01435		959101.54226		-721037.51357
323		121399.92752		968226.90989		-725427.05484
324		123304.91957		978619.30695		-732009.46782
325		125262.21965		987846.10713		-737321.66783
326		127523.20657		997786.79328		-742740.38014
327		131338.33997		1008727.63731		-746050.95737
328		134684.15388		1019619.36779		-750251.06003
329		139118.14894		1030181.6766		-751945.37873
330		145771.25037		1041682.77498		-750140.27423
331		151162.86861		1051371.57385		-749045.83664
332		155661.53439		1061882.46786		-750559.39908
333		160455.37273		1072297.44916		-751386.70371
334		166870.5236		1082823.14288		-749082.09569
335		175004.33038		1092564.76551		-742556.10476
336		185580.40753		1101876.51418		-730715.69912
337		195421.75056		1111356.58539		-720513.08427
338		205696.63584		1121065.28591		-709672.01423
339		215877.29033		1130712.80016		-698958.21949
340		227473.50223		1142675.87531		-687728.87084
341		237450.55559		1152193.10691		-677291.99573
342		247010.00733		1161675.24902		-667655.23436
343		256453.76839		1170032.75475		-657125.21798
344		266750.37882		1178609.22414		-645108.4665
345		276269.10929		1187302.90496		-634764.68637
346		287601.97637		1196431.82338		-621227.87063
347		296518.79492		1204412.19107		-611374.60122
348		306585.48168		1213030.26652		-599859.30317
349		314997.28085		1221466.64012		-591472.07843
350		322951.5745		1229990.22551		-584087.07652
351		330500.2611		1238657.79462		-577657.27242
352		336703.50825		1245544.62622		-572137.60971
353		342388.59264		1251782.1973		-567005.01202
354		348613.68992		1259465.45922		-562238.07937
355		355043.15694		1267632.88161		-557546.56774
356		362420.00867		1276809.07276		-551969.05543
357		369559.63133		1286426.90722		-547307.64457
358		376449.53918		1295227.87683		-542328.79847
359		385181.8525		1305052.4667		-534688.7617
360		393621.64748		1315735.46923		-528492.17426
361		401798.08582		1325964.45806		-522368.28643
362		410836.83662		1337111.22155		-515437.54831
363		419159.04119		1348401.99408		-510083.91169
364		427277.57761		1358943.66472		-504388.50951
365		435920.154		1370843.44423		-499003.13623
366		444012.30667		1380749.90521		-492725.29188
367		451343.84933		1389685.92069		-486998.22203
368		459493.50074		1398719.40308		-479732.40161
369		467903.00199		1408267.71508		-472461.7111
370		475908.809		1417068.5205		-465250.9025
371		485572.04128		1427515.95577		-456371.87321
372		492979.20393		1435867.97647		-449909.56862
373		499666.77958		1442668.55557		-443334.9964
374		505595.72328		1450576.77		-439385.32344
375		510935.37877		1457103.01599		-435232.25845
376		517302.09657		1465896.92842		-431292.73528
377		521972.6833		1472317.16011		-428371.7935
378		526225.6391		1478441.49761		-425990.2194
379		531338.36509		1485482.12651		-422805.39633
380		538093.60528		1496451.43308		-420264.22252
381		542650.10146		1504297.73059		-418997.52767
382		548759.56402		1514381.43657		-416862.30853
383		553026.06172		1522040.06036		-415987.93692
384		556330.59915		1529593.00379		-416931.80549
385		560345.89021		1537060.19416		-416368.41373
386		567048.28981		1545397.58918		-411301.00957
387		572699.89196		1555128.45763		-409728.67371
388		577929.27663		1562676.62827		-406818.07501
389		583595.13458		1572745.34363		-405555.07447
390		587493.77985		1579448.63047		-404461.07077
391		590899.97144		1586862.87384		-405062.93096
392		592290.10021		1591465.35003		-406885.14962
393		595281.9553		1598566.73495		-408002.82436
394		597049.74581		1604060.5585		-409961.06689
395		601617.57723		1611310.8897		-408075.73524
396		607115.3591		1619438.37892		-405207.66072
397		610348.21495		1626311.87734		-405615.44744
398		612823.45978		1633543.68211		-407896.76256
399		614158.72806		1639689.36838		-411371.91226
400		614652.96795		1645264.66827		-415958.73237
401		615451.95465		1651007.39147		-420103.48217
402		615805.72559		1655235.09786		-423623.64668
403		617987.57015		1660814.9892		-424839.8489
404		618347.21297		1664205.36987		-427510.94393
405		618481.45703		1667184.87598		-430221.96192
406		617513.33761		1668767.66774		-433740.99253
407		615610.48848		1669708.7758		-438487.79884
408		613065.75349		1670272.69935		-444141.19236
409		611436.57039		1671791.01439		-448917.87362
410		608551.05814		1673660.4005		-456558.28422
411		605566.57266		1676972.57887		-465839.43354
412		602212.4886		1678773.84411		-474348.8669
413		597379.16903		1679883.27938		-485124.94132
414		591799.27395		1678987.66279		-495389.1149
415		585300.21581		1678015.56946		-507415.13784
416		580461.94219		1679508.28654		-518584.40216
417		574391.2556		1680600.61113		-531818.09993
418		567783.60612		1681118.18701		-545550.97477
419		561992.68217		1683741.43878		-559756.07443
420		557771.43271		1684643.76706		-569100.90165
421		554128.81999		1688532.41827		-580274.77828
422		552295.58025		1692401.18047		-587810.01996
423		551556.42894		1698961.27011		-595848.41223
424		552102.24393		1704835.13623		-600630.64837
425		550072.9492		1709313.57082		-609167.67243
426		548424.12516		1714175.03477		-617326.78445
427		544768.56928		1718387.38297		-628850.24441
428		541407.89112		1723971.20027		-641155.41802
429		537123.1351		1727475.92398		-653229.65378
430		533447.86817		1730851.57693		-663955.8406
431		530441.69853		1733948.25665		-673064.8596
432		529213.49179		1737767.46632		-679340.48274
433		527327.60286		1743269.40826		-688614.20253
434		524362.85909		1746539.58363		-697813.86546
435		520006.0108		1749136.26867		-709124.24708
436		515384.06862		1751203.03699		-720434.89975
437		512680.78135		1754322.26769		-728960.705
438		510403.62582		1757058.09488		-736250.84324
439		510041.90211		1762480.70116		-742396.89693
440		507607.89407		1765371.82788		-750156.03975
441		505009.99294		1768461.51365		-758441.52778
442		500382.94487		1768771.02663		-768005.13688
443		496153.80004		1769216.02877		-776908.42869
444		495417.50832		1770971.42353		-780136.40689
445		494709.84653		1773939.94405		-784520.25099
446		493168.18235		1775744.61854		-789408.25384
447		492830.994		1778176.43223		-792514.44424
448		492515.91232		1778809.12246		-793777.29783
449		493487.23234		1779210.5615		-792236.09681
450		493399.14349		1779077.84823		-792279.56125
451		491986.62271		1777983.45259		-794010.20718
452		491163.21686		1776592.12932		-794265.6956
453		491047.75099		1773861.90457		-791766.4026
454		492779.67092		1770658.27477		-785098.93293
455		493260.9129		1767211.75224		-780689.92643
456		493863.94064		1762095.01212		-774367.13083
457		494868.93865		1758643.98421		-768906.10691
458		494523.25913		1753693.32943		-764646.81117
459		493439.68018		1747890.45419		-761011.09384
460		493684.62143		1742231.90118		-754862.65831
461		495454.82102		1737134.26646		-746224.62443
462		498152.41046		1732476.56087		-736171.73996
463		502011.35169		1729396.56833		-725373.86495
464		503985.94402		1723066.79198		-715094.90394
465		504695.05038		1715406.68847		-706016.58771
466		506055.15358		1707760.30529		-695649.99812
467		507255.26862		1699931.33831		-685420.80106
468		509842.15404		1697681.36379		-677997.0557
469		514538.33988		1696007.74391		-666931.06415
470		517366.57386		1691924.46626		-657191.31853
471		518552.39298		1687955.50297		-650850.71701
472		521213.57911		1688930.70169		-646503.54347
473		522672.99628		1687671.8758		-642325.88323
474		524593.0181		1686335.53572		-637149.49951
475		527848.49663		1687160.93184		-631463.93858
476		533499.70133		1692995.54642		-625996.14376
477		539739.93267		1697307.1191		-617827.25375
478		544961.99033		1700890.0864		-610966.10573
479		549926.88022		1704159.21603		-604305.45559
480		555133.04514		1709148.47029		-598882.38001
481		561366.4759		1718530.22029		-595797.26849
482		567259.41003		1726197.69391		-591678.87384
483		572026.26966		1732427.99932		-588375.45999
484		577573.18084		1739395.28608		-584248.9244
485		584963.33332		1748370.99608		-578444.32944
486		590372.56543		1754883.26429		-574138.13344
487		595097.45216		1760929.91627		-570735.01195
488		600355.93641		1767432.26284		-566720.39003
489		605262.06106		1773561.1548		-563037.03268
490		610929.41846		1781263.43433		-559404.5974
491		616200.8595		1787147.0723		-554745.35331
492		620590.61177		1791807.20874		-550625.9852
493		624184.11452		1796072.80234		-547704.57329
494		628381.85628		1801879.07774		-545115.36518
495		632471.9843		1805721.92639		-540777.95778
496		634971.49547		1807551.71641		-537608.72547
497		637521.14793		1810226.04879		-535183.75292
498		638790.87043		1811843.97826		-534262.23739
499		640074.87043		1812942.88964		-532793.14877
500		641274.87043		1814974.71149		-532424.97062
