episode	mediator-max-opt_reward_mean	mediator-max-opt_reward_std_up	mediator-max-opt_reward_std_down
1		0.0		0.0		0.0
2		0.0		0.0		0.0
3		0.0		0.0		0.0
4		0.0		0.0		0.0
5		0.0		0.0		0.0
6		0.0		0.0		0.0
7		0.0		0.0		0.0
8		0.0		0.0		0.0
9		0.0		0.0		0.0
10		0.0		0.0		0.0
11		0.0		0.0		0.0
12		0.0		0.0		0.0
13		0.0		0.0		0.0
14		0.0		0.0		0.0
15		0.0		0.0		0.0
16		0.0		0.0		0.0
17		0.0		0.0		0.0
18		2000.0		6000.0		-2000.0
19		2000.0		6000.0		-2000.0
20		2000.0		6000.0		-2000.0
21		2000.0		6000.0		-2000.0
22		2000.0		6000.0		-2000.0
23		2000.0		6000.0		-2000.0
24		4000.0		8898.97949		-898.97949
25		8000.0		17797.95897		-1797.95897
26		8000.0		17797.95897		-1797.95897
27		8000.0		17797.95897		-1797.95897
28		8000.0		17797.95897		-1797.95897
29		8000.0		17797.95897		-1797.95897
30		8000.0		17797.95897		-1797.95897
31		8000.0		17797.95897		-1797.95897
32		8000.0		17797.95897		-1797.95897
33		8000.0		17797.95897		-1797.95897
34		8000.0		17797.95897		-1797.95897
35		12000.0		26696.93846		-2696.93846
36		14000.0		31435.59577		-3435.59577
37		14000.0		31435.59577		-3435.59577
38		14000.0		31435.59577		-3435.59577
39		14000.0		31435.59577		-3435.59577
40		14000.0		31435.59577		-3435.59577
41		14000.0		31435.59577		-3435.59577
42		14000.0		31435.59577		-3435.59577
43		14000.0		31435.59577		-3435.59577
44		14000.0		31435.59577		-3435.59577
45		14000.0		31435.59577		-3435.59577
46		14000.0		31435.59577		-3435.59577
47		14000.0		31435.59577		-3435.59577
48		14000.0		31435.59577		-3435.59577
49		14000.0		31435.59577		-3435.59577
50		14000.0		31435.59577		-3435.59577
51		14000.0		31435.59577		-3435.59577
52		14000.0		31435.59577		-3435.59577
53		14000.0		31435.59577		-3435.59577
54		14000.0		31435.59577		-3435.59577
55		14000.0		31435.59577		-3435.59577
56		14000.0		31435.59577		-3435.59577
57		16000.0		32248.07681		-248.07681
58		16000.0		32248.07681		-248.07681
59		16000.0		32248.07681		-248.07681
60		16000.0		32248.07681		-248.07681
61		16000.0		32248.07681		-248.07681
62		16000.0		32248.07681		-248.07681
63		16000.0		32248.07681		-248.07681
64		16000.0		32248.07681		-248.07681
65		18000.0		32696.93846		3303.06154
66		18000.0		32696.93846		3303.06154
67		18000.0		32696.93846		3303.06154
68		18000.0		32696.93846		3303.06154
69		20000.0		34142.13562		5857.86438
70		20000.0		34142.13562		5857.86438
71		20000.0		34142.13562		5857.86438
72		20000.0		34142.13562		5857.86438
73		20000.0		34142.13562		5857.86438
74		20000.0		34142.13562		5857.86438
75		20000.0		34142.13562		5857.86438
76		24000.0		37564.65997		10435.34003
77		26000.0		38000.0		14000.0
78		28000.0		39661.90379		16338.09621
79		28000.0		39661.90379		16338.09621
80		28000.0		39661.90379		16338.09621
81		28000.0		39661.90379		16338.09621
82		28000.0		39661.90379		16338.09621
83		28000.0		39661.90379		16338.09621
84		28000.0		39661.90379		16338.09621
85		28000.0		39661.90379		16338.09621
86		28000.0		39661.90379		16338.09621
87		28000.0		39661.90379		16338.09621
88		28000.0		39661.90379		16338.09621
89		30000.0		42649.11064		17350.88936
90		32000.0		41797.95897		22202.04103
91		34000.0		46000.0		22000.0
92		34000.0		46000.0		22000.0
93		34000.0		46000.0		22000.0
94		34000.0		46000.0		22000.0
95		34000.0		46000.0		22000.0
96		34000.0		46000.0		22000.0
97		34000.0		46000.0		22000.0
98		34000.0		46000.0		22000.0
99		34000.0		46000.0		22000.0
100		34000.0		46000.0		22000.0
101		34000.0		46000.0		22000.0
102		34000.0		46000.0		22000.0
103		34000.0		46000.0		22000.0
104		34000.0		46000.0		22000.0
105		34000.0		46000.0		22000.0
106		34000.0		46000.0		22000.0
107		34000.0		46000.0		22000.0
108		34000.0		46000.0		22000.0
109		34000.0		46000.0		22000.0
110		36000.0		46198.03903		25801.96097
111		38000.0		47797.95897		28202.04103
112		38000.0		47797.95897		28202.04103
113		38000.0		47797.95897		28202.04103
114		38000.0		47797.95897		28202.04103
115		40000.0		52649.11064		27350.88936
116		40000.0		52649.11064		27350.88936
117		40000.0		52649.11064		27350.88936
118		40000.0		52649.11064		27350.88936
119		40000.0		52649.11064		27350.88936
120		42000.0		55266.49916		28733.50084
121		44000.0		58966.62955		29033.37045
122		44000.0		58966.62955		29033.37045
123		44000.0		58966.62955		29033.37045
124		44000.0		58966.62955		29033.37045
125		46000.0		63435.59577		28564.40423
126		48000.0		65204.65053		30795.34947
127		50000.0		67888.54382		32111.45618
128		50000.0		67888.54382		32111.45618
129		50000.0		67888.54382		32111.45618
130		50000.0		67888.54382		32111.45618
131		50000.0		67888.54382		32111.45618
132		50000.0		67888.54382		32111.45618
133		50000.0		67888.54382		32111.45618
134		52000.0		71390.71943		32609.28057
135		54000.0		75540.65923		32459.34077
136		54000.0		75540.65923		32459.34077
137		54000.0		75540.65923		32459.34077
138		54000.0		75540.65923		32459.34077
139		54000.0		75540.65923		32459.34077
140		54000.0		75540.65923		32459.34077
141		56000.0		74547.23699		37452.76301
142		56000.0		74547.23699		37452.76301
143		56000.0		74547.23699		37452.76301
144		56000.0		74547.23699		37452.76301
145		58000.0		74000.0		42000.0
146		62000.0		76696.93846		47303.06154
147		62000.0		76696.93846		47303.06154
148		62000.0		76696.93846		47303.06154
149		64000.0		80248.07681		47751.92319
150		64000.0		80248.07681		47751.92319
151		64000.0		80248.07681		47751.92319
152		66000.0		83435.59577		48564.40423
153		66000.0		83435.59577		48564.40423
154		66000.0		83435.59577		48564.40423
155		66000.0		83435.59577		48564.40423
156		66000.0		83435.59577		48564.40423
157		66000.0		83435.59577		48564.40423
158		66000.0		83435.59577		48564.40423
159		66000.0		83435.59577		48564.40423
160		66000.0		83435.59577		48564.40423
161		66000.0		83435.59577		48564.40423
162		66000.0		83435.59577		48564.40423
163		66000.0		83435.59577		48564.40423
164		66000.0		83435.59577		48564.40423
165		66000.0		83435.59577		48564.40423
166		68000.0		87390.71943		48609.28057
167		70000.0		91908.9023		48091.0977
168		70000.0		91908.9023		48091.0977
169		74000.0		95540.65923		52459.34077
170		78000.0		102819.34729		53180.65271
171		78000.0		102819.34729		53180.65271
172		78000.0		102819.34729		53180.65271
173		80000.0		101908.9023		58091.0977
174		84000.0		104591.26028		63408.73972
175		84000.0		104591.26028		63408.73972
176		84000.0		104591.26028		63408.73972
177		84000.0		104591.26028		63408.73972
178		86000.0		104547.23699		67452.76301
179		86000.0		104547.23699		67452.76301
180		88000.0		104000.0		72000.0
181		88000.0		104000.0		72000.0
182		88000.0		104000.0		72000.0
183		88000.0		104000.0		72000.0
184		88000.0		104000.0		72000.0
185		88000.0		104000.0		72000.0
186		90000.0		108973.66596		71026.33404
187		92000.0		114271.05745		69728.94255
188		92000.0		114271.05745		69728.94255
189		92000.0		114271.05745		69728.94255
190		92000.0		114271.05745		69728.94255
191		92000.0		114271.05745		69728.94255
192		92000.0		114271.05745		69728.94255
193		92000.0		114271.05745		69728.94255
194		92000.0		114271.05745		69728.94255
195		92000.0		114271.05745		69728.94255
196		92000.0		114271.05745		69728.94255
197		92000.0		114271.05745		69728.94255
198		92000.0		114271.05745		69728.94255
199		94000.0		117323.80758		70676.19242
200		94000.0		117323.80758		70676.19242
201		94000.0		117323.80758		70676.19242
202		96000.0		120979.99199		71020.00801
203		96000.0		120979.99199		71020.00801
204		96000.0		120979.99199		71020.00801
205		96000.0		120979.99199		71020.00801
206		96000.0		120979.99199		71020.00801
207		96000.0		120979.99199		71020.00801
208		96000.0		120979.99199		71020.00801
209		96000.0		120979.99199		71020.00801
210		102000.0		127612.49695		76387.50305
211		104000.0		132705.40019		75294.59981
212		106000.0		138000.0		74000.0
213		106000.0		138000.0		74000.0
214		108000.0		139874.7549		76125.2451
215		108000.0		139874.7549		76125.2451
216		108000.0		139874.7549		76125.2451
217		108000.0		139874.7549		76125.2451
218		108000.0		139874.7549		76125.2451
219		108000.0		139874.7549		76125.2451
220		108000.0		139874.7549		76125.2451
221		108000.0		139874.7549		76125.2451
222		112000.0		148000.0		76000.0
223		116000.0		153202.15048		78797.84952
224		118000.0		155629.77544		80370.22456
225		120000.0		158470.76812		81529.23188
226		120000.0		158470.76812		81529.23188
227		120000.0		158470.76812		81529.23188
228		122000.0		161698.86648		82301.13352
229		122000.0		161698.86648		82301.13352
230		124000.0		164792.15611		83207.84389
231		124000.0		164792.15611		83207.84389
232		126000.0		164781.43886		87218.56114
233		128000.0		165094.47398		90905.52602
234		130000.0		164058.77273		95941.22727
235		130000.0		164058.77273		95941.22727
236		130000.0		164058.77273		95941.22727
237		130000.0		164058.77273		95941.22727
238		130000.0		164058.77273		95941.22727
239		130000.0		164058.77273		95941.22727
240		130000.0		164058.77273		95941.22727
241		130000.0		164058.77273		95941.22727
242		130000.0		164058.77273		95941.22727
243		132000.0		168551.33376		95448.66624
244		132000.0		168551.33376		95448.66624
245		136000.0		170985.71137		101014.28863
246		138000.0		170496.15362		105503.84638
247		140000.0		170331.50178		109668.49822
248		140000.0		170331.50178		109668.49822
249		140000.0		170331.50178		109668.49822
250		140000.0		170331.50178		109668.49822
251		140000.0		170331.50178		109668.49822
252		142000.0		175105.89071		108894.10929
253		142000.0		175105.89071		108894.10929
254		142000.0		175105.89071		108894.10929
255		144000.0		180110.94017		107889.05983
256		146000.0		185293.76541		106706.23459
257		148000.0		185629.77544		110370.22456
258		152000.0		189094.47398		114905.52602
259		154000.0		190110.94017		117889.05983
260		156000.0		191552.77767		120447.22233
261		158000.0		193440.09029		122559.90971
262		160000.0		195777.08764		124222.91236
263		160000.0		195777.08764		124222.91236
264		162000.0		197440.09029		126559.90971
265		164000.0		202262.25294		125737.74706
266		164000.0		202262.25294		125737.74706
267		164000.0		202262.25294		125737.74706
268		164000.0		202262.25294		125737.74706
269		166000.0		204781.43886		127218.56114
270		166000.0		204781.43886		127218.56114
271		166000.0		204781.43886		127218.56114
272		166000.0		204781.43886		127218.56114
273		170000.0		208470.76812		131529.23188
274		172000.0		213665.33331		130334.66669
275		174000.0		218988.88752		129011.11248
276		176000.0		224414.87375		127585.12625
277		176000.0		224414.87375		127585.12625
278		176000.0		224414.87375		127585.12625
279		178000.0		225916.5942		130083.4058
280		180000.0		227749.34555		132250.65445
281		180000.0		227749.34555		132250.65445
282		180000.0		227749.34555		132250.65445
283		182000.0		229497.36835		134502.63165
284		184000.0		231581.50901		136418.49099
285		186000.0		233581.50901		138418.49099
286		188000.0		235916.5942		140083.4058
287		188000.0		235916.5942		140083.4058
288		188000.0		235916.5942		140083.4058
289		188000.0		235916.5942		140083.4058
290		188000.0		235916.5942		140083.4058
291		188000.0		235916.5942		140083.4058
292		188000.0		235916.5942		140083.4058
293		188000.0		235916.5942		140083.4058
294		188000.0		235916.5942		140083.4058
295		188000.0		235916.5942		140083.4058
296		188000.0		235916.5942		140083.4058
297		188000.0		235916.5942		140083.4058
298		190000.0		237749.34555		142250.65445
299		192000.0		239916.5942		144083.4058
300		194000.0		242414.87375		145585.12625
301		194000.0		242414.87375		145585.12625
302		196000.0		247224.9939		144775.0061
303		198000.0		249536.39491		146463.60509
304		202000.0		254687.75949		149312.24051
305		202000.0		254687.75949		149312.24051
306		202000.0		254687.75949		149312.24051
307		202000.0		254687.75949		149312.24051
308		204000.0		253234.1345		154765.8655
309		208000.0		253343.1362		162656.8638
310		208000.0		253343.1362		162656.8638
311		208000.0		253343.1362		162656.8638
312		208000.0		253343.1362		162656.8638
313		208000.0		253343.1362		162656.8638
314		210000.0		256043.45773		163956.54227
315		210000.0		256043.45773		163956.54227
316		210000.0		256043.45773		163956.54227
317		210000.0		256043.45773		163956.54227
318		210000.0		256043.45773		163956.54227
319		210000.0		256043.45773		163956.54227
320		210000.0		256043.45773		163956.54227
321		210000.0		256043.45773		163956.54227
322		210000.0		256043.45773		163956.54227
323		210000.0		256043.45773		163956.54227
324		210000.0		256043.45773		163956.54227
325		210000.0		256043.45773		163956.54227
326		210000.0		256043.45773		163956.54227
327		210000.0		256043.45773		163956.54227
328		210000.0		256043.45773		163956.54227
329		212000.0		258647.61516		165352.38484
330		212000.0		258647.61516		165352.38484
331		214000.0		260303.34761		167696.65239
332		214000.0		260303.34761		167696.65239
333		214000.0		260303.34761		167696.65239
334		216000.0		258708.31301		173291.68699
335		218000.0		257191.83588		178808.16412
336		218000.0		257191.83588		178808.16412
337		218000.0		257191.83588		178808.16412
338		218000.0		257191.83588		178808.16412
339		220000.0		255777.08764		184222.91236
340		222000.0		254496.15362		189503.84638
341		222000.0		254496.15362		189503.84638
342		222000.0		254496.15362		189503.84638
343		222000.0		254496.15362		189503.84638
344		222000.0		254496.15362		189503.84638
345		222000.0		254496.15362		189503.84638
346		222000.0		254496.15362		189503.84638
347		222000.0		254496.15362		189503.84638
348		222000.0		254496.15362		189503.84638
349		222000.0		254496.15362		189503.84638
350		224000.0		257226.49545		190773.50455
351		224000.0		257226.49545		190773.50455
352		224000.0		257226.49545		190773.50455
353		224000.0		257226.49545		190773.50455
354		224000.0		257226.49545		190773.50455
355		226000.0		256066.59276		195933.40724
356		228000.0		257257.47768		198742.52232
357		228000.0		257257.47768		198742.52232
358		228000.0		257257.47768		198742.52232
359		228000.0		257257.47768		198742.52232
360		230000.0		259664.79395		200335.20605
361		230000.0		259664.79395		200335.20605
362		230000.0		259664.79395		200335.20605
363		230000.0		259664.79395		200335.20605
364		230000.0		259664.79395		200335.20605
365		230000.0		259664.79395		200335.20605
366		232000.0		262594.11708		201405.88292
367		234000.0		266000.0		202000.0
368		236000.0		270409.30107		201590.69893
369		238000.0		275094.47398		200905.52602
370		240000.0		278470.76812		201529.23188
371		240000.0		278470.76812		201529.23188
372		240000.0		278470.76812		201529.23188
373		240000.0		278470.76812		201529.23188
374		240000.0		278470.76812		201529.23188
375		240000.0		278470.76812		201529.23188
376		240000.0		278470.76812		201529.23188
377		240000.0		278470.76812		201529.23188
378		240000.0		278470.76812		201529.23188
379		240000.0		278470.76812		201529.23188
380		244000.0		285279.53488		202720.46512
381		246000.0		290090.81537		201909.18463
382		248000.0		295074.40918		200925.59082
383		248000.0		295074.40918		200925.59082
384		248000.0		295074.40918		200925.59082
385		248000.0		295074.40918		200925.59082
386		248000.0		295074.40918		200925.59082
387		248000.0		295074.40918		200925.59082
388		248000.0		295074.40918		200925.59082
389		248000.0		295074.40918		200925.59082
390		248000.0		295074.40918		200925.59082
391		248000.0		295074.40918		200925.59082
392		248000.0		295074.40918		200925.59082
393		248000.0		295074.40918		200925.59082
394		248000.0		295074.40918		200925.59082
395		248000.0		295074.40918		200925.59082
396		248000.0		295074.40918		200925.59082
397		248000.0		295074.40918		200925.59082
398		248000.0		295074.40918		200925.59082
399		248000.0		295074.40918		200925.59082
400		248000.0		295074.40918		200925.59082
401		248000.0		295074.40918		200925.59082
402		248000.0		295074.40918		200925.59082
403		250000.0		298166.37832		201833.62168
404		250000.0		298166.37832		201833.62168
405		250000.0		298166.37832		201833.62168
406		252000.0		301558.04677		202441.95323
407		252000.0		301558.04677		202441.95323
408		252000.0		301558.04677		202441.95323
409		252000.0		301558.04677		202441.95323
410		252000.0		301558.04677		202441.95323
411		252000.0		301558.04677		202441.95323
412		252000.0		301558.04677		202441.95323
413		254000.0		306383.20341		201616.79659
414		254000.0		306383.20341		201616.79659
415		256000.0		305638.69458		206361.30542
416		256000.0		305638.69458		206361.30542
417		256000.0		305638.69458		206361.30542
418		256000.0		305638.69458		206361.30542
419		258000.0		305074.40918		210925.59082
420		260000.0		304721.35955		215278.64045
421		262000.0		308216.88003		215783.11997
422		262000.0		308216.88003		215783.11997
423		264000.0		308090.81537		219909.18463
424		266000.0		311869.37976		220130.62024
425		266000.0		311869.37976		220130.62024
426		266000.0		311869.37976		220130.62024
427		268000.0		315916.5942		220083.4058
428		268000.0		315916.5942		220083.4058
429		268000.0		315916.5942		220083.4058
430		268000.0		315916.5942		220083.4058
431		268000.0		315916.5942		220083.4058
432		268000.0		315916.5942		220083.4058
433		268000.0		315916.5942		220083.4058
434		268000.0		315916.5942		220083.4058
435		270000.0		317328.63826		222671.36174
436		272000.0		317343.1362		226656.8638
437		272000.0		317343.1362		226656.8638
438		272000.0		317343.1362		226656.8638
439		276000.0		318708.31301		233291.68699
440		276000.0		318708.31301		233291.68699
441		276000.0		318708.31301		233291.68699
442		276000.0		318708.31301		233291.68699
443		276000.0		318708.31301		233291.68699
444		276000.0		318708.31301		233291.68699
445		276000.0		318708.31301		233291.68699
446		276000.0		318708.31301		233291.68699
447		276000.0		318708.31301		233291.68699
448		278000.0		318693.9799		237306.0201
449		278000.0		318693.9799		237306.0201
450		278000.0		318693.9799		237306.0201
451		280000.0		318987.17738		241012.82262
452		280000.0		318987.17738		241012.82262
453		280000.0		318987.17738		241012.82262
454		280000.0		318987.17738		241012.82262
455		280000.0		318987.17738		241012.82262
456		280000.0		318987.17738		241012.82262
457		280000.0		318987.17738		241012.82262
458		280000.0		318987.17738		241012.82262
459		280000.0		318987.17738		241012.82262
460		280000.0		318987.17738		241012.82262
461		280000.0		318987.17738		241012.82262
462		280000.0		318987.17738		241012.82262
463		282000.0		319629.77544		244370.22456
464		284000.0		320660.60556		247339.39444
465		286000.0		322110.94017		249889.05983
466		288000.0		324000.0		252000.0
467		288000.0		324000.0		252000.0
468		288000.0		324000.0		252000.0
469		290000.0		327947.33192		252052.66808
470		290000.0		327947.33192		252052.66808
471		292000.0		332199.50248		251800.49752
472		294000.0		336708.31301		251291.68699
473		294000.0		336708.31301		251291.68699
474		294000.0		336708.31301		251291.68699
475		294000.0		336708.31301		251291.68699
476		294000.0		336708.31301		251291.68699
477		294000.0		336708.31301		251291.68699
478		294000.0		336708.31301		251291.68699
479		294000.0		336708.31301		251291.68699
480		296000.0		341431.26677		250568.73323
481		298000.0		346332.18389		249667.81611
482		298000.0		346332.18389		249667.81611
483		298000.0		346332.18389		249667.81611
484		298000.0		346332.18389		249667.81611
485		298000.0		346332.18389		249667.81611
486		298000.0		346332.18389		249667.81611
487		298000.0		346332.18389		249667.81611
488		300000.0		348166.37832		251833.62168
489		302000.0		350332.18389		253667.81611
490		304000.0		352826.22246		255173.77754
491		306000.0		353581.50901		258418.49099
492		308000.0		354647.61516		261352.38484
493		308000.0		354647.61516		261352.38484
494		308000.0		354647.61516		261352.38484
495		308000.0		354647.61516		261352.38484
496		310000.0		359396.35614		260603.64386
497		310000.0		359396.35614		260603.64386
498		310000.0		359396.35614		260603.64386
499		310000.0		359396.35614		260603.64386
500		310000.0		359396.35614		260603.64386
