episode	mediator-max-opt_runtime_mean	mediator-max-opt_runtime_std_up	mediator-max-opt_runtime_std_down
1		0.00018		0.00023		0.00013
2		0.00778		0.00841		0.00715
3		0.01454		0.01611		0.01297
4		0.02126		0.02335		0.01918
5		0.02793		0.02996		0.0259
6		0.03417		0.03627		0.03206
7		0.04104		0.04464		0.03743
8		0.04795		0.05244		0.04346
9		0.0552		0.06044		0.04997
10		0.06184		0.0669		0.05678
11		0.06863		0.07412		0.06314
12		0.07529		0.08054		0.07003
13		0.08182		0.0879		0.07575
14		0.08832		0.09444		0.08219
15		0.09488		0.1015		0.08827
16		0.10153		0.10908		0.09398
17		0.10776		0.11587		0.09966
18		0.11442		0.12341		0.10544
19		0.12105		0.12994		0.11216
20		0.12811		0.13725		0.11896
21		0.1343		0.14328		0.12531
22		0.14067		0.14974		0.13159
23		0.14695		0.15629		0.1376
24		0.15319		0.16256		0.14382
25		0.16007		0.1704		0.14975
26		0.16637		0.17673		0.15601
27		0.17286		0.18383		0.16189
28		0.17914		0.19022		0.16806
29		0.18547		0.19661		0.17432
30		0.19222		0.20313		0.18131
31		0.19889		0.20954		0.18824
32		0.20565		0.21676		0.19453
33		0.21202		0.22287		0.20117
34		0.21833		0.22943		0.20722
35		0.22476		0.23615		0.21337
36		0.23114		0.24251		0.21978
37		0.23756		0.2491		0.22603
38		0.24367		0.25514		0.23219
39		0.24998		0.26152		0.23843
40		0.25698		0.26891		0.24506
41		0.26381		0.27539		0.25222
42		0.27054		0.28216		0.25892
43		0.27706		0.28865		0.26548
44		0.28332		0.29471		0.27193
45		0.28989		0.30167		0.27812
46		0.29642		0.30811		0.28473
47		0.30295		0.31469		0.29121
48		0.30941		0.32101		0.29781
49		0.31569		0.32746		0.30392
50		0.32242		0.33413		0.3107
51		0.32939		0.34056		0.31822
52		0.33595		0.34708		0.32482
53		0.34324		0.35604		0.33045
54		0.35159		0.36846		0.33472
55		0.35887		0.37744		0.3403
56		0.36574		0.3848		0.34668
57		0.37198		0.3913		0.35265
58		0.37834		0.3977		0.35897
59		0.38454		0.40416		0.36492
60		0.39121		0.41064		0.37178
61		0.3982		0.41739		0.37902
62		0.40502		0.42449		0.38556
63		0.41193		0.43138		0.39248
64		0.4187		0.43901		0.39839
65		0.42506		0.44529		0.40483
66		0.43166		0.45198		0.41133
67		0.43788		0.45838		0.41738
68		0.44427		0.46488		0.42366
69		0.45074		0.47165		0.42984
70		0.45698		0.47784		0.43612
71		0.46413		0.48478		0.44348
72		0.47128		0.49218		0.45038
73		0.4779		0.49887		0.45693
74		0.4847		0.50612		0.46328
75		0.4909		0.51238		0.46943
76		0.49754		0.51938		0.47571
77		0.50403		0.52593		0.48213
78		0.51037		0.53256		0.48819
79		0.51675		0.53909		0.49441
80		0.52304		0.54542		0.50066
81		0.53009		0.55255		0.50763
82		0.53702		0.55953		0.5145
83		0.54395		0.56654		0.52135
84		0.55077		0.57341		0.52813
85		0.55712		0.57997		0.53427
86		0.56406		0.58733		0.54079
87		0.57065		0.59404		0.54725
88		0.57739		0.60097		0.55381
89		0.58396		0.60756		0.56036
90		0.59049		0.61479		0.56619
91		0.59803		0.62385		0.57222
92		0.60524		0.63138		0.57909
93		0.61214		0.63837		0.58591
94		0.61859		0.64466		0.59251
95		0.62504		0.65098		0.59911
96		0.63149		0.6574		0.60558
97		0.63786		0.66374		0.61199
98		0.64426		0.67023		0.6183
99		0.65029		0.67629		0.62429
100		0.65656		0.68275		0.63036
101		0.6633		0.68978		0.63682
102		0.6701		0.69622		0.64398
103		0.67694		0.70318		0.65071
104		0.68321		0.70913		0.6573
105		0.6896		0.71545		0.66375
106		0.69577		0.72158		0.66996
107		0.70236		0.72787		0.67684
108		0.70873		0.73423		0.68324
109		0.71482		0.74029		0.68935
110		0.72095		0.7462		0.69571
111		0.72786		0.75388		0.70185
112		0.73448		0.76018		0.70877
113		0.74137		0.76677		0.71598
114		0.74778		0.77313		0.72243
115		0.75415		0.7794		0.7289
116		0.76045		0.78599		0.73491
117		0.76693		0.79218		0.74169
118		0.77355		0.79884		0.74825
119		0.77986		0.80531		0.75441
120		0.78623		0.81168		0.76078
121		0.79294		0.8193		0.76658
122		0.79991		0.8261		0.77372
123		0.80719		0.83346		0.78091
124		0.81398		0.84029		0.78767
125		0.82051		0.84694		0.79407
126		0.82697		0.85365		0.8003
127		0.83334		0.85991		0.80677
128		0.83979		0.86683		0.81276
129		0.84594		0.87304		0.81883
130		0.85223		0.87933		0.82513
131		0.85889		0.88667		0.8311
132		0.86565		0.89341		0.83789
133		0.87278		0.90054		0.84503
134		0.87936		0.90702		0.85171
135		0.88577		0.91339		0.85814
136		0.8923		0.91984		0.86476
137		0.89871		0.92631		0.87112
138		0.90519		0.93308		0.8773
139		0.91164		0.93941		0.88386
140		0.91813		0.94617		0.89009
141		0.9245		0.95287		0.89613
142		0.93097		0.95933		0.90261
143		0.93807		0.96657		0.90957
144		0.94483		0.97326		0.9164
145		0.95131		0.97971		0.92292
146		0.95776		0.98607		0.92946
147		0.96415		0.99239		0.9359
148		0.9709		0.99928		0.94251
149		0.9771		1.0054		0.94879
150		0.98335		1.01191		0.9548
151		0.98983		1.0189		0.96076
152		0.99628		1.02541		0.96715
153		1.00302		1.03282		0.97322
154		1.00989		1.03962		0.98015
155		1.01659		1.04642		0.98676
156		1.02316		1.05296		0.99336
157		1.02956		1.05933		0.99979
158		1.03584		1.06571		1.00596
159		1.04208		1.07181		1.01235
160		1.04843		1.07809		1.01877
161		1.05483		1.08504		1.02461
162		1.06135		1.09168		1.03102
163		1.06772		1.09807		1.03737
164		1.07424		1.1043		1.04419
165		1.0813		1.11074		1.05186
166		1.08798		1.1175		1.05845
167		1.09461		1.12393		1.06529
168		1.10107		1.13069		1.07145
169		1.10757		1.13729		1.07785
170		1.11392		1.14341		1.08442
171		1.12039		1.15002		1.09075
172		1.12687		1.1569		1.09684
173		1.13325		1.16375		1.10275
174		1.13976		1.17017		1.10936
175		1.1465		1.17646		1.11653
176		1.15299		1.18309		1.12289
177		1.15928		1.18933		1.12923
178		1.16594		1.1962		1.13568
179		1.17247		1.20261		1.14233
180		1.17865		1.20885		1.14845
181		1.18501		1.21578		1.15425
182		1.19164		1.22322		1.16005
183		1.19802		1.22984		1.16621
184		1.20445		1.2363		1.1726
185		1.21132		1.24331		1.17932
186		1.21781		1.24989		1.18574
187		1.22418		1.25625		1.19211
188		1.23088		1.263		1.19876
189		1.23727		1.26947		1.20507
190		1.24352		1.27581		1.21124
191		1.24996		1.28236		1.21755
192		1.25632		1.28918		1.22346
193		1.26288		1.29623		1.22954
194		1.26954		1.30309		1.23599
195		1.27643		1.31035		1.24252
196		1.2831		1.31682		1.24937
197		1.29013		1.32388		1.25638
198		1.29651		1.33045		1.26256
199		1.30296		1.33683		1.26908
200		1.30949		1.34366		1.27533
201		1.31577		1.35019		1.28136
202		1.32229		1.35705		1.28754
203		1.32866		1.36353		1.29379
204		1.3349		1.36978		1.30003
205		1.34198		1.37783		1.30613
206		1.34857		1.38419		1.31295
207		1.35537		1.39129		1.31944
208		1.36178		1.39801		1.32556
209		1.36829		1.40445		1.33213
210		1.3749		1.41136		1.33844
211		1.38121		1.41787		1.34455
212		1.38754		1.4244		1.35068
213		1.39384		1.43076		1.35691
214		1.4		1.43706		1.36293
215		1.40659		1.44434		1.36884
216		1.41303		1.45057		1.37548
217		1.41996		1.45765		1.38227
218		1.42657		1.46413		1.38902
219		1.43283		1.47031		1.39536
220		1.43939		1.47676		1.40202
221		1.44599		1.48377		1.40822
222		1.45238		1.49044		1.41432
223		1.45868		1.49683		1.42052
224		1.46514		1.50371		1.42658
225		1.47148		1.51027		1.4327
226		1.47797		1.51657		1.43937
227		1.48483		1.52351		1.44615
228		1.49133		1.52987		1.45279
229		1.49787		1.53629		1.45945
230		1.5043		1.54278		1.46582
231		1.51107		1.54992		1.47222
232		1.51764		1.55678		1.47849
233		1.52403		1.56329		1.48477
234		1.53048		1.57004		1.49092
235		1.5368		1.57654		1.49706
236		1.54349		1.58387		1.50312
237		1.5501		1.59102		1.50917
238		1.55686		1.59758		1.51615
239		1.56396		1.60551		1.52242
240		1.57094		1.61329		1.52858
241		1.57772		1.621		1.53443
242		1.58432		1.62853		1.5401
243		1.59116		1.6361		1.54621
244		1.59786		1.64312		1.5526
245		1.6043		1.64979		1.55882
246		1.6108		1.65642		1.56517
247		1.61749		1.66326		1.57171
248		1.62424		1.67032		1.57816
249		1.63099		1.67732		1.58465
250		1.63801		1.68545		1.59056
251		1.64421		1.69164		1.59677
252		1.65079		1.69909		1.6025
253		1.65725		1.70567		1.60882
254		1.66369		1.71241		1.61498
255		1.66997		1.71876		1.62118
256		1.67628		1.72533		1.62724
257		1.68302		1.73229		1.63375
258		1.68946		1.73886		1.64006
259		1.6968		1.74701		1.64659
260		1.7036		1.75408		1.65312
261		1.71021		1.76133		1.65909
262		1.7166		1.76762		1.66559
263		1.72325		1.77421		1.6723
264		1.72964		1.78094		1.67834
265		1.73609		1.78729		1.68488
266		1.74279		1.7942		1.69138
267		1.7493		1.80072		1.69787
268		1.75631		1.80856		1.70406
269		1.76325		1.81622		1.71027
270		1.77005		1.82314		1.71696
271		1.77688		1.83051		1.72325
272		1.78329		1.83684		1.72975
273		1.78999		1.84406		1.73592
274		1.79657		1.85116		1.74198
275		1.80303		1.85811		1.74795
276		1.8093		1.86443		1.75417
277		1.81565		1.87105		1.76024
278		1.82214		1.87776		1.76651
279		1.82874		1.88436		1.77311
280		1.83542		1.89117		1.77967
281		1.84221		1.89765		1.78677
282		1.84878		1.90404		1.79352
283		1.85536		1.91084		1.79988
284		1.86194		1.9174		1.80648
285		1.86855		1.92402		1.81308
286		1.87479		1.93043		1.81915
287		1.88127		1.93734		1.8252
288		1.88824		1.9451		1.83139
289		1.8955		1.95366		1.83734
290		1.90237		1.96113		1.84361
291		1.90911		1.96838		1.84984
292		1.91576		1.97548		1.85603
293		1.92236		1.98209		1.86264
294		1.92907		1.98905		1.86908
295		1.9359		1.99587		1.87593
296		1.94235		2.00266		1.88204
297		1.94873		2.00915		1.88832
298		1.95531		2.01582		1.89479
299		1.96153		2.02225		1.9008
300		1.9685		2.02892		1.90808
301		1.97528		2.03578		1.91478
302		1.98185		2.04265		1.92105
303		1.98826		2.0491		1.92741
304		1.99461		2.05553		1.93369
305		2.0011		2.06224		1.93997
306		2.00754		2.06904		1.94604
307		2.01393		2.07561		1.95224
308		2.02038		2.08228		1.95848
309		2.02679		2.089		1.96458
310		2.03322		2.09536		1.97109
311		2.03997		2.10206		1.97788
312		2.04727		2.11118		1.98336
313		2.05527		2.12226		1.98828
314		2.06219		2.1305		1.99389
315		2.06905		2.13804		2.00005
316		2.07567		2.14488		2.00647
317		2.08251		2.15253		2.0125
318		2.08885		2.1591		2.0186
319		2.09531		2.16588		2.02474
320		2.1024		2.17332		2.03149
321		2.1092		2.18017		2.03823
322		2.11581		2.18713		2.04449
323		2.12254		2.19451		2.05057
324		2.1292		2.2016		2.05679
325		2.13595		2.20878		2.06312
326		2.14261		2.21592		2.0693
327		2.14906		2.22241		2.0757
328		2.15543		2.229		2.08187
329		2.16183		2.23554		2.08811
330		2.16832		2.24239		2.09426
331		2.17509		2.24924		2.10093
332		2.18139		2.25588		2.1069
333		2.18815		2.26301		2.1133
334		2.19503		2.27053		2.11953
335		2.20154		2.27766		2.12541
336		2.20852		2.28559		2.13144
337		2.21511		2.29292		2.1373
338		2.22155		2.29936		2.14375
339		2.22816		2.30635		2.14996
340		2.23478		2.31332		2.15624
341		2.24177		2.32103		2.1625
342		2.24856		2.32872		2.1684
343		2.25524		2.3361		2.17439
344		2.26224		2.34385		2.18064
345		2.26913		2.35127		2.187
346		2.27581		2.35833		2.19328
347		2.28249		2.36517		2.19981
348		2.28913		2.37228		2.20599
349		2.29563		2.37879		2.21246
350		2.30227		2.38604		2.21849
351		2.30902		2.39296		2.22509
352		2.31571		2.39998		2.23144
353		2.32224		2.40677		2.23771
354		2.32865		2.41313		2.24417
355		2.33541		2.42019		2.25063
356		2.34182		2.4267		2.25693
357		2.34819		2.43331		2.26308
358		2.35491		2.44038		2.26944
359		2.36127		2.44693		2.27561
360		2.36819		2.45441		2.28197
361		2.37476		2.46081		2.28871
362		2.38163		2.468		2.29526
363		2.38841		2.47455		2.30227
364		2.395		2.48117		2.30883
365		2.40151		2.48791		2.31512
366		2.4081		2.49432		2.32188
367		2.41468		2.50116		2.32819
368		2.42122		2.50773		2.33471
369		2.42797		2.5152		2.34075
370		2.43476		2.52271		2.3468
371		2.44151		2.52952		2.3535
372		2.44855		2.5371		2.36
373		2.45503		2.5436		2.36645
374		2.46165		2.5503		2.373
375		2.46799		2.55668		2.37931
376		2.47473		2.5638		2.38567
377		2.48109		2.57029		2.39189
378		2.48767		2.57695		2.39839
379		2.49432		2.58383		2.4048
380		2.50085		2.59063		2.41107
381		2.508		2.59871		2.41729
382		2.51448		2.6053		2.42366
383		2.52104		2.61206		2.43002
384		2.52731		2.6185		2.43613
385		2.53388		2.62525		2.44252
386		2.54047		2.63194		2.44899
387		2.54667		2.63827		2.45507
388		2.55344		2.64573		2.46115
389		2.56004		2.65231		2.46777
390		2.56673		2.65962		2.47385
391		2.57323		2.66633		2.48014
392		2.57978		2.67292		2.48663
393		2.58653		2.67975		2.4933
394		2.59295		2.68607		2.49984
395		2.59949		2.69288		2.5061
396		2.60594		2.69944		2.51243
397		2.61282		2.70626		2.51938
398		2.61969		2.71428		2.52511
399		2.62616		2.721		2.53131
400		2.633		2.72815		2.53785
401		2.63941		2.73442		2.5444
402		2.64607		2.7412		2.55095
403		2.65281		2.74775		2.55787
404		2.65946		2.75464		2.56428
405		2.66603		2.76144		2.57061
406		2.67235		2.76768		2.57702
407		2.67902		2.77489		2.58315
408		2.68543		2.78155		2.58931
409		2.69222		2.78902		2.59542
410		2.69875		2.79568		2.60181
411		2.70527		2.802		2.60853
412		2.71197		2.809		2.61495
413		2.71877		2.81552		2.62201
414		2.72565		2.82283		2.62847
415		2.73211		2.82938		2.63484
416		2.73849		2.83583		2.64114
417		2.74499		2.84294		2.64705
418		2.75137		2.84941		2.65333
419		2.75812		2.85714		2.65911
420		2.76477		2.86368		2.66587
421		2.7713		2.87046		2.67214
422		2.77765		2.8768		2.6785
423		2.78441		2.88341		2.68541
424		2.7911		2.89037		2.69182
425		2.79757		2.89675		2.69839
426		2.80431		2.90434		2.70429
427		2.81108		2.91167		2.71049
428		2.81768		2.91898		2.71637
429		2.8245		2.92636		2.72265
430		2.83088		2.93299		2.72877
431		2.83714		2.9395		2.73479
432		2.84339		2.94571		2.74106
433		2.8503		2.95344		2.74716
434		2.857		2.96002		2.75398
435		2.86394		2.96691		2.76098
436		2.87052		2.97339		2.76765
437		2.87736		2.9808		2.77391
438		2.88402		2.98821		2.77983
439		2.89065		2.99471		2.78659
440		2.89781		3.00224		2.79337
441		2.90412		3.0083		2.79994
442		2.91078		3.01516		2.80641
443		2.91721		3.02159		2.81282
444		2.92402		3.02791		2.82013
445		2.93076		3.03473		2.82679
446		2.93756		3.04167		2.83346
447		2.9445		3.04901		2.83999
448		2.95112		3.05586		2.84638
449		2.95787		3.06261		2.85312
450		2.9644		3.06938		2.85943
451		2.97066		3.07565		2.86568
452		2.97728		3.08244		2.87212
453		2.98383		3.08881		2.87885
454		2.99037		3.09521		2.88552
455		2.99689		3.10178		2.892
456		3.00347		3.10865		2.89829
457		3.01014		3.11523		2.90504
458		3.01666		3.12201		2.91132
459		3.02303		3.12831		2.91775
460		3.02943		3.13474		2.92412
461		3.0356		3.14099		2.93021
462		3.04185		3.1473		2.9364
463		3.04816		3.15349		2.94282
464		3.05459		3.15973		2.94944
465		3.06127		3.16618		2.95636
466		3.0679		3.17269		2.96311
467		3.07461		3.17977		2.96945
468		3.08109		3.1865		2.97567
469		3.08749		3.19326		2.98172
470		3.09413		3.19973		2.98852
471		3.10029		3.20593		2.99465
472		3.1065		3.21206		3.00094
473		3.11301		3.21882		3.00721
474		3.11996		3.22558		3.01435
475		3.12642		3.23181		3.02102
476		3.13308		3.23814		3.02802
477		3.13943		3.24476		3.03411
478		3.14615		3.25184		3.04046
479		3.15278		3.25904		3.04652
480		3.15907		3.26535		3.05278
481		3.1654		3.27171		3.05909
482		3.17153		3.27787		3.06518
483		3.17797		3.28465		3.07129
484		3.18435		3.29108		3.07763
485		3.19092		3.29745		3.08439
486		3.19754		3.30403		3.09105
487		3.20409		3.31078		3.09739
488		3.21049		3.31728		3.1037
489		3.21685		3.3238		3.10989
490		3.22333		3.33036		3.11629
491		3.22957		3.33666		3.12248
492		3.23576		3.34272		3.12881
493		3.2421		3.34906		3.13515
494		3.24844		3.35546		3.14142
495		3.25501		3.36187		3.14815
496		3.26188		3.36856		3.15519
497		3.26838		3.37499		3.16178
498		3.27531		3.38228		3.16835
499		3.28196		3.38911		3.17481
500		3.28847		3.39568		3.18126
