step	mediator-max-opt_runtime_mean	mediator-max-opt_runtime_std_up	mediator-max-opt_runtime_std_down
1		0.00012		0.00015		0.0001
2		0.00605		0.00623		0.00588
3		0.01201		0.01242		0.0116
4		0.01805		0.01873		0.01737
5		0.02404		0.02509		0.023
6		0.03139		0.03411		0.02868
7		0.03956		0.04445		0.03467
8		0.04709		0.05248		0.0417
9		0.05498		0.06087		0.0491
10		0.06341		0.07011		0.05671
11		0.07217		0.07953		0.06481
12		0.08113		0.0891		0.07316
13		0.08985		0.09795		0.08174
14		0.09844		0.1066		0.09029
15		0.1071		0.11537		0.09882
16		0.11635		0.12548		0.10722
17		0.12542		0.13541		0.11543
18		0.13417		0.14461		0.12372
19		0.14281		0.15343		0.13219
20		0.15225		0.16351		0.14098
21		0.16193		0.1741		0.14977
22		0.17191		0.18451		0.15931
23		0.18191		0.19487		0.16895
24		0.19146		0.20451		0.17841
25		0.20111		0.2144		0.18782
26		0.21079		0.22452		0.19706
27		0.22075		0.23531		0.20618
28		0.23037		0.24522		0.21551
29		0.23988		0.25492		0.22483
30		0.24965		0.26528		0.23401
31		0.25944		0.27558		0.2433
32		0.26943		0.28596		0.2529
33		0.27939		0.29614		0.26264
34		0.28897		0.30579		0.27216
35		0.29867		0.31586		0.28149
36		0.30836		0.3259		0.29081
37		0.31824		0.33632		0.30016
38		0.32774		0.346		0.30948
39		0.33727		0.3556		0.31894
40		0.34719		0.36639		0.32799
41		0.35686		0.37652		0.3372
42		0.36685		0.38688		0.34682
43		0.37662		0.39686		0.35639
44		0.38619		0.40661		0.36576
45		0.39592		0.41674		0.37509
46		0.4057		0.42713		0.38428
47		0.4156		0.43757		0.39363
48		0.42517		0.44732		0.40303
49		0.4352		0.45811		0.41229
50		0.44484		0.46827		0.42141
51		0.45441		0.47814		0.43067
52		0.46431		0.48832		0.44029
53		0.47395		0.4981		0.4498
54		0.48366		0.50811		0.45921
55		0.49338		0.51844		0.46833
56		0.5035		0.52909		0.47791
57		0.51344		0.53921		0.48767
58		0.52302		0.54885		0.49719
59		0.53329		0.5602		0.50638
60		0.54291		0.57023		0.5156
61		0.55268		0.58069		0.52466
62		0.56261		0.59104		0.53418
63		0.57235		0.60116		0.54353
64		0.58229		0.61179		0.5528
65		0.59192		0.62178		0.56205
66		0.60152		0.63183		0.57121
67		0.61045		0.64052		0.58038
68		0.62008		0.65052		0.58964
69		0.62927		0.66056		0.59799
70		0.63909		0.67091		0.60727
71		0.64764		0.67965		0.61563
72		0.65746		0.68983		0.62508
73		0.66618		0.69882		0.63354
74		0.67608		0.70944		0.64271
75		0.68507		0.71924		0.6509
76		0.69468		0.72928		0.66008
77		0.70349		0.73868		0.6683
78		0.71313		0.7487		0.67756
79		0.722		0.75816		0.68585
80		0.73106		0.76746		0.69467
81		0.74049		0.77736		0.70361
82		0.74901		0.78596		0.71207
83		0.75832		0.79561		0.72104
84		0.76712		0.80478		0.72946
85		0.77581		0.81378		0.73785
86		0.78458		0.82292		0.74625
87		0.79325		0.83182		0.75469
88		0.80168		0.84028		0.76308
89		0.81084		0.8506		0.77109
90		0.81993		0.86056		0.7793
91		0.82892		0.87008		0.78775
92		0.83754		0.87887		0.79621
93		0.84609		0.88739		0.8048
94		0.85558		0.89796		0.81319
95		0.86497		0.90887		0.82107
96		0.87379		0.91818		0.82939
97		0.88277		0.92735		0.83818
98		0.89147		0.93634		0.84661
99		0.90035		0.94573		0.85497
100		0.90934		0.95561		0.86307
101		0.91828		0.96529		0.87127
102		0.92717		0.97441		0.87994
103		0.93582		0.98298		0.88866
104		0.94453		0.99206		0.89701
105		0.95384		1.00226		0.90543
106		0.96288		1.01185		0.91391
107		0.9715		1.02077		0.92223
108		0.98001		1.02944		0.93057
109		0.989		1.03923		0.93877
110		0.99772		1.04818		0.94726
111		1.00671		1.05798		0.95543
112		1.01559		1.06742		0.96376
113		1.02439		1.07652		0.97226
114		1.03365		1.08702		0.98028
115		1.04264		1.09683		0.98845
116		1.05192		1.10691		0.99694
117		1.06116		1.11734		1.00498
118		1.06992		1.12649		1.01336
119		1.07911		1.13672		1.0215
120		1.08789		1.14603		1.02974
121		1.09723		1.15685		1.03762
122		1.10577		1.16555		1.04598
123		1.11454		1.17458		1.05451
124		1.1241		1.18582		1.06237
125		1.13416		1.19872		1.0696
126		1.14392		1.21079		1.07705
127		1.15365		1.22205		1.08525
128		1.1627		1.23187		1.09354
129		1.1716		1.24162		1.10159
130		1.18021		1.25044		1.10997
131		1.18865		1.25906		1.11824
132		1.19651		1.26709		1.12593
133		1.20527		1.27625		1.1343
134		1.21389		1.28548		1.14229
135		1.22211		1.2942		1.15002
136		1.23068		1.303		1.15835
137		1.23899		1.31161		1.16636
138		1.2476		1.32102		1.17418
139		1.25662		1.33097		1.18227
140		1.26453		1.33954		1.18951
141		1.27323		1.34877		1.19769
142		1.28111		1.35729		1.20493
143		1.29013		1.3673		1.21297
144		1.29795		1.37544		1.22047
145		1.30659		1.38447		1.22872
146		1.31481		1.39348		1.23613
147		1.32358		1.40264		1.24453
148		1.33134		1.41085		1.25182
149		1.34049		1.42098		1.26001
150		1.34852		1.42955		1.26749
151		1.35724		1.43848		1.276
152		1.36476		1.44605		1.28346
153		1.37351		1.45493		1.29208
154		1.38156		1.46377		1.29934
155		1.38978		1.47247		1.30709
156		1.39838		1.4817		1.31506
157		1.40621		1.48978		1.32264
158		1.41424		1.49773		1.33076
159		1.42272		1.50651		1.33893
160		1.43063		1.51509		1.34616
161		1.43907		1.5242		1.35394
162		1.44703		1.53287		1.36119
163		1.45577		1.54192		1.36961
164		1.46344		1.54977		1.37712
165		1.47129		1.55758		1.38499
166		1.47904		1.56572		1.39236
167		1.48678		1.57394		1.39963
168		1.49451		1.58202		1.407
169		1.50235		1.59006		1.41463
170		1.51029		1.59823		1.42236
171		1.51844		1.60663		1.43026
172		1.52625		1.61489		1.43762
173		1.53426		1.62334		1.44518
174		1.54259		1.63249		1.4527
175		1.55035		1.64052		1.46018
176		1.55794		1.64819		1.46769
177		1.56617		1.65757		1.47477
178		1.57392		1.66577		1.48208
179		1.58161		1.67369		1.48953
180		1.58934		1.68159		1.49708
181		1.59695		1.68935		1.50455
182		1.60503		1.69763		1.51243
183		1.61309		1.7063		1.51988
184		1.62113		1.71516		1.52711
185		1.62936		1.72422		1.5345
186		1.63756		1.73301		1.54212
187		1.64539		1.74103		1.54975
188		1.65312		1.74895		1.5573
189		1.66137		1.75825		1.56448
190		1.66911		1.76619		1.57204
191		1.67696		1.77467		1.57924
192		1.68451		1.78243		1.5866
193		1.69212		1.79008		1.59416
194		1.69992		1.79816		1.60169
195		1.70808		1.80702		1.60915
196		1.71574		1.81503		1.61646
197		1.72341		1.82297		1.62386
198		1.73136		1.83117		1.63155
199		1.73901		1.83891		1.6391
200		1.74689		1.84713		1.64664
201		1.75504		1.85641		1.65368
202		1.76273		1.86436		1.66111
203		1.77038		1.87233		1.66843
204		1.7779		1.87992		1.67587
205		1.78552		1.88762		1.68342
206		1.79328		1.8956		1.69095
207		1.80137		1.90419		1.69856
208		1.80916		1.91245		1.70587
209		1.81693		1.92062		1.71325
210		1.82499		1.92893		1.72106
211		1.83284		1.93703		1.72865
212		1.84056		1.94513		1.73599
213		1.84854		1.9539		1.74318
214		1.85633		1.96211		1.75055
215		1.86322		1.9691		1.75733
216		1.87083		1.97697		1.76469
217		1.87824		1.98461		1.77187
218		1.88583		1.99253		1.77914
219		1.89318		2.00042		1.78593
220		1.90122		2.00901		1.79344
221		1.90878		2.01702		1.80053
222		1.91646		2.02473		1.80818
223		1.92352		2.03176		1.81528
224		1.9312		2.03956		1.82284
225		1.9389		2.04802		1.82979
226		1.94625		2.05595		1.83655
227		1.95419		2.06454		1.84383
228		1.96159		2.0724		1.85078
229		1.96836		2.07911		1.85762
230		1.97594		2.08678		1.86511
231		1.98351		2.09504		1.87198
232		1.99044		2.102		1.87887
233		1.99816		2.10988		1.88644
234		2.0049		2.11665		1.89316
235		2.01239		2.12421		1.90056
236		2.01917		2.1311		1.90725
237		2.02704		2.1392		1.91488
238		2.03396		2.14615		1.92177
239		2.0422		2.15547		1.92892
240		2.04898		2.16264		1.93532
241		2.05665		2.17053		1.94276
242		2.06323		2.17723		1.94923
243		2.07087		2.18491		1.95682
244		2.07776		2.19184		1.96369
245		2.08535		2.19953		1.97117
246		2.09214		2.20645		1.97782
247		2.09979		2.21421		1.98537
248		2.10645		2.22089		1.99202
249		2.11418		2.22877		1.99959
250		2.12117		2.23596		2.00637
