episode	mediator-max-opt_inst_loss_mean	mediator-max-opt_inst_loss_std_up	mediator-max-opt_inst_loss_std_down
1		-5713.94878		830.91592		-12258.81348
2		-1631.24842		4689.69403		-7952.19087
3		-2.01579		5948.74643		-5952.77802
4		-1405.6772		6108.59482		-8919.94923
5		-1676.26894		6643.81006		-9996.34795
6		-2511.6934		4981.85139		-10005.23819
7		-3914.14905		5079.61351		-12907.91161
8		-4839.82711		4006.86763		-13686.52186
9		-1759.88939		7552.15687		-11071.93565
10		-1995.51601		3285.56738		-7276.59939
11		-742.47978		3268.68064		-4753.6402
12		-2051.81893		2987.36242		-7091.00028
13		-2879.47962		2204.87043		-7963.82967
14		-869.11805		5271.40241		-7009.6385
15		2408.50669		9632.2569		-4815.24353
16		1131.71488		8294.7061		-6031.27633
17		2808.09364		13605.02741		-7988.84012
18		924.66657		11101.76142		-9252.42829
19		-15.05625		11202.08456		-11232.19707
20		-12.50712		11793.26506		-11818.27929
21		-44.01807		13167.10744		-13255.14359
22		-761.07259		12244.19109		-13766.33628
23		-2815.24851		10427.81708		-16058.3141
24		-1335.75803		12329.56513		-15001.08119
25		-3471.47682		11226.66755		-18169.62118
26		-4874.89315		9758.35151		-19508.13781
27		-2754.78885		13257.90157		-18767.47927
28		-3619.44795		12712.48146		-19951.37736
29		-4656.24478		11458.67306		-20771.16263
30		-3665.24329		12749.76046		-20080.24704
31		-5973.1208		12646.09786		-24592.33946
32		-7034.69535		11829.85369		-25899.24438
33		-8801.83308		10983.05849		-28586.72466
34		-8678.71129		12728.70166		-30086.12424
35		-6512.23475		15488.92434		-28513.39385
36		-4793.62185		13380.52389		-22967.76759
37		-4371.73945		10946.65973		-19690.13863
38		-1944.38593		11301.48511		-15190.25698
39		698.52516		10284.14631		-8887.09599
40		2059.15877		9327.88255		-5209.565
41		736.45068		8989.12601		-7516.22465
42		-621.67937		7990.54801		-9233.90675
43		581.66767		8706.44163		-7543.10628
44		6112.48295		13400.39672		-1175.43082
45		3669.53177		11394.45982		-4055.39627
46		2103.53653		9883.98515		-5676.9121
47		2729.0549		10983.82779		-5525.718
48		4907.97314		13479.33297		-3663.38668
49		3762.7322		12881.27732		-5355.81291
50		5472.99303		15301.0349		-4355.04883
51		7139.97353		18519.32108		-4239.37402
52		5490.04501		16521.43979		-5541.34978
53		4074.92535		15293.30899		-7143.45829
54		3791.10032		15610.99173		-8028.79109
55		3905.30123		15295.35421		-7484.75175
56		4543.08148		17169.3837		-8083.22075
57		2917.29803		15449.94161		-9615.34556
58		2440.42317		15793.72342		-10912.87708
59		3111.20197		16302.67244		-10080.26851
60		4688.07193		14298.92912		-4922.78526
61		5824.87356		12140.17411		-490.427
62		4817.14389		12175.63169		-2541.3439
63		7308.82708		14879.98636		-262.3322
64		5612.72648		14849.7249		-3624.27194
65		5195.12762		14918.28385		-4528.02861
66		6181.56091		16929.78664		-4566.66483
67		4419.4658		13565.78249		-4726.85088
68		3513.93008		14302.55191		-7274.69175
69		3325.98088		13585.27253		-6933.31077
70		3718.80555		10616.48891		-3178.87782
71		6324.16765		10652.13003		1996.20528
72		4780.86352		8672.25307		889.47398
73		7145.763		11655.25298		2636.27302
74		9039.98243		11613.47075		6466.49412
75		7987.41332		10008.64788		5966.17877
76		8190.35073		10626.45843		5754.24304
77		7963.47541		12007.1201		3919.83073
78		7306.19032		12233.38122		2378.99942
79		6950.21239		11773.68876		2126.73603
80		7731.71917		11553.52665		3909.91169
81		8983.77935		12848.58788		5118.97083
82		9496.45727		13604.82824		5388.08631
83		9100.31643		13295.0347		4905.59816
84		7917.62874		11768.03494		4067.22254
85		8023.17695		13126.45161		2919.9023
86		6619.68312		10544.25679		2695.10944
87		7224.79701		11639.94793		2809.64609
88		8791.57093		14634.04889		2949.09298
89		6898.12552		11708.08197		2088.16906
90		6614.83548		11650.27582		1579.39515
91		6316.63545		11592.7364		1040.5345
92		7302.12236		12745.40921		1858.8355
93		9401.90816		12738.19429		6065.62204
94		9164.90564		12841.26811		5488.54317
95		8684.20743		11289.13927		6079.27558
96		8944.66225		13063.63053		4825.69396
97		8668.23417		11309.26806		6027.20029
98		7204.50492		10560.86207		3848.14777
99		7547.90427		11684.14597		3411.66256
100		6052.73983		11160.77855		944.70111
101		6886.11101		12245.3544		1526.86761
102		5879.17684		10927.18192		831.17176
103		6152.82208		12299.46858		6.17558
104		5338.51564		11964.49614		-1287.46486
105		4272.15376		10685.93401		-2141.62648
106		5782.62521		12918.24417		-1352.99376
107		6545.29029		13040.20657		50.37401
108		4997.3567		11224.33254		-1229.61913
109		5125.49055		11673.79728		-1422.81617
110		5882.52958		11932.10289		-167.04372
111		4272.1843		11419.26538		-2874.89678
112		4042.78202		12986.64527		-4901.08123
113		3557.91448		12394.54166		-5278.71269
114		2072.89856		11677.20176		-7531.40463
115		1860.58741		11212.06378		-7490.88896
116		2489.85094		12516.69179		-7536.98991
117		1118.24061		9443.79074		-7207.30952
118		491.61942		10292.63396		-9309.39513
119		355.07965		9623.31096		-8913.15167
120		-339.23747		9416.7955		-10095.27043
121		229.2841		10043.59532		-9585.02712
122		1565.22081		7396.44507		-4266.00344
123		2321.77915		6078.88163		-1435.32334
124		2996.15996		8023.98984		-2031.66992
125		5899.09978		11890.93843		-92.73886
126		4778.49385		9907.40921		-350.42151
127		7164.3771		13237.94208		1090.81213
128		6617.74188		9651.6863		3583.79745
129		5541.64472		8884.19175		2199.0977
130		5202.89338		8692.08392		1713.70284
131		4009.37508		8702.45534		-683.70518
132		4481.84146		9669.48953		-705.8066
133		4411.67676		10104.38908		-1281.03556
134		3995.77897		8316.85295		-325.29501
135		3651.52259		9624.81258		-2321.7674
136		2122.53421		7362.64107		-3117.57265
137		2182.54981		7009.05866		-2643.95904
138		1347.18379		5627.31416		-2932.94657
139		1982.44836		5576.70839		-1611.81167
140		766.98092		5365.83695		-3831.87511
141		1470.80829		5561.121		-2619.50443
142		-224.25079		4735.39841		-5183.9
143		-1533.83561		3231.056		-6298.72723
144		-1683.36254		3931.46867		-7298.19375
145		-4005.76829		2310.8677		-10322.40429
146		-3833.90569		2751.18532		-10418.9967
147		-3994.39154		3297.10201		-11285.88509
148		-5078.43099		2831.28859		-12988.15056
149		-4803.38135		2648.4115		-12255.17421
150		-4702.20858		4252.25433		-13656.6715
151		-5696.89302		3769.31409		-15163.10012
152		-6094.23842		3617.56624		-15806.04308
153		-4441.42784		5235.05565		-14117.91133
154		-1280.24916		7432.6572		-9993.15553
155		-4112.2915		4496.4127		-12720.9957
156		-4265.41322		5762.83393		-14293.66038
157		-6543.15482		3780.6909		-16867.00053
158		-6923.31651		2049.30633		-15895.93934
159		-7484.31031		2182.17355		-17150.79418
160		-4571.08547		4816.90058		-13959.07152
161		-8260.21482		760.29096		-17280.7206
162		-8758.27764		749.98165		-18266.53694
163		-6561.79456		4578.56035		-17702.14946
164		-6267.16813		1360.36669		-13894.70295
165		-2518.19595		2219.18941		-7255.58131
166		-2010.74855		6422.5103		-10444.00739
167		-4070.72378		3957.69625		-12099.1438
168		-2899.37946		6247.5157		-12046.27462
169		-2598.89626		6681.00209		-11878.79462
170		-4166.76515		3264.23706		-11597.76735
171		-5133.26835		4431.42711		-14697.9638
172		-5500.94929		5039.79225		-16041.69083
173		-3816.91297		7492.34835		-15126.17428
174		-1272.55593		5979.73981		-8524.85167
175		2739.29057		8558.88049		-3080.29934
176		2873.75695		7175.15468		-1427.64077
177		2404.4369		5362.57391		-553.70012
178		4405.44638		10828.64684		-2017.75407
179		3206.22711		8361.79415		-1949.33992
180		1455.02381		8102.05641		-5192.0088
181		1622.44823		8479.08869		-5234.19222
182		3086.76848		10973.77934		-4800.24237
183		1454.73525		9990.54454		-7081.07404
184		-80.34617		8469.58047		-8630.27282
185		-1773.29647		6465.87873		-10012.47168
186		-1362.81088		7895.22136		-10620.84311
187		-2286.32139		6050.70259		-10623.34538
188		-2073.51582		5817.16283		-9964.19447
189		-2190.9038		4843.82652		-9225.63413
190		-2475.29371		7047.58703		-11998.17445
191		-1219.97938		10913.20927		-13353.16803
192		-704.47736		10502.06752		-11911.02224
193		2554.28312		11561.72095		-6453.15472
194		1257.6342		11431.8898		-8916.62139
195		53.56422		9525.46972		-9418.34129
196		-1836.03917		8955.62929		-12627.70763
197		-2590.61922		9202.84223		-14384.08067
198		-2735.22317		8544.94013		-14015.38648
199		-1466.05979		7113.99844		-10046.11803
200		-130.09835		6608.77794		-6868.97463
201		1402.80621		8385.63869		-5580.02626
202		-416.95641		6978.20819		-7812.12101
203		-1597.8847		5711.0623		-8906.83171
204		-1536.0927		7200.01685		-10272.20225
205		-264.36036		9989.10398		-10517.8247
206		-1152.08238		7229.7523		-9533.91705
207		-2784.66561		5302.38264		-10871.71385
208		-2465.9666		7182.17055		-12114.10374
209		-3556.61424		5291.19563		-12404.42411
210		-4346.76832		3850.00754		-12543.54418
211		-2456.1017		5290.68886		-10202.89226
212		-1656.18252		8187.89092		-11500.25596
213		-3002.66942		7508.95318		-13514.29203
214		-2811.29889		7093.63668		-12716.23446
215		-196.29607		11794.00932		-12186.60146
216		-2865.7674		9464.40787		-15195.94267
217		-4147.14342		8459.92758		-16754.21442
218		-4206.94173		9291.06366		-17704.94712
219		-5570.24093		8068.95002		-19209.43187
220		-5606.70198		9192.57187		-20405.97582
221		-4715.27011		10650.01383		-20080.55405
222		-6344.97285		10595.46248		-23285.40819
223		-4621.61033		13715.91275		-22959.13341
224		-6246.38361		14172.54129		-26665.30852
225		-7272.78618		14185.7636		-28731.33597
226		-8457.80247		11751.59952		-28667.20446
227		-7489.82748		10139.6026		-25119.25756
228		-5947.84494		9684.90901		-21580.5989
229		-4875.29647		8620.3869		-18370.97985
230		-3619.66874		8596.86913		-15836.2066
231		-4663.14189		8726.7909		-18053.07468
232		-2999.91598		11744.78945		-17744.62141
233		-3905.00607		10234.67984		-18044.69197
234		-3798.5923		8292.2281		-15889.4127
235		-2585.39572		9403.93302		-14574.72445
236		-3832.07881		9338.21598		-17002.37359
237		-5226.94464		8933.90469		-19387.79397
238		-6271.26277		7719.22934		-20261.75489
239		-6912.49832		7628.68235		-21453.679
240		-5174.374		9334.62338		-19683.37137
241		-3830.34569		7656.68927		-15317.38066
242		-2624.32522		5572.51703		-10821.16747
243		-3460.09313		6526.5918		-13446.77806
244		-5094.13221		5049.79248		-15238.05689
245		-5139.27812		4130.92118		-14409.47741
246		-1903.55036		5291.52508		-9098.62581
247		1502.47885		9449.80106		-6444.84336
248		-747.07344		7195.0678		-8689.21467
249		-232.46048		8150.08328		-8615.00424
250		1180.02439		11627.73683		-9267.68805
251		-88.10343		10159.81055		-10336.01742
252		-89.39888		11330.34368		-11509.14145
253		-1424.33846		9859.50847		-12708.18539
254		-1061.63724		11633.89617		-13757.17066
255		-2904.93128		9532.68141		-15342.54398
256		-3054.48083		10891.80286		-17000.76452
257		-3895.78651		10472.25038		-18263.8234
258		-3697.35576		10589.95457		-17984.6661
259		-3608.30293		11566.75986		-18783.36572
260		-5199.94192		11285.46468		-21685.34852
261		-5697.74054		11073.21737		-22468.69845
262		-4556.96958		14263.16006		-23377.09922
263		-5064.98906		13096.46157		-23226.43968
264		-5367.35255		12587.92608		-23322.63119
265		-6892.5765		12842.67359		-26627.8266
266		-5087.93783		14501.08166		-24676.95731
267		-4631.9915		11881.65257		-21145.63558
268		-3468.16291		10005.24685		-16941.57267
269		-1593.38934		8656.43822		-11843.2169
270		-535.05045		7659.51762		-8729.61851
271		1995.13428		8439.33312		-4449.06457
272		4073.70132		10663.85962		-2516.45699
273		2173.13668		10187.53306		-5841.25969
274		1666.94188		9795.32271		-6461.43896
275		351.12034		9840.71277		-9138.47208
276		299.62098		9343.97144		-8744.72947
277		84.58753		9574.73376		-9405.55871
278		763.21779		10681.00739		-9154.57181
279		56.18738		10884.28732		-10771.91256
280		-688.05516		10238.41849		-11614.52882
281		-2121.15921		8844.69945		-13087.01786
282		-1646.423		8793.66255		-12086.50855
283		240.48313		10167.51107		-9686.5448
284		-1212.13898		7834.81811		-10259.09607
285		-601.75748		9707.78211		-10911.29707
286		-730.93786		8366.48263		-9828.35834
287		-2073.86379		10074.21438		-14221.94196
288		-1481.30667		12218.23268		-15180.84602
289		-2278.9404		10522.56504		-15080.44584
290		-1013.29169		10947.69932		-12974.28271
291		968.66094		12415.78857		-10478.46669
292		-383.91222		10139.61593		-10907.44036
293		1504.53631		9744.32029		-6735.24768
294		2941.78581		10380.33638		-4496.76475
295		5754.06172		12900.46624		-1392.34281
296		3292.24626		11934.85213		-5350.3596
297		3528.83706		13033.84319		-5976.16907
298		2311.01001		12868.00721		-8245.98719
299		1586.34254		11666.65264		-8493.96755
300		2256.21042		11331.07967		-6818.65882
301		943.87347		12658.93543		-10771.18848
302		246.35125		11058.79171		-10566.0892
303		1744.00984		11345.66723		-7857.64754
304		-217.44632		9657.70209		-10092.59473
305		385.01485		10575.43881		-9805.4091
306		-1647.96736		9315.23498		-12611.1697
307		-1770.48761		10359.09362		-13900.06884
308		-3233.03223		9913.78197		-16379.84643
309		-3438.97694		10090.85686		-16968.81075
310		-5512.39828		7616.43083		-18641.22739
311		-5287.71859		8115.59606		-18691.03324
312		-5762.62829		10016.09788		-21541.35447
313		-7336.18578		8510.99483		-23183.36639
314		-6755.17685		8534.76088		-22045.11458
315		-8039.57989		7887.57169		-23966.73146
316		-8498.5008		6308.42428		-23305.42587
317		-6910.50653		8031.48029		-21852.49335
318		-3817.55556		13146.02502		-20781.13614
319		-3316.77169		14545.99347		-21179.53686
320		-4337.6382		14272.02912		-22947.30551
321		-3329.86793		15414.98093		-22074.7168
322		-2865.14011		12908.33417		-18638.61439
323		-4447.02182		13152.88921		-22046.93285
324		-2546.69202		18091.03318		-23184.41722
325		-5417.8597		14942.36834		-25778.08774
326		-5865.42468		15579.22366		-27310.07303
327		-5587.75508		15790.85727		-26966.36743
328		-2975.77665		15825.84634		-21777.39965
329		-2849.1576		12265.36788		-17963.68308
330		-2114.55713		9460.58542		-13689.69968
331		-664.07309		7564.00707		-8892.15325
332		2834.72132		10547.33762		-4877.89498
333		1530.8163		9651.54173		-6589.90913
334		1625.15469		11196.62783		-7946.31845
335		1040.57316		10435.73292		-8354.58659
336		194.00231		9922.61288		-9534.60827
337		845.64823		12148.01204		-10456.71559
338		-612.49908		10450.77678		-11675.77495
339		-157.45951		10250.91474		-10565.83376
340		1318.94588		8129.21947		-5491.3277
341		2090.07193		6628.7117		-2448.56784
342		3585.66866		8748.88335		-1577.54604
343		2405.027		8690.6627		-3880.6087
344		1972.76075		7165.61463		-3220.09313
345		1907.51109		7816.3928		-4001.37063
346		765.1747		7858.49831		-6328.14891
347		509.73852		7587.79208		-6568.31503
348		-699.50014		6648.19766		-8047.19794
349		-122.41022		7405.21271		-7650.03315
350		572.85498		8353.20324		-7207.49328
351		1988.59818		12158.2897		-8181.09333
352		1373.59102		10533.53212		-7786.35007
353		2958.10758		14335.50891		-8419.29376
354		2260.83318		11722.71197		-7201.04562
355		2183.21567		13621.40236		-9254.97102
356		1027.86049		11674.27734		-9618.55635
357		3117.24219		11347.72797		-5113.24358
358		4632.70626		9486.17846		-220.76595
359		2823.28674		9557.11172		-3910.53824
360		1994.56521		9114.28446		-5125.15404
361		1302.79699		8527.26769		-5921.67372
362		382.97577		7850.85277		-7084.90123
363		1381.103		9739.41929		-6977.2133
364		2177.52515		9578.13745		-5223.08714
365		2244.17705		9665.94959		-5177.5955
366		3735.71499		7125.41503		346.01496
367		3200.49178		9172.52848		-2771.54492
368		5160.83104		12309.49491		-1987.83282
369		4028.89842		12700.26289		-4642.46606
370		4694.02781		12714.1581		-3326.10248
371		2860.3062		10983.61507		-5263.00267
372		3597.2248		12130.34499		-4935.8954
373		4064.29857		10500.52777		-2371.93064
374		4484.38492		7074.3483		1894.42154
375		3929.16471		8598.49887		-740.16944
376		4650.76878		9715.11633		-413.57877
377		3526.18502		8820.45748		-1768.08744
378		4452.30878		8671.18885		233.4287
379		1558.57015		6729.53364		-3612.39333
380		1527.73992		7716.79328		-4661.31343
381		-101.42698		6379.15213		-6582.00609
382		-610.56489		6640.74188		-7861.87166
383		-606.90609		7445.45556		-8659.26774
384		1468.01418		11487.2817		-8551.25334
385		213.30169		11340.13721		-10913.53384
386		644.59659		11300.23534		-10011.04215
387		1848.25377		9685.06597		-5988.55844
388		1253.38961		10775.49791		-8268.71869
389		627.21682		9280.14038		-8025.70675
390		3895.79389		12785.27303		-4993.68524
391		1363.70442		9308.66267		-6581.25382
392		2049.38406		11890.01072		-7791.2426
393		753.69106		8704.87937		-7197.49724
394		723.37964		11428.36346		-9981.60419
395		-1291.79391		8391.51208		-10975.0999
396		-745.87735		9228.82268		-10720.57737
397		439.63528		7934.42027		-7055.1497
398		-807.48728		6817.64765		-8432.62221
399		2484.67885		10291.50241		-5322.14471
400		2472.45056		13240.56404		-8295.66292
401		1855.37976		11690.68111		-7979.92159
402		3311.09471		12242.97433		-5620.78492
403		1042.34927		11125.56454		-9040.866
404		-794.10664		9429.35881		-11017.57209
405		676.32924		12140.35517		-10787.69668
406		515.32544		12613.46721		-11582.81633
407		-71.44921		12594.22153		-12737.11995
408		274.46045		12880.23287		-12331.31196
409		147.35609		13617.54101		-13322.82883
410		-955.49788		13477.59471		-15388.59047
411		-1257.43435		13576.01331		-16090.88202
412		612.56882		16151.79538		-14926.65774
413		-74.86095		14581.44883		-14731.17072
414		-1971.22349		14458.98833		-18401.43531
415		-1852.00562		14127.20294		-17831.21418
416		-3953.17149		14091.39052		-21997.73349
417		-4472.40177		13130.85387		-22075.65741
418		-2821.21669		11733.97831		-17376.41168
419		1303.37822		14012.55164		-11405.7952
420		2547.13733		12084.68795		-6990.41328
421		3433.36703		8944.83753		-2078.10347
422		2421.80112		9649.12854		-4805.5263
423		1780.95615		9156.66457		-5594.75227
424		2754.42286		9624.04046		-4115.19474
425		4289.91809		8120.16223		459.67395
426		2826.52021		7268.68767		-1615.64725
427		2438.46309		6914.80187		-2037.87569
428		2964.84528		6752.5698		-822.87924
429		1618.23387		6786.90672		-3550.43897
430		2443.93961		7588.05236		-2700.17315
431		909.08708		7098.73034		-5280.55618
432		893.61845		7682.97022		-5895.73333
433		-329.60913		5538.00997		-6197.22823
434		-1193.25885		6026.03639		-8412.55409
435		-1319.37771		5087.60951		-7726.36492
436		-3308.7685		4637.81567		-11255.35267
437		-2219.31957		5625.88838		-10064.52753
438		436.6503		6293.37498		-5420.07439
439		2042.26302		7308.14383		-3223.61779
440		502.79066		5360.71728		-4355.13596
441		332.63611		3412.57439		-2747.30217
442		252.6306		3233.65543		-2728.39424
443		940.10285		4730.43291		-2850.2272
444		892.06773		3454.44286		-1670.30741
445		1739.83518		8300.57295		-4820.9026
446		427.84802		5713.00334		-4857.3073
447		-687.72827		6106.73588		-7482.19241
448		-1421.56866		5114.97566		-7958.11298
449		-2194.03197		5235.14798		-9623.21193
450		-3656.83809		3787.22622		-11100.90239
451		-4094.38071		3625.92428		-11814.68569
452		-4219.00438		1831.12217		-10269.13093
453		-4234.82713		3772.44556		-12242.09982
454		-1971.06852		8537.12996		-12479.26701
455		-3212.77037		6638.78946		-13064.33021
456		-3011.58676		6572.33382		-12595.50734
457		-2236.9118		6010.45227		-10484.27587
458		-3967.68954		4778.30338		-12713.68246
459		-4630.4299		3991.13462		-13251.99441
460		-6744.31829		1876.50145		-15365.13803
461		-6435.83107		2143.36246		-15015.0246
462		-6023.22555		3921.06041		-15967.51152
463		-3837.69159		8289.11832		-15964.5015
464		-2138.10124		8244.49218		-12520.69466
465		-899.34021		7511.09441		-9309.77483
466		-2350.29637		7495.19142		-12195.78417
467		-2544.18736		6813.6993		-11902.07402
468		-1454.15443		5403.67456		-8311.98341
469		-172.92651		6384.92079		-6730.77382
470		-280.01262		7478.11424		-8038.13947
471		-1598.40793		4082.06253		-7278.8784
472		3072.81953		7747.3018		-1601.66273
473		2568.61045		9787.49402		-4650.27312
474		1983.65416		7591.174		-3623.86569
475		4122.49359		8682.83317		-437.84599
476		6210.25641		10873.18515		1547.32767
477		7859.7246		13078.07485		2641.37436
478		5803.56172		9312.48295		2294.64048
479		4767.20095		9348.73305		185.66884
480		4359.59422		9170.46576		-451.27732
481		4063.38367		7798.10789		328.65945
482		3215.30818		8849.90421		-2419.28784
483		3002.8044		8582.07672		-2576.46792
484		4568.97466		11424.68845		-2286.73914
485		4727.63845		8548.80429		906.47262
486		3764.43949		6912.80316		616.07582
487		4963.12995		9651.30444		274.95546
488		4315.29301		7127.33335		1503.25266
489		3292.62933		7748.38207		-1163.12341
490		2738.44997		5685.5169		-208.61696
491		3782.21313		7880.7036		-316.27735
492		2643.35987		6250.10109		-963.38136
493		3405.78736		8140.31858		-1328.74385
494		2011.20614		5974.41816		-1952.00589
495		1414.95138		4569.52622		-1739.62345
496		1038.3711		4878.0779		-2801.3357
497		-214.054		3146.38103		-3574.48903
498		-282.5025		3878.989		-4443.994
499		-887.0		1769.66069		-3543.66069
500		600.0		1800.0		-600.0
