episode	mediator-max-opt_reward_mean	mediator-max-opt_reward_std_up	mediator-max-opt_reward_std_down
1		0.0		0.0		0.0
2		0.0		0.0		0.0
3		2000.0		6000.0		-2000.0
4		2000.0		6000.0		-2000.0
5		2000.0		6000.0		-2000.0
6		2000.0		6000.0		-2000.0
7		4000.0		8898.97949		-898.97949
8		4000.0		8898.97949		-898.97949
9		4000.0		8898.97949		-898.97949
10		6000.0		14000.0		-2000.0
11		6000.0		14000.0		-2000.0
12		6000.0		14000.0		-2000.0
13		6000.0		14000.0		-2000.0
14		6000.0		14000.0		-2000.0
15		8000.0		15483.31477		516.68523
16		8000.0		15483.31477		516.68523
17		8000.0		15483.31477		516.68523
18		8000.0		15483.31477		516.68523
19		10000.0		16324.55532		3675.44468
20		14000.0		24198.03903		3801.96097
21		14000.0		24198.03903		3801.96097
22		14000.0		24198.03903		3801.96097
23		14000.0		24198.03903		3801.96097
24		14000.0		24198.03903		3801.96097
25		14000.0		24198.03903		3801.96097
26		14000.0		24198.03903		3801.96097
27		14000.0		24198.03903		3801.96097
28		14000.0		24198.03903		3801.96097
29		16000.0		28000.0		4000.0
30		18000.0		32696.93846		3303.06154
31		18000.0		32696.93846		3303.06154
32		18000.0		32696.93846		3303.06154
33		18000.0		32696.93846		3303.06154
34		18000.0		32696.93846		3303.06154
35		18000.0		32696.93846		3303.06154
36		18000.0		32696.93846		3303.06154
37		18000.0		32696.93846		3303.06154
38		18000.0		32696.93846		3303.06154
39		18000.0		32696.93846		3303.06154
40		18000.0		32696.93846		3303.06154
41		18000.0		32696.93846		3303.06154
42		18000.0		32696.93846		3303.06154
43		20000.0		32649.11064		7350.88936
44		20000.0		32649.11064		7350.88936
45		20000.0		32649.11064		7350.88936
46		22000.0		38000.0		6000.0
47		22000.0		38000.0		6000.0
48		22000.0		38000.0		6000.0
49		22000.0		38000.0		6000.0
50		22000.0		38000.0		6000.0
51		22000.0		38000.0		6000.0
52		22000.0		38000.0		6000.0
53		24000.0		43595.91794		4404.08206
54		26000.0		49323.80758		2676.19242
55		28000.0		52000.0		4000.0
56		28000.0		52000.0		4000.0
57		28000.0		52000.0		4000.0
58		28000.0		52000.0		4000.0
59		28000.0		52000.0		4000.0
60		30000.0		52803.5085		7196.4915
61		30000.0		52803.5085		7196.4915
62		30000.0		52803.5085		7196.4915
63		32000.0		53354.1565		10645.8435
64		32000.0		53354.1565		10645.8435
65		32000.0		53354.1565		10645.8435
66		34000.0		58979.99199		9020.00801
67		36000.0		64705.40019		7294.59981
68		38000.0		70496.15362		5503.84638
69		38000.0		70496.15362		5503.84638
70		40000.0		70983.86677		9016.13323
71		44000.0		77823.06905		10176.93095
72		44000.0		77823.06905		10176.93095
73		44000.0		77823.06905		10176.93095
74		44000.0		77823.06905		10176.93095
75		44000.0		77823.06905		10176.93095
76		44000.0		77823.06905		10176.93095
77		46000.0		83735.92453		8264.07547
78		48000.0		89665.33331		6334.66669
79		50000.0		95607.017		4392.983
80		52000.0		97343.1362		6656.8638
81		54000.0		99431.26677		8568.73323
82		54000.0		99431.26677		8568.73323
83		54000.0		99431.26677		8568.73323
84		54000.0		99431.26677		8568.73323
85		54000.0		99431.26677		8568.73323
86		54000.0		99431.26677		8568.73323
87		54000.0		99431.26677		8568.73323
88		54000.0		99431.26677		8568.73323
89		56000.0		100542.1149		11457.8851
90		56000.0		100542.1149		11457.8851
91		56000.0		100542.1149		11457.8851
92		56000.0		100542.1149		11457.8851
93		56000.0		100542.1149		11457.8851
94		56000.0		100542.1149		11457.8851
95		60000.0		103358.96678		16641.03322
96		60000.0		103358.96678		16641.03322
97		60000.0		103358.96678		16641.03322
98		60000.0		103358.96678		16641.03322
99		62000.0		106000.0		18000.0
100		62000.0		106000.0		18000.0
101		62000.0		106000.0		18000.0
102		62000.0		106000.0		18000.0
103		62000.0		106000.0		18000.0
104		62000.0		106000.0		18000.0
105		64000.0		108988.88752		19011.11248
106		68000.0		110142.61501		25857.38499
107		72000.0		111698.86648		32301.13352
108		74000.0		112262.25294		35737.74706
109		76000.0		113202.15048		38797.84952
110		78000.0		114551.33376		41448.66624
111		78000.0		114551.33376		41448.66624
112		78000.0		114551.33376		41448.66624
113		78000.0		114551.33376		41448.66624
114		78000.0		114551.33376		41448.66624
115		78000.0		114551.33376		41448.66624
116		78000.0		114551.33376		41448.66624
117		78000.0		114551.33376		41448.66624
118		80000.0		114058.77273		45941.22727
119		82000.0		119629.77544		44370.22456
120		84000.0		122262.25294		45737.74706
121		86000.0		125293.76541		46706.23459
122		88000.0		128693.9799		47306.0201
123		88000.0		128693.9799		47306.0201
124		88000.0		128693.9799		47306.0201
125		90000.0		128470.76812		51529.23188
126		92000.0		129629.77544		54370.22456
127		92000.0		129629.77544		54370.22456
128		92000.0		129629.77544		54370.22456
129		94000.0		129552.77767		58447.22233
130		96000.0		129823.06905		62176.93095
131		96000.0		129823.06905		62176.93095
132		96000.0		129823.06905		62176.93095
133		98000.0		130496.15362		65503.84638
134		100000.0		131622.7766		68377.2234
135		104000.0		136000.0		72000.0
136		106000.0		139823.06905		72176.93095
137		108000.0		144000.0		72000.0
138		112000.0		148000.0		76000.0
139		114000.0		148985.71137		79014.28863
140		114000.0		148985.71137		79014.28863
141		114000.0		148985.71137		79014.28863
142		114000.0		148985.71137		79014.28863
143		114000.0		148985.71137		79014.28863
144		114000.0		148985.71137		79014.28863
145		114000.0		148985.71137		79014.28863
146		114000.0		148985.71137		79014.28863
147		114000.0		148985.71137		79014.28863
148		114000.0		148985.71137		79014.28863
149		114000.0		148985.71137		79014.28863
150		114000.0		148985.71137		79014.28863
151		114000.0		148985.71137		79014.28863
152		114000.0		148985.71137		79014.28863
153		114000.0		148985.71137		79014.28863
154		114000.0		148985.71137		79014.28863
155		116000.0		148619.01286		83380.98714
156		116000.0		148619.01286		83380.98714
157		116000.0		148619.01286		83380.98714
158		118000.0		148594.11708		87405.88292
159		118000.0		148594.11708		87405.88292
160		118000.0		148594.11708		87405.88292
161		118000.0		148594.11708		87405.88292
162		118000.0		148594.11708		87405.88292
163		118000.0		148594.11708		87405.88292
164		118000.0		148594.11708		87405.88292
165		118000.0		148594.11708		87405.88292
166		118000.0		148594.11708		87405.88292
167		120000.0		148982.75349		91017.24651
168		120000.0		148982.75349		91017.24651
169		120000.0		148982.75349		91017.24651
170		120000.0		148982.75349		91017.24651
171		122000.0		153240.9987		90759.0013
172		124000.0		154066.59276		93933.40724
173		128000.0		154381.81192		101618.18808
174		128000.0		154381.81192		101618.18808
175		130000.0		158982.75349		101017.24651
176		130000.0		158982.75349		101017.24651
177		130000.0		158982.75349		101017.24651
178		130000.0		158982.75349		101017.24651
179		130000.0		158982.75349		101017.24651
180		132000.0		159856.77655		104143.22345
181		132000.0		159856.77655		104143.22345
182		132000.0		159856.77655		104143.22345
183		134000.0		160532.99832		107467.00168
184		136000.0		161768.19745		110231.80255
185		138000.0		163612.49695		112387.50305
186		140000.0		166076.80962		113923.19038
187		140000.0		166076.80962		113923.19038
188		140000.0		166076.80962		113923.19038
189		140000.0		166076.80962		113923.19038
190		140000.0		166076.80962		113923.19038
191		142000.0		169856.77655		114143.22345
192		146000.0		178000.0		114000.0
193		146000.0		178000.0		114000.0
194		146000.0		178000.0		114000.0
195		146000.0		178000.0		114000.0
196		146000.0		178000.0		114000.0
197		146000.0		178000.0		114000.0
198		146000.0		178000.0		114000.0
199		146000.0		178000.0		114000.0
200		146000.0		178000.0		114000.0
201		146000.0		178000.0		114000.0
202		146000.0		178000.0		114000.0
203		146000.0		178000.0		114000.0
204		146000.0		178000.0		114000.0
205		146000.0		178000.0		114000.0
206		146000.0		178000.0		114000.0
207		146000.0		178000.0		114000.0
208		146000.0		178000.0		114000.0
209		146000.0		178000.0		114000.0
210		146000.0		178000.0		114000.0
211		146000.0		178000.0		114000.0
212		148000.0		178594.11708		117405.88292
213		150000.0		179664.79395		120335.20605
214		156000.0		184000.0		128000.0
215		158000.0		185856.77655		130143.22345
216		158000.0		185856.77655		130143.22345
217		160000.0		184494.89743		135505.10257
218		160000.0		184494.89743		135505.10257
219		160000.0		184494.89743		135505.10257
220		160000.0		184494.89743		135505.10257
221		160000.0		184494.89743		135505.10257
222		160000.0		184494.89743		135505.10257
223		160000.0		184494.89743		135505.10257
224		160000.0		184494.89743		135505.10257
225		160000.0		184494.89743		135505.10257
226		160000.0		184494.89743		135505.10257
227		160000.0		184494.89743		135505.10257
228		160000.0		184494.89743		135505.10257
229		160000.0		184494.89743		135505.10257
230		162000.0		188381.81192		135618.18808
231		164000.0		192705.40019		135294.59981
232		164000.0		192705.40019		135294.59981
233		166000.0		194705.40019		137294.59981
234		166000.0		194705.40019		137294.59981
235		166000.0		194705.40019		137294.59981
236		166000.0		194705.40019		137294.59981
237		166000.0		194705.40019		137294.59981
238		168000.0		197257.47768		138742.52232
239		170000.0		200331.50178		139668.49822
240		170000.0		200331.50178		139668.49822
241		170000.0		200331.50178		139668.49822
242		170000.0		200331.50178		139668.49822
243		172000.0		201257.47768		142742.52232
244		174000.0		202705.40019		145294.59981
245		176000.0		204705.40019		147294.59981
246		176000.0		204705.40019		147294.59981
247		176000.0		204705.40019		147294.59981
248		176000.0		204705.40019		147294.59981
249		176000.0		204705.40019		147294.59981
250		176000.0		204705.40019		147294.59981
251		178000.0		207933.25909		148066.74091
252		178000.0		207933.25909		148066.74091
253		178000.0		207933.25909		148066.74091
254		178000.0		207933.25909		148066.74091
255		178000.0		207933.25909		148066.74091
256		178000.0		207933.25909		148066.74091
257		178000.0		207933.25909		148066.74091
258		178000.0		207933.25909		148066.74091
259		178000.0		207933.25909		148066.74091
260		180000.0		211622.7766		148377.2234
261		180000.0		211622.7766		148377.2234
262		182000.0		215105.89071		148894.10929
263		182000.0		215105.89071		148894.10929
264		184000.0		218985.71137		149014.28863
265		184000.0		218985.71137		149014.28863
266		184000.0		218985.71137		149014.28863
267		184000.0		218985.71137		149014.28863
268		184000.0		218985.71137		149014.28863
269		184000.0		218985.71137		149014.28863
270		184000.0		218985.71137		149014.28863
271		184000.0		218985.71137		149014.28863
272		184000.0		218985.71137		149014.28863
273		184000.0		218985.71137		149014.28863
274		184000.0		218985.71137		149014.28863
275		184000.0		218985.71137		149014.28863
276		184000.0		218985.71137		149014.28863
277		184000.0		218985.71137		149014.28863
278		184000.0		218985.71137		149014.28863
279		184000.0		218985.71137		149014.28863
280		184000.0		218985.71137		149014.28863
281		184000.0		218985.71137		149014.28863
282		186000.0		221552.77767		150447.22233
283		186000.0		221552.77767		150447.22233
284		186000.0		221552.77767		150447.22233
285		186000.0		221552.77767		150447.22233
286		186000.0		221552.77767		150447.22233
287		186000.0		221552.77767		150447.22233
288		186000.0		221552.77767		150447.22233
289		186000.0		221552.77767		150447.22233
290		188000.0		223440.09029		152559.90971
291		188000.0		223440.09029		152559.90971
292		188000.0		223440.09029		152559.90971
293		188000.0		223440.09029		152559.90971
294		188000.0		223440.09029		152559.90971
295		188000.0		223440.09029		152559.90971
296		188000.0		223440.09029		152559.90971
297		188000.0		223440.09029		152559.90971
298		192000.0		225105.89071		158894.10929
299		196000.0		230985.71137		161014.28863
300		196000.0		230985.71137		161014.28863
301		198000.0		229240.9987		166759.0013
302		200000.0		227568.0975		172431.9025
303		200000.0		227568.0975		172431.9025
304		202000.0		229856.77655		174143.22345
305		206000.0		230979.99199		181020.00801
306		206000.0		230979.99199		181020.00801
307		206000.0		230979.99199		181020.00801
308		206000.0		230979.99199		181020.00801
309		206000.0		230979.99199		181020.00801
310		206000.0		230979.99199		181020.00801
311		206000.0		230979.99199		181020.00801
312		206000.0		230979.99199		181020.00801
313		206000.0		230979.99199		181020.00801
314		206000.0		230979.99199		181020.00801
315		208000.0		234381.81192		181618.18808
316		208000.0		234381.81192		181618.18808
317		208000.0		234381.81192		181618.18808
318		208000.0		234381.81192		181618.18808
319		214000.0		238166.09195		189833.90805
320		214000.0		238166.09195		189833.90805
321		214000.0		238166.09195		189833.90805
322		214000.0		238166.09195		189833.90805
323		214000.0		238166.09195		189833.90805
324		214000.0		238166.09195		189833.90805
325		214000.0		238166.09195		189833.90805
326		214000.0		238166.09195		189833.90805
327		214000.0		238166.09195		189833.90805
328		214000.0		238166.09195		189833.90805
329		214000.0		238166.09195		189833.90805
330		216000.0		241768.19745		190231.80255
331		218000.0		245856.77655		190143.22345
332		220000.0		249664.79395		190335.20605
333		220000.0		249664.79395		190335.20605
334		222000.0		251933.25909		192066.74091
335		222000.0		251933.25909		192066.74091
336		222000.0		251933.25909		192066.74091
337		222000.0		251933.25909		192066.74091
338		222000.0		251933.25909		192066.74091
339		222000.0		251933.25909		192066.74091
340		226000.0		256066.59276		195933.40724
341		226000.0		256066.59276		195933.40724
342		226000.0		256066.59276		195933.40724
343		226000.0		256066.59276		195933.40724
344		228000.0		254381.81192		201618.18808
345		228000.0		254381.81192		201618.18808
346		228000.0		254381.81192		201618.18808
347		228000.0		254381.81192		201618.18808
348		230000.0		256076.80962		203923.19038
349		230000.0		256076.80962		203923.19038
350		232000.0		259856.77655		204143.22345
351		232000.0		259856.77655		204143.22345
352		232000.0		259856.77655		204143.22345
353		232000.0		259856.77655		204143.22345
354		232000.0		259856.77655		204143.22345
355		232000.0		259856.77655		204143.22345
356		232000.0		259856.77655		204143.22345
357		232000.0		259856.77655		204143.22345
358		232000.0		259856.77655		204143.22345
359		232000.0		259856.77655		204143.22345
360		232000.0		259856.77655		204143.22345
361		232000.0		259856.77655		204143.22345
362		234000.0		258166.09195		209833.90805
363		234000.0		258166.09195		209833.90805
364		234000.0		258166.09195		209833.90805
365		234000.0		258166.09195		209833.90805
366		238000.0		261151.67381		214848.32619
367		238000.0		261151.67381		214848.32619
368		238000.0		261151.67381		214848.32619
369		240000.0		266076.80962		213923.19038
370		244000.0		273393.87691		214606.12309
371		244000.0		273393.87691		214606.12309
372		244000.0		273393.87691		214606.12309
373		244000.0		273393.87691		214606.12309
374		244000.0		273393.87691		214606.12309
375		244000.0		273393.87691		214606.12309
376		244000.0		273393.87691		214606.12309
377		246000.0		276066.59276		215933.40724
378		246000.0		276066.59276		215933.40724
379		246000.0		276066.59276		215933.40724
380		248000.0		279240.9987		216759.0013
381		252000.0		281933.25909		222066.74091
382		254000.0		286619.01286		221380.98714
383		254000.0		286619.01286		221380.98714
384		256000.0		286066.59276		225933.40724
385		256000.0		286066.59276		225933.40724
386		256000.0		286066.59276		225933.40724
387		256000.0		286066.59276		225933.40724
388		256000.0		286066.59276		225933.40724
389		256000.0		286066.59276		225933.40724
390		256000.0		286066.59276		225933.40724
391		256000.0		286066.59276		225933.40724
392		256000.0		286066.59276		225933.40724
393		256000.0		286066.59276		225933.40724
394		256000.0		286066.59276		225933.40724
395		256000.0		286066.59276		225933.40724
396		256000.0		286066.59276		225933.40724
397		256000.0		286066.59276		225933.40724
398		256000.0		286066.59276		225933.40724
399		256000.0		286066.59276		225933.40724
400		256000.0		286066.59276		225933.40724
401		256000.0		286066.59276		225933.40724
402		258000.0		286565.71371		229434.28629
403		258000.0		286565.71371		229434.28629
404		258000.0		286565.71371		229434.28629
405		258000.0		286565.71371		229434.28629
406		258000.0		286565.71371		229434.28629
407		260000.0		290331.50178		229668.49822
408		260000.0		290331.50178		229668.49822
409		260000.0		290331.50178		229668.49822
410		260000.0		290331.50178		229668.49822
411		260000.0		290331.50178		229668.49822
412		260000.0		290331.50178		229668.49822
413		260000.0		290331.50178		229668.49822
414		262000.0		295105.89071		228894.10929
415		264000.0		298985.71137		229014.28863
416		264000.0		298985.71137		229014.28863
417		264000.0		298985.71137		229014.28863
418		266000.0		298619.01286		233380.98714
419		268000.0		299874.7549		236125.2451
420		268000.0		299874.7549		236125.2451
421		270000.0		304641.01615		235358.98385
422		270000.0		304641.01615		235358.98385
423		270000.0		304641.01615		235358.98385
424		272000.0		304496.15362		239503.84638
425		272000.0		304496.15362		239503.84638
426		272000.0		304496.15362		239503.84638
427		272000.0		304496.15362		239503.84638
428		272000.0		304496.15362		239503.84638
429		274000.0		304724.58299		243275.41701
430		274000.0		304724.58299		243275.41701
431		274000.0		304724.58299		243275.41701
432		274000.0		304724.58299		243275.41701
433		274000.0		304724.58299		243275.41701
434		274000.0		304724.58299		243275.41701
435		274000.0		304724.58299		243275.41701
436		274000.0		304724.58299		243275.41701
437		274000.0		304724.58299		243275.41701
438		274000.0		304724.58299		243275.41701
439		276000.0		309823.06905		242176.93095
440		276000.0		309823.06905		242176.93095
441		276000.0		309823.06905		242176.93095
442		278000.0		313440.09029		242559.90971
443		278000.0		313440.09029		242559.90971
444		278000.0		313440.09029		242559.90971
445		280000.0		314641.01615		245358.98385
446		282000.0		316292.8564		247707.1436
447		284000.0		318409.30107		249590.69893
448		284000.0		318409.30107		249590.69893
449		284000.0		318409.30107		249590.69893
450		286000.0		318000.0		254000.0
451		286000.0		318000.0		254000.0
452		286000.0		318000.0		254000.0
453		286000.0		318000.0		254000.0
454		286000.0		318000.0		254000.0
455		286000.0		318000.0		254000.0
456		286000.0		318000.0		254000.0
457		286000.0		318000.0		254000.0
458		288000.0		317933.25909		258066.74091
459		288000.0		317933.25909		258066.74091
460		288000.0		317933.25909		258066.74091
461		290000.0		322863.35345		257136.64655
462		292000.0		328000.0		256000.0
463		294000.0		333293.76541		254706.23459
464		296000.0		333735.92453		258264.07547
465		298000.0		334551.33376		261448.66624
466		298000.0		334551.33376		261448.66624
467		298000.0		334551.33376		261448.66624
468		300000.0		337416.57387		262583.42613
469		300000.0		337416.57387		262583.42613
470		302000.0		338551.33376		265448.66624
471		302000.0		338551.33376		265448.66624
472		304000.0		340110.94017		267889.05983
473		306000.0		343202.15048		268797.84952
474		308000.0		346678.15921		269321.84079
475		310000.0		347947.33192		272052.66808
476		312000.0		346871.19155		277128.80845
477		314000.0		346000.0		282000.0
478		316000.0		345393.87691		286606.12309
479		318000.0		349240.9987		286759.0013
480		318000.0		349240.9987		286759.0013
481		320000.0		348982.75349		291017.24651
482		320000.0		348982.75349		291017.24651
483		320000.0		348982.75349		291017.24651
484		320000.0		348982.75349		291017.24651
485		320000.0		348982.75349		291017.24651
486		320000.0		348982.75349		291017.24651
487		320000.0		348982.75349		291017.24651
488		320000.0		348982.75349		291017.24651
489		320000.0		348982.75349		291017.24651
490		320000.0		348982.75349		291017.24651
491		320000.0		348982.75349		291017.24651
492		320000.0		348982.75349		291017.24651
493		320000.0		348982.75349		291017.24651
494		320000.0		348982.75349		291017.24651
495		320000.0		348982.75349		291017.24651
496		320000.0		348982.75349		291017.24651
497		320000.0		348982.75349		291017.24651
498		322000.0		353240.9987		290759.0013
499		322000.0		353240.9987		290759.0013
500		322000.0		353240.9987		290759.0013
