step	mediator-max-opt_runtime_mean	mediator-max-opt_runtime_std_up	mediator-max-opt_runtime_std_down
1		0.00017		0.00019		0.00015
2		0.09565		0.14053		0.05077
3		0.10079		0.14543		0.05614
4		0.10602		0.15024		0.06181
5		0.11135		0.155		0.06771
6		0.11654		0.1598		0.07328
7		0.12169		0.16473		0.07866
8		0.12681		0.16962		0.08399
9		0.13199		0.17458		0.08939
10		0.13711		0.17955		0.09467
11		0.14222		0.18449		0.09994
12		0.15764		0.19645		0.11884
13		0.20856		0.24681		0.1703
14		0.25853		0.29671		0.22035
15		0.30851		0.34662		0.2704
16		0.35727		0.39534		0.31919
17		0.40642		0.44278		0.37005
18		0.45421		0.48959		0.41882
19		0.50037		0.53593		0.46481
20		0.54785		0.58121		0.51449
21		0.5939		0.62636		0.56144
22		0.63841		0.67099		0.60583
23		0.6835		0.71559		0.65141
24		0.72774		0.75937		0.6961
25		0.77157		0.8029		0.74024
26		0.81575		0.84471		0.78679
27		0.8588		0.88766		0.82994
28		0.90085		0.92961		0.8721
29		0.94294		0.97161		0.91427
30		0.98483		1.01385		0.95581
31		1.02581		1.05488		0.99674
32		1.06712		1.0963		1.03794
33		1.10802		1.13732		1.07871
34		1.14819		1.17758		1.11879
35		1.18845		1.21777		1.15913
36		1.22796		1.25718		1.19874
37		1.2674		1.29643		1.23836
38		1.30687		1.33573		1.27801
39		1.34541		1.37429		1.31654
40		1.38391		1.41288		1.35494
41		1.42262		1.45165		1.39359
42		1.4603		1.48921		1.4314
43		1.49861		1.5267		1.47051
44		1.53661		1.56458		1.50864
45		1.5736		1.60169		1.54552
46		1.61065		1.63878		1.58252
47		1.64779		1.67596		1.61962
48		1.68452		1.71262		1.65642
49		1.72071		1.74872		1.6927
50		1.75676		1.78471		1.72882
51		1.79299		1.82072		1.76525
52		1.82978		1.85653		1.80302
53		1.8652		1.892		1.83839
54		1.90028		1.92702		1.87354
55		1.93535		1.96216		1.90853
56		1.97114		1.99655		1.94573
57		2.00664		2.03156		1.98173
58		2.04096		2.06578		2.01615
59		2.07524		2.10009		2.0504
60		2.10971		2.13454		2.08488
61		2.14407		2.16886		2.11927
62		2.17763		2.20251		2.15275
63		2.21119		2.23609		2.18628
64		2.24466		2.26958		2.21974
65		2.2783		2.30302		2.25359
66		2.31191		2.33671		2.2871
67		2.34543		2.37038		2.32049
68		2.37823		2.40325		2.3532
69		2.41086		2.43588		2.38585
70		2.44348		2.46849		2.41848
71		2.47595		2.50086		2.45103
72		2.50863		2.53318		2.48408
73		2.54021		2.56508		2.51535
74		2.57201		2.59658		2.54744
75		2.60365		2.6281		2.5792
76		2.63543		2.65981		2.61105
77		2.66721		2.69147		2.64295
78		2.69884		2.72292		2.67477
79		2.73057		2.75447		2.70668
80		2.7615		2.78529		2.7377
81		2.79245		2.8161		2.7688
82		2.82331		2.84701		2.79962
83		2.85414		2.87772		2.83057
84		2.885		2.90844		2.86157
85		2.91578		2.93923		2.89233
86		2.94649		2.96981		2.92317
87		2.97634		2.99962		2.95306
88		3.00636		3.02967		2.98304
89		3.03627		3.05929		3.01325
90		3.06622		3.08912		3.04332
91		3.09614		3.11897		3.07331
92		3.12619		3.14893		3.10344
93		3.15626		3.1789		3.13362
94		3.1855		3.20809		3.16291
95		3.21463		3.23716		3.19209
96		3.24387		3.26641		3.22132
97		3.27306		3.29553		3.25059
98		3.30219		3.32493		3.27945
99		3.3316		3.35392		3.30927
100		3.36078		3.38275		3.33881
101		3.39061		3.41147		3.36976
102		3.41914		3.43954		3.39874
103		3.44848		3.46809		3.42887
104		3.47707		3.49545		3.45868
105		3.50555		3.52347		3.48763
106		3.53429		3.55132		3.51726
107		3.56258		3.57944		3.54571
108		3.59096		3.60786		3.57405
109		3.61919		3.63606		3.60232
110		3.64744		3.6642		3.63068
111		3.67488		3.69152		3.65824
112		3.70324		3.71987		3.6866
113		3.73074		3.74733		3.71415
114		3.75825		3.77469		3.74181
115		3.78583		3.80217		3.76949
116		3.81331		3.82965		3.79697
117		3.84071		3.85698		3.82444
118		3.86804		3.88423		3.85186
119		3.89552		3.91163		3.8794
120		3.92286		3.93895		3.90678
121		3.94931		3.9653		3.93333
122		3.97668		3.99263		3.96074
123		4.00321		4.01911		3.9873
124		4.0298		4.04552		4.01407
125		4.05635		4.0722		4.0405
126		4.08269		4.09854		4.06685
127		4.10911		4.12489		4.09333
128		4.13559		4.15148		4.1197
129		4.16204		4.17775		4.14633
130		4.18839		4.20404		4.17273
131		4.21394		4.22964		4.19824
132		4.24031		4.25603		4.22458
133		4.26592		4.28134		4.2505
134		4.29151		4.30704		4.27599
135		4.31726		4.33282		4.30171
136		4.34299		4.35848		4.3275
137		4.36859		4.38418		4.353
138		4.39418		4.40979		4.37857
139		4.4198		4.43538		4.40421
140		4.44546		4.46121		4.42972
141		4.47119		4.48672		4.45565
142		4.49692		4.51239		4.48145
143		4.52183		4.53722		4.50645
144		4.54752		4.56289		4.53215
145		4.5723		4.5876		4.557
146		4.59715		4.61252		4.58179
147		4.62194		4.63724		4.60664
148		4.64685		4.66221		4.63149
149		4.67164		4.68697		4.65631
150		4.69643		4.71177		4.6811
151		4.72133		4.73672		4.70594
152		4.74621		4.76151		4.73091
153		4.7711		4.78612		4.75608
154		4.79592		4.81089		4.78095
155		4.82083		4.83572		4.80594
156		4.84518		4.86024		4.83011
157		4.87007		4.88515		4.85498
158		4.89423		4.90933		4.87913
159		4.91817		4.93334		4.903
160		4.9421		4.95725		4.92696
161		4.96615		4.98132		4.95097
162		4.99018		5.00538		4.97497
163		5.01419		5.02944		4.99895
164		5.03824		5.05352		5.02295
165		5.06221		5.0775		5.04691
166		5.08624		5.10154		5.07093
167		5.1103		5.1257		5.0949
168		5.13429		5.14965		5.11892
169		5.15835		5.17371		5.14298
170		5.1814		5.19676		5.16604
171		5.20533		5.22075		5.18991
172		5.22836		5.24365		5.21307
173		5.25164		5.2668		5.23648
174		5.27461		5.28953		5.25969
175		5.29783		5.31275		5.2829
176		5.321		5.33594		5.30606
177		5.34408		5.35895		5.32921
178		5.36715		5.38192		5.35238
179		5.39031		5.40505		5.37558
180		5.41342		5.4281		5.39875
181		5.43643		5.45103		5.42182
182		5.45956		5.47407		5.44505
183		5.48271		5.497		5.46843
184		5.50582		5.51994		5.49169
185		5.52815		5.54228		5.51403
186		5.55131		5.56541		5.53722
187		5.57362		5.58771		5.55954
188		5.59693		5.61105		5.58281
189		5.6191		5.63313		5.60508
190		5.64137		5.65549		5.62725
191		5.66367		5.6779		5.64945
192		5.68591		5.70023		5.67159
193		5.70809		5.72256		5.69362
194		5.73034		5.74488		5.7158
195		5.75292		5.76741		5.73842
196		5.77526		5.78963		5.76088
197		5.79787		5.81261		5.78313
198		5.82028		5.83513		5.80543
199		5.84242		5.85724		5.82761
200		5.86466		5.87943		5.84988
201		5.88608		5.90096		5.8712
202		5.90821		5.92312		5.8933
203		5.9297		5.94473		5.91468
204		5.95183		5.96696		5.9367
205		5.9731		5.98826		5.95795
206		5.99451		6.00987		5.97916
207		6.01584		6.03125		6.00043
208		6.0372		6.05261		6.02178
209		6.0586		6.07407		6.04313
210		6.0801		6.09575		6.06445
211		6.10158		6.11727		6.08589
212		6.12306		6.13879		6.10733
213		6.14445		6.16025		6.12866
214		6.16583		6.18166		6.15
215		6.18716		6.203		6.17132
216		6.20851		6.22429		6.19273
217		6.22973		6.24545		6.21401
218		6.25102		6.26649		6.23554
219		6.2722		6.28742		6.25698
220		6.29263		6.30792		6.27735
221		6.3139		6.32914		6.29865
222		6.33441		6.34967		6.31916
223		6.35573		6.37099		6.34047
224		6.37611		6.39139		6.36083
225		6.39667		6.41193		6.38141
226		6.41709		6.43229		6.4019
227		6.43763		6.4529		6.42237
228		6.45804		6.47338		6.44269
229		6.47848		6.49369		6.46327
230		6.49909		6.51442		6.48375
231		6.51975		6.53522		6.50428
232		6.5402		6.55562		6.52478
233		6.56075		6.57634		6.54515
234		6.58123		6.5968		6.56566
235		6.60174		6.61738		6.5861
236		6.62228		6.63789		6.60668
237		6.64286		6.65848		6.62723
238		6.66352		6.67907		6.64798
239		6.68408		6.69952		6.66864
240		6.70378		6.71929		6.68827
241		6.7244		6.73987		6.70893
242		6.74396		6.75944		6.72849
243		6.76446		6.77973		6.74919
244		6.78401		6.79932		6.76869
245		6.8046		6.81992		6.78927
246		6.82435		6.83962		6.80908
247		6.84398		6.85917		6.82879
248		6.86364		6.87876		6.84853
249		6.88337		6.89838		6.86836
250		6.90297		6.91808		6.88787
