step	mediator-max-opt_cum_inst_loss_mean	mediator-max-opt_cum_inst_loss_std_up	mediator-max-opt_cum_inst_loss_std_down
1		7118.57824		7124.1318		7113.02468
2		13373.78803		13813.62933		12933.94674
3		19628.04584		20500.61705		18755.47462
4		25665.93554		26538.50676		24793.36433
5		31703.82305		32576.39426		30831.25183
6		37741.70824		38614.27945		36869.13702
7		43779.59099		44652.16221		42907.01978
8		49817.47119		50690.0424		48944.89997
9		55855.34868		56727.91989		54982.77747
10		61893.22333		62765.79455		61020.65212
11		67931.095		68803.66621		67058.52378
12		73968.96351		74841.53473		73096.3923
13		80006.82872		80879.39993		79134.2575
14		86044.69043		86917.26164		85172.11922
15		92082.54847		92955.11969		91209.97726
16		98120.40265		98992.97387		97247.83144
17		104158.25277		105030.82398		103285.68155
18		110196.0986		111068.66981		109323.52738
19		116233.93992		117106.51114		115361.36871
20		122271.7765		123144.34772		121399.20529
21		128309.60809		129182.1793		127437.03687
22		134347.43442		135220.00563		133474.8632
23		140385.25521		141257.82643		139512.684
24		146423.07018		147295.6414		145550.49897
25		152460.87902		153333.45024		151588.30781
26		158498.68141		159371.25262		157626.11019
27		164536.477		165409.04821		163663.90579
28		170574.26544		171446.83665		169701.69423
29		176612.04635		177484.61757		175739.47514
30		182649.81934		183522.39056		181777.24813
31		188687.58399		189560.15521		187815.01278
32		194725.33986		195597.91107		193852.76865
33		200763.08649		201635.6577		199890.51527
34		206800.82339		207673.3946		205928.25217
35		212838.55004		213711.12126		211965.97883
36		218876.26592		219748.83714		218003.69471
37		224913.97046		225786.54167		224041.39924
38		230951.66305		231824.23426		230079.09183
39		236989.34306		237861.91428		236116.77185
40		243027.00984		243899.58106		242154.43863
41		249064.6627		249937.23391		248192.09148
42		255102.30088		255974.8721		254229.72967
43		261139.92364		262012.49485		260267.35242
44		267177.53014		268050.10136		266304.95893
45		273215.11954		274087.69076		272342.54833
46		279252.69094		280125.26216		278380.11973
47		285290.24339		286162.8146		284417.67217
48		291327.77589		292200.3471		290455.20467
49		297365.28739		298237.8586		296492.71617
50		303402.77679		304275.348		302530.20557
51		309440.24292		310312.81413		308567.6717
52		315477.68456		316350.25577		314605.11334
53		321515.10042		322387.67163		320642.5292
54		327552.48914		328425.06035		326679.91792
55		333589.84929		334462.42051		332717.27808
56		339627.17938		340499.7506		338754.60817
57		345664.47782		346537.04903		344791.9066
58		351701.74294		352574.31415		350829.17172
59		357738.97299		358611.5442		356866.40177
60		363776.16612		364648.73733		362903.5949
61		369813.32039		370685.8916		368940.74918
62		375850.43376		376723.00497		374977.86254
63		381887.50407		382760.07528		381014.93285
64		387924.52905		388797.10027		387051.95784
65		393961.50633		394834.07754		393088.93512
66		399998.43339		400871.0046		399125.86217
67		406035.30758		406907.87879		405162.73637
68		412072.12613		412944.69734		411199.55491
69		418108.8861		418981.45731		417236.31488
70		424145.58441		425018.15563		423273.0132
71		430182.21782		431054.78904		429309.64661
72		436218.78292		437091.35413		435346.2117
73		442255.2761		443127.84731		441382.70488
74		448291.69358		449164.26479		447419.12236
75		454328.03137		455200.60259		453455.46016
76		460364.28529		461236.85651		459491.71408
77		466400.45092		467273.02213		465527.87971
78		472436.52361		473309.09482		471563.9524
79		478472.49847		479345.06968		477599.92725
80		484508.37035		485380.94156		483635.79913
81		490544.13383		491416.70504		489671.56261
82		496579.7832		497452.35442		495707.21199
83		502615.31247		503487.88368		501742.74125
84		508650.7153		509523.28652		507778.14409
85		514685.98505		515558.55626		513813.41384
86		520721.11471		521593.68592		519848.54349
87		526756.0969		527628.66812		525883.52569
88		532790.92387		533663.49509		531918.35266
89		538825.58745		539698.15866		537953.01623
90		544860.07903		545732.65024		543987.50782
91		550894.38956		551766.96078		550021.81835
92		556928.50952		557801.08074		556055.93831
93		562962.42888		563835.00009		562089.85766
94		568996.13707		569868.70828		568123.56585
95		575029.62298		575902.19419		574157.05177
96		581062.87492		581935.44613		580190.3037
97		587095.88056		587968.45178		586223.30935
98		593128.62695		594001.19817		592256.05574
99		599161.10045		600033.67166		598288.52923
100		605193.28668		606065.85789		604320.71546
101		611225.17053		612097.74174		610352.59932
102		617256.73608		618129.3073		616384.16487
103		623287.96659		624160.53781		622415.39538
104		629318.84442		630191.41563		628446.2732
105		635349.351		636221.92221		634476.77979
106		641379.4668		642252.03801		640506.89558
107		647409.17125		648281.74246		646536.60003
108		653438.44269		654311.01391		652565.87148
109		659467.25835		660339.82956		658594.68713
110		665495.59423		666368.16544		664623.02301
111		671523.42507		672395.99629		670650.85386
112		677550.72431		678423.29552		676678.15309
113		683577.46395		684450.03516		682704.89274
114		689603.61455		690476.18576		688731.04334
115		695629.14511		696501.71632		694756.57389
116		701654.02298		702526.5942		700781.45177
117		707678.21383		708550.78504		706805.64261
118		713701.68148		714574.2527		712829.11027
119		719724.38788		720596.9591		718851.81667
120		725746.29297		726618.86418		724873.72175
121		731767.35456		732639.92577		730894.78334
122		737787.52826		738660.09947		736914.95704
123		743806.76734		744679.33855		742934.19613
124		749825.02261		750697.59383		748952.4514
125		755842.2423		756714.81351		754969.67109
126		761858.37189		762730.94311		760985.80068
127		767873.35402		768745.92523		767000.7828
128		773887.12829		774759.6995		773014.55707
129		779899.63112		780772.20234		779027.05991
130		785910.79561		786783.36683		785038.2244
131		791920.55131		792793.12253		791047.9801
132		797928.82408		798801.3953		797056.25287
133		803935.53587		804808.10708		803062.96466
134		809940.60452		810813.17573		809068.0333
135		815943.94355		816816.51476		815071.37233
136		821945.46193		822818.03314		821072.89071
137		827945.06383		828817.63504		827072.49262
138		833942.64839		834815.21961		833070.07718
139		839938.10944		840810.68066		839065.53823
140		845931.33521		846803.90643		845058.764
141		851922.20806		852794.77927		851049.63685
142		857910.60415		858783.17536		857038.03293
143		863896.39312		864768.96434		863023.82191
144		869879.43777		870752.00898		869006.86655
145		875859.59365		876732.16486		874987.02243
146		881836.70873		882709.27994		880964.13751
147		887810.62297		888683.19418		886938.05175
148		893781.16791		894653.73912		892908.59669
149		899748.16622		900620.73743		898875.59501
150		905711.43125		906584.00246		904838.86003
151		911670.76651		912543.33772		910798.19529
152		917625.96518		918498.53639		916753.39396
153		923576.80956		924449.38077		922704.23834
154		929523.07048		930395.64169		928650.49926
155		935464.50673		936337.07794		934591.93551
156		941400.86438		942273.4356		940528.29317
157		947331.87618		948204.44739		946459.30497
158		953257.26078		954129.83199		952384.68956
159		959176.72204		960049.29325		958304.15082
160		965089.94823		965962.51945		964217.37702
161		970996.61125		971869.18247		970124.04004
162		976896.36571		977768.93692		976023.79449
163		982788.84805		983661.41926		981916.27683
164		988673.6756		989546.24681		987801.10439
165		994550.44556		995423.01677		993677.87434
166		1000418.73394		1001291.30515		999546.16272
167		1006278.09445		1007150.66567		1005405.52324
168		1012128.05735		1013000.62856		1011255.48614
169		1017968.12818		1018840.69939		1017095.55697
170		1023797.7865		1024670.35771		1022925.21529
171		1029616.48451		1030489.05572		1028743.91329
172		1035423.64562		1036296.21684		1034551.07441
173		1041218.66295		1042091.23417		1040346.09174
174		1047000.89774		1047873.46896		1046128.32653
175		1052769.67768		1053642.24889		1051897.10646
176		1058524.29514		1059396.86636		1057651.72393
177		1064264.0054		1065136.57661		1063391.43418
178		1069988.02461		1070860.59583		1069115.4534
179		1075695.52785		1076568.09907		1074822.95664
180		1081385.64693		1082258.21815		1080513.07572
181		1087057.46818		1087930.03939		1086184.89697
182		1092710.03008		1093582.6013		1091837.45887
183		1098342.3208		1099214.89201		1097469.74959
184		1103953.27558		1104825.8468		1103080.70437
185		1109541.77406		1110414.34527		1108669.20284
186		1115106.63735		1115979.20856		1114234.06614
187		1120646.62513		1121519.19635		1119774.05392
188		1126160.43247		1127033.00368		1125287.86126
189		1131646.68656		1132519.25778		1130774.11535
190		1137103.94333		1137976.51454		1136231.37211
191		1142530.68382		1143403.25503		1141658.11261
192		1147925.31052		1148797.88173		1147052.7393
193		1153286.14344		1154158.71466		1152413.57223
194		1158611.41612		1159483.98734		1157738.84491
195		1163899.27141		1164771.84262		1163026.70019
196		1169147.75713		1170020.32835		1168275.18592
197		1174354.82162		1175227.39283		1173482.25041
198		1179518.30907		1180390.88028		1178645.73785
199		1184635.95478		1185508.526		1183763.38357
200		1189705.38032		1190577.95154		1188832.80911
201		1194724.08854		1195596.65975		1193851.51732
202		1199689.45853		1200562.02974		1198816.88731
203		1204598.7406		1205471.31182		1203726.16939
204		1209449.05121		1210321.62242		1208576.48
205		1214237.36795		1215109.93916		1213364.79674
206		1218960.52469		1219833.09591		1218087.95348
207		1223615.20692		1224487.77814		1222742.63571
208		1228197.94736		1229070.51857		1227325.37614
209		1232705.12199		1233577.69321		1231832.55078
210		1237132.94672		1238005.51794		1236260.37551
211		1241477.47467		1242350.04588		1240604.90345
212		1245734.59447		1246607.16568		1244862.02326
213		1249900.02977		1250772.60098		1249027.45856
214		1253969.34018		1254841.9114		1253096.76897
215		1257937.92414		1258810.49536		1257065.35293
216		1261801.02401		1262673.59523		1260928.4528
217		1265553.73404		1266426.30526		1264681.16283
218		1269191.01167		1270063.58289		1268318.44046
219		1272707.69305		1273580.26426		1271835.12183
220		1276098.51345		1276971.08467		1275225.94224
221		1279358.13377		1280230.70499		1278485.56256
222		1282481.17409		1283353.74531		1281608.60288
223		1285462.25581		1286334.82702		1284589.68459
224		1288296.05382		1289168.62504		1287423.48261
225		1290977.36062		1291849.93183		1290104.7894
226		1293501.1642		1294373.73541		1292628.59298
227		1295862.74221		1296735.31342		1294990.17099
228		1298057.77458		1298930.34579		1297185.20337
229		1300082.47733		1300955.04854		1299209.90611
230		1301933.75995		1302806.33116		1301061.18873
231		1303609.40877		1304481.97999		1302736.83756
232		1305108.29783		1305980.86905		1304235.72662
233		1306430.62768		1307303.1989		1305558.05647
234		1307578.19053		1308450.76174		1306705.61932
235		1308554.65646		1309427.22767		1307682.08525
236		1309365.87036		1310238.44157		1308493.29914
237		1310020.141		1310892.71221		1309147.56978
238		1310528.49229		1311401.0635		1309655.92107
239		1310904.83054		1311777.40176		1310032.25933
240		1311165.96094		1312038.53215		1310293.38972
241		1311331.3616		1312203.93281		1310458.79038
242		1311422.60152		1312295.17273		1310550.0303
243		1311462.2823		1312334.85352		1310589.71109
244		1311472.4296		1312345.00082		1310599.85839
245		1311472.4296		1312345.00082		1310599.85839
246		1311472.4296		1312345.00082		1310599.85839
247		1311472.4296		1312345.00082		1310599.85839
248		1311472.4296		1312345.00082		1310599.85839
249		1311472.4296		1312345.00082		1310599.85839
250		1311472.4296		1312345.00082		1310599.85839
