step	mediator-max-opt_inst_loss_mean	mediator-max-opt_inst_loss_std_up	mediator-max-opt_inst_loss_std_down
1		-1147.75434		9468.45161		-11763.9603
2		2557.10737		9834.43186		-4720.21712
3		794.4284		10047.7385		-8458.8817
4		-109.61664		9330.09721		-9549.33049
5		-620.74936		9465.6863		-10707.18502
6		-1483.722		9001.16391		-11968.60791
7		-1615.74922		9159.57451		-12391.07296
8		-2861.60011		8932.81487		-14656.01509
9		-2188.70268		8948.03161		-13325.43697
10		-1392.58748		7726.72498		-10511.89994
11		129.31362		7812.43575		-7553.80852
12		-1023.63923		7776.18653		-9823.46499
13		-903.69786		7622.63528		-9430.031
14		643.93427		7713.06259		-6425.19405
15		-481.93328		7652.98718		-8616.85373
16		-1506.2334		7765.66495		-10778.13175
17		-1510.79153		7893.13184		-10914.7149
18		-1416.48976		7743.50629		-10576.48581
19		104.15333		7756.01558		-7547.70893
20		2354.5211		8929.3181		-4220.27591
21		3389.75334		13328.81185		-6549.30517
22		2408.40259		12273.58539		-7456.78021
23		2059.28689		12532.20879		-8413.635
24		1691.79669		12807.18214		-9423.58876
25		781.9034		13611.97008		-12048.16328
26		374.71204		13923.43703		-13174.01296
27		-53.91045		14253.13209		-14360.95299
28		667.66032		15243.86082		-13908.54019
29		-456.95849		14452.22171		-15366.13869
30		-1479.94416		15360.35677		-18320.24508
31		-1356.48929		16878.46953		-19591.4481
32		-1823.79049		16002.44212		-19650.0231
33		-3147.52101		16659.1725		-22954.21452
34		-3763.62945		17139.90351		-24667.1624
35		-3889.10315		17124.96571		-24903.17202
36		-4356.40577		17979.65995		-26692.47149
37		-4641.73213		17572.78298		-26856.24725
38		-3293.99654		16061.84191		-22649.835
39		-1444.59547		15114.43267		-18003.6236
40		-3136.94566		15550.82015		-21824.71148
41		-2700.65681		16002.42473		-21403.73836
42		-839.10465		15079.46085		-16757.67015
43		228.9151		12672.5945		-12214.76431
44		2029.28925		11252.13749		-7193.559
45		504.65815		11421.9685		-10412.65221
46		-174.51359		11312.27805		-11661.30523
47		-755.0596		12742.92006		-14253.03926
48		-526.95145		12755.45392		-13809.35682
49		1902.4084		16430.95159		-12626.13479
50		2899.35229		13591.07832		-7792.37374
51		2312.02283		15542.25519		-10918.20952
52		1486.15754		14876.86866		-11904.55357
53		1723.70053		16516.81738		-13069.41632
54		1074.49466		14719.24849		-12570.25916
55		2723.0843		13151.95991		-7705.79132
56		4889.17384		12134.95869		-2356.61102
57		5762.07243		9004.07074		2520.07411
58		8115.63826		10185.93068		6045.34585
59		6750.88487		7948.49335		5553.27638
60		6665.38216		7741.97478		5588.78953
61		6035.07509		6715.02763		5355.12254
62		6371.06727		6934.00034		5808.1342
63		5317.5476		6855.10644		3779.98876
64		5427.93871		7127.08377		3728.79366
65		5625.1343		6622.24547		4628.02312
66		5834.80945		7504.62256		4164.99635
67		5602.85512		7027.1829		4178.52734
68		5908.35662		6109.06466		5707.64859
69		5665.47177		7436.21997		3894.72356
70		5308.52867		7210.12505		3406.93228
71		5810.24363		6711.55743		4908.92983
72		5219.10209		7726.23507		2711.96911
73		5054.03187		7818.32749		2289.73625
74		4989.66036		6455.4264		3523.89432
75		4587.79825		7893.28274		1282.31377
76		3964.53644		7421.63647		507.4364
77		3762.92614		7544.90766		-19.05539
78		4200.39561		7087.82936		1312.96186
79		3652.25205		8401.69383		-1097.18973
80		3741.85636		7358.34612		125.3666
81		5599.59496		6863.83029		4335.35962
82		7554.05664		12124.99866		2983.11463
83		7182.42156		10560.03249		3804.81063
84		6285.07193		8774.24275		3795.90111
85		6232.072		8769.08866		3695.05534
86		6701.44935		10190.8061		3212.0926
87		6335.13899		9013.29353		3656.98445
88		6598.37731		9522.0595		3674.69513
89		5900.64773		8507.87735		3293.4181
90		5508.45204		7894.59629		3122.30779
91		5327.02988		7517.18518		3136.87457
92		5686.96133		8245.65015		3128.27251
93		6241.23955		8866.21653		3616.26256
94		5954.39263		8361.50332		3547.28195
95		6284.71006		9433.14608		3136.27403
96		6301.49114		9930.31359		2672.6687
97		6093.19149		9874.82751		2311.55546
98		6513.38196		11034.73848		1992.02544
99		6838.36887		12510.92235		1165.81538
100		7032.35866		12166.71165		1898.00567
101		6912.26125		12190.2082		1634.31429
102		6261.72879		10963.19344		1560.26414
103		5494.76648		10388.01406		601.5189
104		5151.5295		9882.5177		420.54131
105		5636.80234		10552.53513		721.06956
106		5805.35935		10873.77483		736.94386
107		4990.87116		10240.83168		-259.08936
108		4602.22958		10458.456		-1253.99685
109		4216.7313		9391.4203		-957.95771
110		4227.83916		9843.31346		-1387.63514
111		4025.73907		9893.67486		-1842.19673
112		4446.83711		11044.7937		-2151.11948
113		3914.00671		9724.71398		-1896.70056
114		4096.75607		10600.34312		-2406.83098
115		3645.52723		9129.8351		-1838.78064
116		3151.73334		7847.75647		-1544.28979
117		1814.48853		7362.44083		-3733.46377
118		1850.0803		8108.75389		-4408.59329
119		1961.09968		7519.53242		-3597.33306
120		1426.29164		7205.52169		-4352.93841
121		1630.34109		8352.92783		-5092.24564
122		1711.76617		7601.78439		-4178.25206
123		3875.2353		7390.59626		359.87434
124		2728.84908		7017.36086		-1559.6627
125		2851.18187		8055.57203		-2353.20829
126		2120.99062		7025.95794		-2783.9767
127		1792.8619		7397.37549		-3811.65169
128		1882.8407		6844.31826		-3078.63686
129		869.62773		7006.35825		-5267.10279
130		486.97285		7020.73405		-6046.78834
131		734.92172		6808.19284		-5338.34939
132		-448.28022		6425.60276		-7322.1632
133		-569.59352		6620.1114		-7759.29843
134		-1364.27013		6495.08477		-9223.62503
135		-668.73656		6724.58274		-8062.05586
136		1025.613		6542.19637		-4490.97036
137		32.37649		5770.54576		-5705.79278
138		221.98687		5620.43087		-5176.45714
139		-587.061		6447.45035		-7621.57235
140		-898.72216		5866.19052		-7663.63483
141		-1308.70801		5479.76565		-8097.18167
142		-1459.89127		6940.13292		-9859.91546
143		-2054.47875		6898.2613		-11007.21881
144		-3005.29851		6155.41017		-12166.00718
145		-3554.54902		6382.0569		-13491.15493
146		-4572.98478		5625.61643		-14771.58599
147		-5286.79215		6342.20276		-16915.78706
148		-5945.87926		5158.79094		-17050.54946
149		-7405.54247		5337.09127		-20148.17622
150		-6545.08847		6308.3769		-19398.55385
151		-5121.93565		6039.93868		-16283.80998
152		-6820.90106		5102.73472		-18744.53684
153		-7264.37471		4565.04536		-19093.79477
154		-5663.5884		5642.43538		-16969.61218
155		-6959.68447		5629.01446		-19548.3834
156		-6694.05973		5717.25902		-19105.37848
157		-5740.73842		5309.69202		-16791.16885
158		-4331.62067		5299.9589		-13963.20024
159		-5486.90563		5584.61514		-16558.42641
160		-4735.963		5164.08926		-14636.01525
161		-4309.9795		8638.26733		-17258.22634
162		-4749.34093		8708.55774		-18207.2396
163		-2990.89704		9131.20125		-15112.99534
164		-3024.90174		6069.20025		-12119.00373
165		-2498.42768		8606.65831		-13603.51367
166		248.4413		11982.74175		-11485.85916
167		-711.31732		10307.84527		-11730.4799
168		-1610.96643		11738.42499		-14960.35784
169		-1791.51242		12842.1867		-16425.21153
170		-1232.77007		12947.94913		-15413.48927
171		2649.70277		13936.99364		-8637.58809
172		2113.13246		9114.41509		-4888.15017
173		4673.25184		8576.60641		769.89727
174		5367.56275		12137.0749		-1401.94939
175		4787.85425		11491.27123		-1915.56274
176		5918.715		13507.68644		-1670.25644
177		4684.5843		11061.8155		-1692.64689
178		3413.07431		11307.94257		-4481.79395
179		3200.58835		11644.22678		-5243.05008
180		4572.66324		12667.73583		-3522.40934
181		5031.10478		10118.24347		-56.03391
182		4318.12817		11100.24969		-2463.99335
183		3711.1766		9169.85691		-1747.5037
184		3677.4471		11399.54559		-4044.65138
185		4325.89907		10538.35517		-1886.55703
186		7734.86849		9824.83863		5644.89835
187		9884.9477		13029.01439		6740.881
188		7658.13816		9752.06474		5564.21157
189		9088.70601		11511.22614		6666.18588
190		7260.48175		9567.1489		4953.81461
191		7045.82392		9480.96363		4610.68422
192		6081.48636		8168.92426		3994.04846
193		6263.14653		9035.54538		3490.74767
194		7185.58502		9550.20981		4820.96022
195		6503.67647		9863.38635		3143.9666
196		5054.66322		7886.18365		2223.1428
197		5209.34738		8590.11199		1828.58277
198		3927.59015		7284.29479		570.8855
199		4578.72787		7015.28769		2142.16804
200		7411.65934		9897.20602		4926.11267
201		5864.76036		8365.28936		3364.23136
202		5604.2159		9776.66547		1431.76633
203		6397.98309		9315.23216		3480.73401
204		5784.26597		8635.33074		2933.2012
205		6130.01431		9411.56891		2848.4597
206		5160.40643		8443.86617		1876.94669
207		5473.3261		9144.03893		1802.61326
208		5118.84709		7968.52094		2269.17324
209		8023.56111		11425.52703		4621.5952
210		5919.3563		8731.59812		3107.11448
211		7213.00044		11495.56569		2930.43518
212		5832.98733		8480.6856		3185.28906
213		6153.77864		8152.9879		4154.56938
214		5807.60981		9409.94719		2205.27243
215		5965.85682		9702.95037		2228.76328
216		5476.85281		8471.90946		2481.79615
217		4655.98583		8155.20253		1156.76912
218		4231.04998		8692.12673		-230.02678
219		4849.63221		8098.38226		1600.88216
220		5940.26745		10058.06527		1822.46963
221		5448.87563		9065.42023		1832.33103
222		3564.29084		6697.6712		430.91049
223		4534.22786		7630.50288		1437.95285
224		5129.56201		7662.3452		2596.77883
225		5420.28295		6611.72931		4228.83658
226		3541.79711		5301.12183		1782.47239
227		3798.12926		6021.67605		1574.58246
228		3077.64878		3996.01427		2159.28328
229		5250.23579		8980.31493		1520.15666
230		3951.42931		6599.4277		1303.43093
231		4052.94359		8121.12134		-15.23416
232		3680.24728		6135.45277		1225.04179
233		2642.213		5640.34393		-355.91794
234		1890.2375		4094.82467		-314.34966
235		1727.22508		4208.15592		-753.70576
236		1796.59337		4325.92478		-732.73803
237		162.34122		3753.5036		-3428.82116
238		307.36852		5186.21418		-4571.47715
239		-515.60379		3896.49141		-4927.699
240		-1072.19872		3621.42499		-5765.82243
241		-1006.62666		3902.36991		-5915.62323
242		-2086.61396		2242.56082		-6415.78874
243		-2333.38022		1935.16996		-6601.93039
244		-565.13461		5676.06307		-6806.33229
245		-1028.87295		3668.35948		-5726.10537
246		-2543.97122		3560.20171		-8648.14415
247		-2678.17729		4166.07557		-9522.43014
248		-2596.805		3549.22665		-8742.83665
249		-1056.1		1509.64976		-3621.84976
250		602.0		1801.00209		-597.00209
