episode	mediator-max-opt_cov_err_sq_T_mean	mediator-max-opt_cov_err_sq_T_std_up	mediator-max-opt_cov_err_sq_T_std_down
1		8.16667		8.16667		8.16667
2		8.69333		9.01333		8.37333
3		8.41333		8.83791		7.98876
4		8.16667		8.62029		7.71304
5		7.97333		8.20466		7.74201
6		7.89056		8.12216		7.65895
7		8.02722		8.54172		7.51273
8		7.87667		8.40252		7.35081
9		8.08961		8.67628		7.50293
10		8.16689		8.89596		7.43781
11		7.77736		8.06446		7.49025
12		7.80969		8.16052		7.45885
13		7.68213		7.89209		7.47218
14		7.70963		7.93606		7.48321
15		7.73802		7.96518		7.51086
16		7.70822		7.95061		7.46583
17		7.72489		7.9565		7.49328
18		7.71217		7.94997		7.47438
19		7.71799		7.95344		7.48253
20		7.71426		7.94213		7.48638
21		7.82303		8.20983		7.43622
22		7.81507		8.19156		7.43857
23		7.75837		8.12059		7.39614
24		7.70346		8.00714		7.39978
25		7.6905		7.97981		7.40119
26		7.67284		7.96155		7.38413
27		7.65523		7.95283		7.35763
28		7.65089		7.94053		7.36125
29		7.65095		7.94089		7.36102
30		7.65434		7.94161		7.36707
31		7.65566		7.9448		7.36651
32		7.6532		7.94774		7.35866
33		7.61395		7.9425		7.2854
34		7.48876		7.74034		7.23719
35		7.48586		7.73999		7.23172
36		7.59773		7.8951		7.30036
37		7.57052		7.84149		7.29954
38		7.57605		7.86321		7.28889
39		7.578		7.86621		7.28978
40		7.58173		7.86988		7.29358
41		7.58621		7.87427		7.29814
42		7.58509		7.87271		7.29747
43		7.5837		7.86649		7.30091
44		7.585		7.87124		7.29875
45		7.58325		7.87409		7.29241
46		7.54928		7.86177		7.23678
47		7.5422		7.86389		7.22051
48		7.54295		7.86189		7.224
49		7.34423		7.88977		6.79869
50		7.12565		8.08613		6.16518
51		7.03013		8.03186		6.02841
52		7.04272		8.0483		6.03714
53		7.04379		8.04815		6.03944
54		7.04634		8.04991		6.04277
55		7.03781		8.03205		6.04356
56		7.04071		8.05595		6.02547
57		7.04371		8.05724		6.03018
58		7.04678		8.05882		6.03475
59		7.04651		8.06708		6.02594
60		7.04395		8.06432		6.02358
61		7.04492		8.06373		6.02611
62		7.04275		8.06658		6.01893
63		7.04427		8.06954		6.01901
64		7.05166		8.07683		6.02648
65		7.05335		8.07723		6.02947
66		7.0541		8.08301		6.02518
67		7.05491		8.08517		6.02465
68		7.05635		8.09		6.02269
69		7.02554		8.10624		5.94484
70		7.02774		8.10413		5.95134
71		7.02918		8.10533		5.95303
72		7.01888		8.11565		5.92211
73		7.02019		8.1141		5.92628
74		7.02051		8.11433		5.92668
75		7.02151		8.11116		5.93185
76		7.01903		8.10527		5.9328
77		7.02127		8.1051		5.93745
78		7.01967		8.10298		5.93636
79		7.02128		8.10409		5.93846
80		7.01698		8.1098		5.92417
81		7.0169		8.11441		5.91939
82		7.01984		8.11795		5.92172
83		7.01886		8.11758		5.92014
84		7.02203		8.1215		5.92256
85		7.01551		8.11112		5.9199
86		7.0152		8.1116		5.9188
87		7.01511		8.11297		5.91725
88		7.01485		8.11106		5.91863
89		7.01492		8.11001		5.91983
90		7.01592		8.11313		5.9187
91		7.01015		8.10677		5.91352
92		7.00785		8.10516		5.91054
93		7.01434		8.11322		5.91545
94		7.01472		8.11396		5.91549
95		7.01423		8.11301		5.91544
96		7.01554		8.11543		5.91566
97		7.01462		8.11359		5.91565
98		7.01509		8.11442		5.91577
99		7.02051		8.12045		5.92057
100		7.01878		8.11653		5.92102
101		7.01948		8.11712		5.92183
102		7.01959		8.11923		5.91995
103		7.02111		8.11936		5.92286
104		7.01579		8.12329		5.90829
105		6.85447		7.89872		5.81023
106		6.88512		7.93307		5.83716
107		6.88463		7.93281		5.83645
108		6.88444		7.93335		5.83553
109		6.88262		7.93173		5.83352
110		6.88341		7.93238		5.83444
111		6.8804		7.92863		5.83217
112		6.86906		7.91145		5.82667
113		6.82319		7.86418		5.78219
114		6.82796		7.87003		5.78589
115		6.82855		7.86929		5.78782
116		6.83343		7.87561		5.79126
117		6.83353		7.8762		5.79087
118		6.83306		7.87509		5.79103
119		6.8296		7.86793		5.79128
120		6.82998		7.86919		5.79077
121		6.82844		7.8676		5.78928
122		6.82621		7.86554		5.78687
123		6.8256		7.86267		5.78854
124		6.81084		7.83609		5.7856
125		6.79978		7.82043		5.77913
126		6.79172		7.80609		5.77735
127		6.78179		7.78818		5.77541
128		6.74484		7.74603		5.74364
129		6.74741		7.7561		5.73871
130		6.77814		7.79427		5.76202
131		6.77549		7.78946		5.76153
132		6.77651		7.79096		5.76206
133		6.77652		7.7911		5.76193
134		6.77666		7.79148		5.76183
135		6.77676		7.7912		5.76232
136		6.78129		7.79995		5.76262
137		6.78088		7.79937		5.76239
138		6.7785		7.7947		5.76231
139		6.78518		7.80374		5.76662
140		6.78461		7.80318		5.76605
141		6.78469		7.80354		5.76584
142		6.78444		7.80342		5.76546
143		6.78441		7.80333		5.76548
144		6.78017		7.79524		5.76509
145		6.77526		7.79197		5.75854
146		6.77271		7.78725		5.75818
147		6.77135		7.78446		5.75823
148		6.77058		7.78293		5.75824
149		6.76852		7.78378		5.75326
150		6.76828		7.78318		5.75337
151		6.76037		7.77271		5.74804
152		6.75472		7.76563		5.74382
153		6.74975		7.75928		5.74022
154		6.74646		7.75507		5.73785
155		6.74996		7.7596		5.74031
156		6.74991		7.75952		5.7403
157		6.7502		7.75975		5.74065
158		6.75018		7.7601		5.74026
159		6.75065		7.76027		5.74102
160		6.75137		7.75989		5.74286
161		6.75115		7.76054		5.74177
162		6.75106		7.76055		5.74157
163		6.75136		7.76085		5.74188
164		6.74806		7.75704		5.73908
165		6.74455		7.75183		5.73726
166		6.74317		7.74929		5.73704
167		6.73451		7.73796		5.73106
168		6.74379		7.74989		5.7377
169		6.74635		7.75316		5.73954
170		6.74572		7.75533		5.73612
171		6.74502		7.75434		5.7357
172		6.74419		7.75297		5.7354
173		6.74478		7.75365		5.7359
174		6.74571		7.75351		5.73791
175		6.74629		7.75512		5.73745
176		6.74609		7.75484		5.73734
177		6.74632		7.75538		5.73726
178		6.74687		7.75597		5.73776
179		6.74749		7.75546		5.73952
180		6.74819		7.75454		5.74185
181		6.74978		7.75477		5.74479
182		6.74703		7.75267		5.7414
183		6.74963		7.75551		5.74375
184		6.75006		7.75735		5.74277
185		6.74968		7.7565		5.74285
186		6.74927		7.75684		5.7417
187		6.7489		7.75655		5.74124
188		6.74843		7.75622		5.74064
189		6.74826		7.75579		5.74074
190		6.74861		7.75721		5.74001
191		6.74781		7.75611		5.7395
192		6.74813		7.75668		5.73958
193		6.74826		7.75663		5.73989
194		6.74615		7.75485		5.73746
195		6.74442		7.75215		5.7367
196		6.74323		7.74945		5.73701
197		6.74481		7.75207		5.73754
198		6.74549		7.75245		5.73853
199		6.74468		7.75153		5.73783
200		6.74551		7.75305		5.73798
201		6.74445		7.75186		5.73704
202		6.74475		7.7526		5.73691
203		6.74496		7.75306		5.73685
204		6.74532		7.75317		5.73748
205		6.746		7.75473		5.73728
206		6.7467		7.75587		5.73753
207		6.74697		7.7564		5.73753
208		6.7459		7.75512		5.73667
209		6.74592		7.75522		5.73662
210		6.74573		7.75518		5.73628
211		6.74557		7.75503		5.73611
212		6.74526		7.75447		5.73604
213		6.74507		7.75457		5.73558
214		6.74518		7.75448		5.73588
215		6.74496		7.75456		5.73537
216		6.74532		7.7548		5.73583
217		6.74461		7.75418		5.73504
218		6.713		7.7133		5.7127
219		6.70545		7.70325		5.70766
220		6.71356		7.71207		5.71505
221		6.71103		7.71079		5.71128
222		6.71115		7.71124		5.71106
223		6.71139		7.71162		5.71116
224		6.71168		7.7113		5.71207
225		6.71195		7.71082		5.71308
226		6.71144		7.71228		5.7106
227		6.71181		7.71298		5.71064
228		6.71225		7.71377		5.71073
229		6.71086		7.71191		5.70981
230		6.71023		7.71073		5.70972
231		6.70949		7.71033		5.70866
232		6.7094		7.71055		5.70825
233		6.70193		7.70174		5.70212
234		6.70133		7.70147		5.70119
235		6.53607		7.55521		5.51693
236		6.37043		7.50256		5.2383
237		6.2133		7.28841		5.1382
238		6.22608		7.30292		5.14925
239		6.2271		7.3029		5.1513
240		6.22715		7.3033		5.151
241		6.22701		7.30315		5.15087
242		6.22723		7.30317		5.15128
243		6.22691		7.30294		5.15088
244		6.22655		7.30152		5.15157
245		6.22645		7.30115		5.15175
246		6.22563		7.3009		5.15035
247		6.2266		7.30149		5.15172
248		6.2267		7.30145		5.15195
249		6.22731		7.30188		5.15273
250		6.22761		7.30199		5.15323
251		6.22687		7.30029		5.15345
252		6.16698		7.15844		5.17552
253		5.94698		6.72828		5.16568
254		5.91822		6.68677		5.14967
255		5.89182		6.65137		5.13227
256		5.80391		6.56347		5.04434
257		5.7875		6.54921		5.02579
258		5.79275		6.55311		5.03239
259		5.79239		6.55263		5.03216
260		5.78371		6.54636		5.02107
261		5.78108		6.54414		5.01803
262		5.78447		6.54406		5.02488
263		5.78481		6.54404		5.02558
264		5.7818		6.54389		5.01971
265		5.77915		6.54363		5.01467
266		5.7575		6.55018		4.96482
267		5.76016		6.54925		4.97108
268		5.7581		6.5491		4.9671
269		5.7593		6.54763		4.97097
270		5.75902		6.54771		4.97033
271		5.7592		6.54835		4.97006
272		5.75965		6.54918		4.97012
273		5.75761		6.54747		4.96775
274		5.75098		6.53136		4.97061
275		5.75732		6.54746		4.96718
276		5.75773		6.54845		4.96702
277		5.75758		6.54788		4.96728
278		5.75241		6.53466		4.97015
279		5.7501		6.5286		4.9716
280		5.74962		6.52658		4.97266
281		5.75116		6.53046		4.97185
282		5.74991		6.52891		4.97092
283		5.75115		6.52973		4.97256
284		5.74816		6.52824		4.96808
285		5.75489		6.5322		4.97757
286		5.75511		6.53212		4.97811
287		5.72633		6.48342		4.96924
288		5.71328		6.46228		4.96428
289		5.72248		6.47608		4.96888
290		5.72258		6.47619		4.96896
291		5.7227		6.47646		4.96895
292		5.72279		6.47698		4.96861
293		5.72254		6.47619		4.96889
294		5.72256		6.47613		4.969
295		5.72319		6.4769		4.96947
296		5.72329		6.47689		4.96969
297		5.72613		6.48474		4.96752
298		5.7256		6.4837		4.9675
299		5.72563		6.48376		4.9675
300		5.72547		6.48376		4.96718
301		5.72527		6.48347		4.96706
302		5.725		6.48307		4.96692
303		5.72488		6.48296		4.96681
304		5.72474		6.48268		4.9668
305		5.72465		6.48244		4.96686
306		5.72474		6.48249		4.96698
307		5.72497		6.48266		4.96728
308		5.72405		6.4819		4.9662
309		5.7242		6.48188		4.96652
310		5.72437		6.48216		4.96657
311		5.73366		6.497		4.97033
312		5.73374		6.49711		4.97037
313		5.734		6.49707		4.97093
314		5.73364		6.49645		4.97083
315		5.73385		6.49665		4.97106
316		5.7338		6.49658		4.97102
317		5.73397		6.49679		4.97114
318		5.73388		6.49687		4.97089
319		5.73364		6.49667		4.97062
320		5.73356		6.49643		4.97068
321		5.73346		6.49665		4.97027
322		5.7339		6.49714		4.97066
323		5.73361		6.49647		4.97075
324		5.72232		6.47844		4.9662
325		5.7155		6.46771		4.96328
326		5.71168		6.46121		4.96214
327		5.70931		6.4574		4.96121
328		5.70831		6.45533		4.9613
329		5.70733		6.455		4.95966
330		5.70699		6.45458		4.95939
331		5.7111		6.45756		4.96464
332		5.61795		6.341		4.8949
333		5.62089		6.34385		4.89793
334		5.57837		6.31395		4.84278
335		5.57861		6.3142		4.84302
336		5.5787		6.3146		4.84281
337		5.57845		6.31394		4.84297
338		5.57845		6.31397		4.84294
339		5.54948		6.29439		4.80457
340		5.56763		6.30625		4.82901
341		5.56056		6.30147		4.81964
342		5.53488		6.2863		4.78345
343		5.53174		6.28472		4.77877
344		5.53196		6.28498		4.77895
345		5.53248		6.2853		4.77965
346		5.53303		6.28573		4.78034
347		5.52058		6.2799		4.76126
348		5.5223		6.28085		4.76375
349		5.5228		6.28105		4.76455
350		5.52079		6.28124		4.76034
351		5.52027		6.28134		4.75921
352		5.50774		6.27929		4.73619
353		5.5124		6.28633		4.73847
354		5.51221		6.28706		4.73735
355		5.51329		6.28758		4.73901
356		5.5149		6.288		4.7418
357		5.51696		6.28852		4.74539
358		5.51932		6.28922		4.74942
359		5.52071		6.28901		4.75241
360		5.51647		6.29017		4.74278
361		5.46883		6.29748		4.64017
362		5.46866		6.29738		4.63993
363		5.46889		6.29794		4.63984
364		5.43338		6.30777		4.55899
365		5.42888		6.30973		4.54804
366		5.42778		6.31008		4.54548
367		5.42914		6.3094		4.54889
368		5.42937		6.30943		4.54931
369		5.42892		6.30981		4.54802
370		5.42904		6.3098		4.54827
371		5.42929		6.31019		4.5484
372		5.42931		6.31006		4.54856
373		5.42949		6.31015		4.54884
374		5.43012		6.31069		4.54954
375		5.42988		6.31055		4.5492
376		5.42755		6.30884		4.54626
377		5.42665		6.30814		4.54516
378		5.42655		6.30818		4.54492
379		5.42687		6.30858		4.54516
380		5.42804		6.30963		4.54645
381		5.42921		6.31084		4.54759
382		5.43031		6.31111		4.54951
383		5.43158		6.31219		4.55096
384		5.43248		6.31357		4.55139
385		5.42901		6.31038		4.54765
386		5.42905		6.31046		4.54763
387		5.42943		6.31069		4.54816
388		5.42908		6.31048		4.54768
389		5.43049		6.31167		4.54932
390		5.43137		6.31238		4.55036
391		5.42836		6.30994		4.54677
392		5.41888		6.30235		4.53542
393		5.42012		6.3033		4.53694
394		5.42094		6.30388		4.53799
395		5.42188		6.30481		4.53894
396		5.42296		6.30582		4.5401
397		5.42413		6.30642		4.54184
398		5.42426		6.30807		4.54044
399		5.42155		6.3071		4.53601
400		5.42468		6.30951		4.53984
401		5.42542		6.31054		4.5403
402		5.42609		6.31103		4.54115
403		5.4242		6.30811		4.54029
404		5.41819		6.30536		4.53101
405		5.41638		6.30238		4.53038
406		5.41352		6.29947		4.52758
407		5.34556		6.25361		4.4375
408		5.31637		6.24166		4.39108
409		5.30179		6.23619		4.3674
410		5.29391		6.23313		4.35469
411		5.29161		6.23307		4.35016
412		5.29045		6.23283		4.34807
413		5.29057		6.23281		4.34833
414		5.29143		6.2333		4.34957
415		5.29192		6.23274		4.35109
416		5.28969		6.23218		4.34719
417		5.28726		6.23155		4.34298
418		5.28729		6.23148		4.3431
419		5.28717		6.23088		4.34346
420		5.28688		6.23063		4.34314
421		5.28705		6.23107		4.34304
422		5.2866		6.2302		4.34299
423		5.28685		6.23034		4.34336
424		5.28685		6.23031		4.3434
425		5.28691		6.23047		4.34335
426		5.28703		6.23068		4.34339
427		5.28678		6.23064		4.34292
428		5.28706		6.23107		4.34304
429		5.28688		6.23072		4.34303
430		5.28666		6.23045		4.34286
431		5.28664		6.23043		4.34286
432		5.28649		6.23031		4.34267
433		5.28656		6.23058		4.34254
434		5.28662		6.23069		4.34256
435		5.28692		6.23108		4.34277
436		5.28691		6.23129		4.34253
437		5.28728		6.23191		4.34264
438		5.28736		6.23226		4.34246
439		5.28733		6.23179		4.34287
440		5.28727		6.23175		4.3428
441		5.28736		6.23179		4.34294
442		5.28754		6.23201		4.34308
443		5.28727		6.23164		4.34291
444		5.2864		6.23038		4.34241
445		5.28555		6.22963		4.34147
446		5.28532		6.22933		4.34131
447		5.2853		6.22928		4.34132
448		5.2858		6.22977		4.34182
449		5.2858		6.22983		4.34176
450		5.28649		6.23016		4.34281
451		5.28724		6.23041		4.34407
452		5.28808		6.23075		4.34541
453		5.28661		6.23041		4.34281
454		5.28679		6.23059		4.34298
455		5.2868		6.23038		4.34322
456		5.28745		6.23138		4.34353
457		5.28757		6.23162		4.34352
458		5.28764		6.23181		4.34348
459		5.28777		6.232		4.34354
460		5.28784		6.23222		4.34347
461		5.28728		6.23125		4.34331
462		5.29166		6.24336		4.33995
463		5.2919		6.24392		4.33988
464		5.29198		6.24426		4.33971
465		5.29196		6.24457		4.33935
466		5.29173		6.24378		4.33969
467		5.29084		6.24273		4.33896
468		5.29092		6.24296		4.33889
469		5.29102		6.243		4.33904
470		5.29092		6.24291		4.33893
471		5.28991		6.24183		4.338
472		5.29018		6.24217		4.3382
473		5.29016		6.24226		4.33807
474		5.28999		6.24217		4.33782
475		5.28939		6.24138		4.3374
476		5.28985		6.24164		4.33806
477		5.28942		6.2417		4.33713
478		5.28914		6.24171		4.33657
479		5.28881		6.24162		4.33599
480		5.28811		6.2408		4.33541
481		5.28826		6.24091		4.3356
482		5.28821		6.24094		4.33549
483		5.28835		6.24096		4.33574
484		5.28828		6.24072		4.33583
485		5.28857		6.24091		4.33623
486		5.28862		6.24099		4.33625
487		5.28987		6.24188		4.33786
488		5.29003		6.24187		4.33819
489		5.29019		6.2418		4.33859
490		5.29064		6.24199		4.3393
491		5.29093		6.24199		4.33987
492		5.29063		6.24208		4.33918
493		5.29045		6.24147		4.33944
494		5.29049		6.24174		4.33924
495		5.29056		6.2419		4.33923
496		5.29025		6.24148		4.33902
497		5.29061		6.24157		4.33964
498		5.29035		6.24157		4.33913
499		5.29033		6.24155		4.33912
500		5.29035		6.24189		4.33882
