step	mediator-max-opt_cov_err_sq_T_mean	mediator-max-opt_cov_err_sq_T_std_up	mediator-max-opt_cov_err_sq_T_std_down
1		7.92667		8.22061		7.63273
2		8.21333		8.85333		7.57333
3		8.16		8.75755		7.56245
4		8.13111		8.75331		7.50891
5		7.97111		8.8175		7.12472
6		7.79333		8.62933		6.95733
7		7.54389		8.62583		6.46195
8		7.62433		8.48802		6.76065
9		7.526		8.39305		6.65895
10		7.34533		7.96874		6.72193
11		7.20102		7.64767		6.75438
12		7.18181		7.59393		6.76968
13		7.07489		7.5488		6.60098
14		7.20059		7.59327		6.8079
15		6.99075		7.61554		6.36595
16		6.82384		7.47605		6.17162
17		7.04738		7.51367		6.58109
18		7.00049		7.45537		6.54562
19		6.62585		7.27555		5.97614
20		6.60782		7.27548		5.94017
21		6.58627		7.2212		5.95133
22		6.57378		7.23749		5.91006
23		6.51152		7.2224		5.80065
24		6.51232		7.22434		5.80031
25		6.48952		7.21766		5.76138
26		6.46666		7.19781		5.7355
27		6.48825		7.18993		5.78656
28		6.45957		7.21511		5.70402
29		6.49059		7.21627		5.76492
30		6.45385		7.19976		5.70795
31		6.465		7.19925		5.73075
32		6.47909		7.19008		5.7681
33		6.48887		7.19359		5.78414
34		6.51916		7.19499		5.84332
35		6.51984		7.21389		5.82579
36		6.48889		7.19227		5.78551
37		6.47156		7.19358		5.74954
38		6.48038		7.19748		5.76328
39		6.46321		7.19039		5.73604
40		6.47342		7.19868		5.74817
41		6.45624		7.19064		5.72185
42		6.63689		7.63814		5.63565
43		6.42626		7.13731		5.71521
44		6.38294		7.08611		5.67977
45		6.36667		7.04637		5.68696
46		6.15911		6.82701		5.4912
47		6.12361		6.80753		5.43969
48		6.11654		6.79568		5.4374
49		6.1135		6.79562		5.43138
50		6.11255		6.79219		5.43292
51		6.09599		6.76155		5.43042
52		6.10962		6.78293		5.43632
53		6.11267		6.7989		5.42644
54		6.1002		6.77482		5.42557
55		6.09722		6.77473		5.41971
56		6.09489		6.77519		5.4146
57		6.09472		6.77645		5.413
58		6.08988		6.77018		5.40957
59		6.09112		6.77324		5.409
60		6.0916		6.77454		5.40865
61		6.08954		6.76351		5.41558
62		5.93702		6.59239		5.28165
63		5.95342		6.60706		5.29978
64		6.06161		6.7192		5.40402
65		6.04403		6.69537		5.39269
66		6.03984		6.68993		5.38975
67		6.0411		6.69129		5.39091
68		6.04455		6.69529		5.39381
69		6.05013		6.70118		5.39908
70		6.04388		6.69344		5.39431
71		6.02933		6.67417		5.38448
72		6.02946		6.67747		5.38146
73		6.03191		6.67666		5.38717
74		6.03516		6.67739		5.39293
75		6.03771		6.67683		5.39859
76		5.99617		6.65131		5.34103
77		5.9677		6.643		5.29241
78		5.95561		6.64258		5.26863
79		5.96471		6.64573		5.28369
80		5.96592		6.64756		5.28427
81		5.96548		6.64978		5.28117
82		5.95778		6.63902		5.27655
83		5.95028		6.63188		5.26867
84		5.93883		6.62856		5.24909
85		5.94439		6.63056		5.25821
86		5.94228		6.62873		5.25583
87		5.94084		6.63007		5.2516
88		5.94024		6.63091		5.24958
89		5.94386		6.6337		5.25403
90		5.94291		6.63104		5.25478
91		5.94915		6.63626		5.26204
92		5.94478		6.63181		5.25774
93		5.94558		6.63311		5.25805
94		5.94704		6.63481		5.25926
95		5.95042		6.63849		5.26234
96		5.94884		6.63769		5.26
97		5.94879		6.63874		5.25885
98		5.95167		6.63922		5.26412
99		5.94858		6.63837		5.25878
100		5.94856		6.63834		5.25877
101		5.94837		6.64039		5.25635
102		5.95023		6.6446		5.25586
103		5.94609		6.63505		5.25712
104		5.94456		6.63015		5.25898
105		5.94475		6.63187		5.25763
106		5.94603		6.63324		5.25882
107		5.94416		6.6326		5.25572
108		5.94832		6.63449		5.26216
109		5.94868		6.6355		5.26187
110		5.9476		6.63611		5.25908
111		5.92007		6.62175		5.21839
112		5.91128		6.62036		5.2022
113		5.92878		6.62981		5.22775
114		5.92208		6.62538		5.21879
115		5.92284		6.62736		5.21832
116		5.92474		6.62731		5.22217
117		5.92607		6.62971		5.22243
118		5.9196		6.62277		5.21643
119		5.87296		6.60193		5.14399
120		5.70503		6.6013		4.80877
121		5.70768		6.59849		4.81688
122		5.6701		6.60667		4.73353
123		5.6712		6.6062		4.73621
124		5.6573		6.59909		4.71551
125		5.65019		6.59641		4.70397
126		5.64583		6.59957		4.6921
127		5.64844		6.60158		4.6953
128		5.64811		6.59884		4.69738
129		5.65011		6.60013		4.70009
130		5.64985		6.60173		4.69796
131		5.65053		6.60141		4.69965
132		5.65189		6.5996		4.70417
133		5.65087		6.60049		4.70125
134		5.65152		6.60203		4.70101
135		5.65205		6.60305		4.70105
136		5.65117		6.60373		4.69861
137		5.65193		6.60345		4.7004
138		5.65326		6.60214		4.70439
139		5.65509		6.60137		4.7088
140		5.65355		6.60167		4.70543
141		5.65518		6.60345		4.70691
142		5.65387		6.60194		4.70581
143		5.65279		6.60528		4.70031
144		5.65347		6.60916		4.69777
145		5.64879		6.59826		4.69932
146		5.76268		6.90453		4.62082
147		5.76173		6.90046		4.623
148		5.76368		6.90093		4.62643
149		5.76678		6.90449		4.62907
150		5.76961		6.90581		4.63341
151		5.76945		6.90404		4.63486
152		5.77041		6.90332		4.63751
153		5.77026		6.90425		4.63626
154		5.76907		6.90471		4.63344
155		5.76862		6.90522		4.63202
156		5.76954		6.90508		4.63401
157		5.76871		6.90581		4.6316
158		5.76768		6.90507		4.63029
159		5.76852		6.90387		4.63318
160		5.76782		6.90453		4.63111
161		5.76838		6.90437		4.63238
162		5.76639		6.90398		4.6288
163		5.76774		6.90566		4.62982
164		5.76686		6.90674		4.62699
165		5.76769		6.90819		4.62718
166		5.76369		6.90212		4.62527
167		5.76267		6.90044		4.62491
168		5.76582		6.90318		4.62845
169		5.76397		6.90289		4.62505
170		5.76506		6.90398		4.62615
171		5.76475		6.9027		4.6268
172		5.76316		6.90064		4.62568
173		5.60641		6.48		4.73281
174		5.59853		6.45753		4.73953
175		5.60686		6.48002		4.73371
176		5.60808		6.48136		4.7348
177		5.60546		6.48051		4.73041
178		5.60568		6.48194		4.72941
179		5.6107		6.4848		4.7366
180		5.61003		6.48542		4.73463
181		5.61062		6.48656		4.73468
182		5.60939		6.486		4.73279
183		5.6098		6.48877		4.73084
184		5.60963		6.48866		4.73061
185		5.61076		6.48796		4.73356
186		5.60938		6.48743		4.73134
187		5.60742		6.4834		4.73143
188		5.60425		6.48019		4.72832
189		5.60283		6.47741		4.72824
190		5.60404		6.47695		4.73113
191		5.60336		6.47625		4.73047
192		5.60309		6.4774		4.72878
193		5.60187		6.478		4.72575
194		5.60519		6.48121		4.72916
195		5.60985		6.48817		4.73152
196		5.60773		6.48595		4.7295
197		5.60765		6.48636		4.72894
198		5.60758		6.48623		4.72892
199		5.60648		6.48456		4.7284
200		5.60568		6.48272		4.72864
201		5.6052		6.48342		4.72699
202		5.60361		6.48269		4.72453
203		5.6045		6.483		4.726
204		5.60355		6.48306		4.72405
205		5.60324		6.48351		4.72297
206		5.6038		6.48334		4.72427
207		5.60295		6.4832		4.72269
208		5.60294		6.48419		4.72169
209		5.60191		6.4835		4.72033
210		5.60008		6.48161		4.71855
211		5.59934		6.48064		4.71804
212		5.6019		6.48105		4.72274
213		5.60138		6.48159		4.72118
214		5.60001		6.48103		4.71899
215		5.59972		6.48136		4.71809
216		5.59958		6.48197		4.71718
217		5.60131		6.48337		4.71925
218		5.60133		6.48421		4.71845
219		5.60085		6.48295		4.71876
220		5.60131		6.48354		4.71907
221		5.59136		6.48101		4.70171
222		5.59437		6.4752		4.71353
223		5.59789		6.47633		4.71946
224		5.59307		6.47093		4.71521
225		5.58383		6.46976		4.6979
226		5.58677		6.46198		4.71156
227		5.5923		6.46437		4.72023
228		5.59372		6.46467		4.72277
229		5.59465		6.4646		4.72471
230		5.59579		6.46365		4.72793
231		5.59684		6.46274		4.73094
232		5.5934		6.46541		4.7214
233		5.59049		6.46322		4.71776
234		5.59304		6.46446		4.72162
235		5.59287		6.4648		4.72095
236		5.5959		6.46633		4.72546
237		5.59726		6.4713		4.72323
238		5.59716		6.47169		4.72264
239		5.59759		6.47157		4.7236
240		5.5986		6.47213		4.72506
241		5.59835		6.47219		4.72452
242		5.5981		6.47159		4.72461
243		5.59893		6.47124		4.72661
244		5.59991		6.47176		4.72805
245		5.5991		6.47132		4.72689
246		5.59928		6.47138		4.72718
247		5.59993		6.47102		4.72884
248		5.60068		6.4721		4.72927
249		5.59981		6.47151		4.72811
250		5.59938		6.47159		4.72716
