step	mediator-max-opt_reward_mean	mediator-max-opt_reward_std_up	mediator-max-opt_reward_std_down
1		2000.0		6000.0		-2000.0
2		2000.0		6000.0		-2000.0
3		2000.0		6000.0		-2000.0
4		2000.0		6000.0		-2000.0
5		2000.0		6000.0		-2000.0
6		2000.0		6000.0		-2000.0
7		2000.0		6000.0		-2000.0
8		2000.0		6000.0		-2000.0
9		2000.0		6000.0		-2000.0
10		2000.0		6000.0		-2000.0
11		2000.0		6000.0		-2000.0
12		4000.0		8898.97949		-898.97949
13		4000.0		8898.97949		-898.97949
14		4000.0		8898.97949		-898.97949
15		4000.0		8898.97949		-898.97949
16		6000.0		10898.97949		1101.02051
17		8001.0		15483.24592		518.75408
18		10002.0		18944.03646		1059.96354
19		12003.0		23661.81795		344.18205
20		14004.0		24196.54944		3811.45056
21		16005.0		26195.19627		5814.80373
22		18006.0		29658.64536		6353.35464
23		18007.0		29658.10278		6355.89722
24		20008.0		30947.84717		9068.15283
25		22009.0		33653.92696		10364.07304
26		22010.0		33653.04084		10366.95916
27		24011.0		35989.0		12033.0
28		24012.0		35988.0		12036.0
29		24013.0		35987.0		12039.0
30		24014.0		35986.0		12042.0
31		24015.0		35985.0		12045.0
32		24016.0		35984.0		12048.0
33		24017.0		35983.0		12051.0
34		24018.0		35982.0		12054.0
35		24019.0		35981.0		12057.0
36		24020.0		35980.0		12060.0
37		24021.0		35979.0		12063.0
38		24022.0		35978.0		12066.0
39		24023.0		35977.0		12069.0
40		24024.0		35976.0		12072.0
41		24025.0		35975.0		12075.0
42		24026.0		35974.0		12078.0
43		24027.0		35973.0		12081.0
44		26028.0		39539.00056		12516.99944
45		28029.0		43978.27472		12079.72528
46		28030.0		43977.52645		12082.47355
47		28031.0		43976.77825		12085.22175
48		30032.0		48955.1101		11108.8899
49		32033.0		54256.68907		9809.31093
50		32034.0		54256.25515		9811.74485
51		32035.0		54255.82132		9814.17868
52		32036.0		54255.38757		9816.61243
53		32037.0		54254.95391		9819.04609
54		32038.0		54254.52034		9821.47966
55		32039.0		54254.08686		9823.91314
56		32040.0		54253.65346		9826.34654
57		32041.0		54253.22015		9828.77985
58		32042.0		54252.78693		9831.21307
59		32043.0		54252.3538		9833.6462
60		32044.0		54251.92075		9836.07925
61		32045.0		54251.48779		9838.51221
62		32046.0		54251.05492		9840.94508
63		32047.0		54250.62214		9843.37786
64		32048.0		54250.18944		9845.81056
65		32049.0		54249.75683		9848.24317
66		32050.0		54249.32431		9850.67569
67		32051.0		54248.89188		9853.10812
68		32052.0		54248.45954		9855.54046
69		32053.0		54248.02728		9857.97272
70		32054.0		54247.59511		9860.40489
71		32055.0		54247.16303		9862.83697
72		32056.0		54246.73104		9865.26896
73		32057.0		54246.29913		9867.70087
74		32058.0		54245.86732		9870.13268
75		36059.0		61744.90906		10373.09094
76		38060.0		64355.52053		11764.47947
77		38061.0		64355.08458		11766.91542
78		40062.0		66043.8278		14080.1722
79		42063.0		71230.1712		12895.8288
80		42064.0		71229.7399		12898.2601
81		42065.0		71229.30867		12900.69133
82		44066.0		72670.36023		15461.63977
83		44067.0		72669.83126		15464.16874
84		44068.0		72669.30235		15466.69765
85		46069.0		77969.95679		14168.04321
86		46070.0		77969.52351		14170.47649
87		46071.0		77969.09029		14172.90971
88		46072.0		77968.65713		14175.34287
89		46073.0		77968.22403		14177.77597
90		46074.0		77967.79099		14180.20901
91		46075.0		77967.35802		14182.64198
92		46076.0		77966.9251		14185.0749
93		48077.0		83412.9833		12741.0167
94		48078.0		83412.63366		12743.36634
95		48079.0		83412.28408		12745.71592
96		48080.0		83411.93456		12748.06544
97		48081.0		83411.58511		12750.41489
98		48082.0		83411.23571		12752.76429
99		48083.0		83410.88638		12755.11362
100		48084.0		83410.53711		12757.46289
101		50085.0		85743.50389		14426.49611
102		50086.0		85743.11127		14428.88873
103		50087.0		85742.7187		14431.2813
104		50088.0		85742.32619		14433.67381
105		50089.0		85741.93374		14436.06626
106		50090.0		85741.54134		14438.45866
107		50091.0		85741.149		14440.851
108		50092.0		85740.75672		14443.24328
109		50093.0		85740.3645		14445.6355
110		50094.0		85739.97234		14448.02766
111		50095.0		85739.58023		14450.41977
112		50096.0		85739.18819		14452.81181
113		50097.0		85738.79619		14455.20381
114		50098.0		85738.40426		14457.59574
115		50099.0		85738.01239		14459.98761
116		50100.0		85737.62057		14462.37943
117		50101.0		85737.22881		14464.77119
118		52102.0		87392.70155		16811.29845
119		52103.0		87392.23966		16813.76034
120		52104.0		87391.77783		16816.22217
121		52105.0		87391.31604		16818.68396
122		52106.0		87390.85431		16821.14569
123		52107.0		87390.39264		16823.60736
124		52108.0		87389.93101		16826.06899
125		54109.0		88926.74726		19291.25274
126		54110.0		88926.20887		19293.79113
127		54111.0		88925.67053		19296.32947
128		54112.0		88925.13223		19298.86777
129		54113.0		88924.59399		19301.40601
130		54114.0		88924.05579		19303.94421
131		56115.0		90916.90943		21313.09057
132		56116.0		90916.31356		21315.68644
133		56117.0		90915.71773		21318.28227
134		56118.0		90915.12195		21320.87805
135		56119.0		90914.52621		21323.47379
136		56120.0		90913.93051		21326.06949
137		56121.0		90913.33485		21328.66515
138		56122.0		90912.73923		21331.26077
139		58123.0		96093.94305		20152.05695
140		60124.0		101417.84342		18830.15658
141		60125.0		101417.40245		18832.59755
142		60126.0		101416.96153		18835.03847
143		60127.0		101416.52066		18837.47934
144		62128.0		103603.21592		20652.78408
145		64129.0		106171.29494		22086.70506
146		66130.0		109105.66288		23154.33712
147		66131.0		109105.13925		23156.86075
148		66132.0		109104.61565		23159.38435
149		66133.0		109104.0921		23161.9079
150		66134.0		109103.56858		23164.43142
151		66135.0		109103.0451		23166.9549
152		66136.0		109102.52167		23169.47833
153		66137.0		109101.99827		23172.00173
154		66138.0		109101.47491		23174.52509
155		70139.0		113735.06959		26542.93041
156		72140.0		115451.87366		28828.12634
157		74141.0		117536.98511		30745.01489
158		76142.0		119988.2844		32295.7156
159		78143.0		122794.69421		33491.30579
160		80144.0		125937.48146		34350.51854
161		80145.0		125936.74707		34353.25293
162		80146.0		125936.01271		34355.98729
163		80147.0		125935.27837		34358.72163
164		80148.0		125934.54405		34361.45595
165		80149.0		125933.80975		34364.19025
166		80150.0		125933.07548		34366.92452
167		80151.0		125932.34122		34369.65878
168		80152.0		125931.60699		34372.39301
169		80153.0		125930.87278		34375.12722
170		80154.0		125930.13859		34377.86141
171		80155.0		125929.40442		34380.59558
172		82156.0		129384.31083		34927.68917
173		82157.0		129383.58781		34930.41219
174		82158.0		129382.86481		34933.13519
175		84159.0		132298.268		36019.732
176		84160.0		132297.53629		36022.46371
177		84161.0		132296.80459		36025.19541
178		84162.0		132296.07292		36027.92708
179		84163.0		132295.34127		36030.65873
180		84164.0		132294.60964		36033.39036
181		84165.0		132293.87803		36036.12197
182		84166.0		132293.14644		36038.85356
183		84167.0		132292.41487		36041.58513
184		84168.0		132291.68332		36044.31668
185		86169.0		136319.23673		36018.76327
186		86170.0		136318.53537		36021.46463
187		86171.0		136317.83404		36024.16596
188		88172.0		140572.82381		35771.17619
189		90173.0		145027.16772		35318.83228
190		90174.0		145026.53963		35321.46037
191		90175.0		145025.91157		35324.08843
192		90176.0		145025.28353		35326.71647
193		90177.0		145024.65552		35329.34448
194		90178.0		145024.02753		35331.97247
195		90179.0		145023.39957		35334.60043
196		90180.0		145022.77163		35337.22837
197		90181.0		145022.14372		35339.85628
198		90182.0		145021.51583		35342.48417
199		90183.0		145020.88796		35345.11204
200		90185.0		145021.80388		35348.19612
201		90187.0		145022.71989		35351.28011
202		90189.0		145023.63599		35354.36401
203		90191.0		145024.55217		35357.44783
204		92193.0		149654.53144		34731.46856
205		92195.0		149655.42777		34734.57223
206		92197.0		149656.32419		34737.67581
207		92199.0		149657.22068		34740.77932
208		92201.0		149658.11726		34743.88274
209		92203.0		149659.01392		34746.98608
210		92205.0		149659.91067		34750.08933
211		92207.0		149660.8075		34753.1925
212		92209.0		149661.70441		34756.29559
213		92211.0		149662.60141		34759.39859
214		92213.0		149663.49848		34762.50152
215		92215.0		149664.39565		34765.60435
216		94217.0		154445.21893		33988.78107
217		94219.0		154446.10074		33991.89926
218		94221.0		154446.98263		33995.01737
219		94223.0		154447.8646		33998.1354
220		94225.0		154448.74665		34001.25335
221		94227.0		154449.62877		34004.37123
222		94229.0		154450.51097		34007.48903
223		94231.0		154451.39326		34010.60674
224		94233.0		154452.27562		34013.72438
225		94235.0		154453.15806		34016.84194
226		96237.0		157106.89384		35367.10616
227		96239.0		157107.72271		35370.27729
228		96241.0		157108.55165		35373.44835
229		96243.0		157109.38067		35376.61933
230		96245.0		157110.20977		35379.79023
231		96247.0		157111.03894		35382.96106
232		98249.0		158042.75155		38455.24845
233		98251.0		158043.49304		38458.50696
234		98253.0		158044.23461		38461.76539
235		100255.0		162847.50163		37662.49837
236		100257.0		162848.23578		37665.76422
237		100259.0		162848.97		37669.03
238		100261.0		162849.70428		37672.29572
239		100263.0		162850.43864		37675.56136
240		100265.0		162851.17307		37678.82693
241		100267.0		162851.90757		37682.09243
242		100269.0		162852.64214		37685.35786
243		100271.0		162853.37678		37688.62322
244		100273.0		162854.1115		37691.8885
245		100275.0		162854.84628		37695.15372
246		100277.0		162855.58113		37698.41887
247		100279.0		162856.31605		37701.68395
248		102281.0		167783.96302		36778.03698
249		102283.0		167784.69354		36781.30646
250		104285.0		168915.99535		39654.00465
