step	mediator-max-opt_reward_mean	mediator-max-opt_reward_std_up	mediator-max-opt_reward_std_down
1		2.0		4.44949		-0.44949
2		7.0		9.44949		4.55051
3		12.0		14.44949		9.55051
4		17.0		19.44949		14.55051
5		22.0		24.44949		19.55051
6		27.0		29.44949		24.55051
7		32.0		34.44949		29.55051
8		37.0		39.44949		34.55051
9		42.0		44.44949		39.55051
10		47.0		49.44949		44.55051
11		52.0		54.44949		49.55051
12		57.0		59.44949		54.55051
13		62.0		64.44949		59.55051
14		67.0		69.44949		64.55051
15		72.0		74.44949		69.55051
16		77.0		79.44949		74.55051
17		82.0		84.44949		79.55051
18		87.0		89.44949		84.55051
19		92.0		94.44949		89.55051
20		97.0		99.44949		94.55051
21		102.0		104.44949		99.55051
22		107.0		109.44949		104.55051
23		112.0		114.44949		109.55051
24		117.0		119.44949		114.55051
25		122.0		124.44949		119.55051
26		127.0		129.44949		124.55051
27		132.0		134.44949		129.55051
28		137.0		139.44949		134.55051
29		142.0		144.44949		139.55051
30		147.0		149.44949		144.55051
31		152.0		154.44949		149.55051
32		157.0		159.44949		154.55051
33		162.0		164.44949		159.55051
34		167.0		169.44949		164.55051
35		172.0		174.44949		169.55051
36		177.0		179.44949		174.55051
37		182.0		184.44949		179.55051
38		187.0		189.44949		184.55051
39		192.0		194.44949		189.55051
40		197.0		199.44949		194.55051
41		202.0		204.44949		199.55051
42		207.0		209.44949		204.55051
43		212.0		214.44949		209.55051
44		217.0		219.44949		214.55051
45		222.0		224.44949		219.55051
46		227.0		229.44949		224.55051
47		232.0		234.44949		229.55051
48		237.0		239.44949		234.55051
49		242.0		244.44949		239.55051
50		247.0		249.44949		244.55051
51		252.0		254.44949		249.55051
52		257.0		259.44949		254.55051
53		262.0		264.44949		259.55051
54		267.0		269.44949		264.55051
55		272.0		274.44949		269.55051
56		277.0		279.44949		274.55051
57		282.0		284.44949		279.55051
58		287.0		289.44949		284.55051
59		292.0		294.44949		289.55051
60		297.0		299.44949		294.55051
61		302.0		304.44949		299.55051
62		307.0		309.44949		304.55051
63		312.0		314.44949		309.55051
64		317.0		319.44949		314.55051
65		322.0		324.44949		319.55051
66		327.0		329.44949		324.55051
67		332.0		334.44949		329.55051
68		337.0		339.44949		334.55051
69		342.0		344.44949		339.55051
70		347.0		349.44949		344.55051
71		352.0		354.44949		349.55051
72		357.0		359.44949		354.55051
73		362.0		364.44949		359.55051
74		367.0		369.44949		364.55051
75		372.0		374.44949		369.55051
76		377.0		379.44949		374.55051
77		382.0		384.44949		379.55051
78		387.0		389.44949		384.55051
79		392.0		394.44949		389.55051
80		397.0		399.44949		394.55051
81		402.0		404.44949		399.55051
82		407.0		409.44949		404.55051
83		412.0		414.44949		409.55051
84		417.0		419.44949		414.55051
85		422.0		424.44949		419.55051
86		427.0		429.44949		424.55051
87		432.0		434.44949		429.55051
88		437.0		439.44949		434.55051
89		442.0		444.44949		439.55051
90		447.0		449.44949		444.55051
91		452.0		454.44949		449.55051
92		457.0		459.44949		454.55051
93		462.0		464.44949		459.55051
94		467.0		469.44949		464.55051
95		472.0		474.44949		469.55051
96		477.0		479.44949		474.55051
97		482.0		484.44949		479.55051
98		487.0		489.44949		484.55051
99		492.0		494.44949		489.55051
100		497.0		499.44949		494.55051
101		502.0		504.44949		499.55051
102		507.0		509.44949		504.55051
103		512.0		514.44949		509.55051
104		517.0		519.44949		514.55051
105		522.0		524.44949		519.55051
106		527.0		529.44949		524.55051
107		532.0		534.44949		529.55051
108		537.0		539.44949		534.55051
109		542.0		544.44949		539.55051
110		547.0		549.44949		544.55051
111		552.0		554.44949		549.55051
112		557.0		559.44949		554.55051
113		562.0		564.44949		559.55051
114		567.0		569.44949		564.55051
115		572.0		574.44949		569.55051
116		577.0		579.44949		574.55051
117		582.0		584.44949		579.55051
118		587.0		589.44949		584.55051
119		592.0		594.44949		589.55051
120		597.0		599.44949		594.55051
121		602.0		604.44949		599.55051
122		607.0		609.44949		604.55051
123		612.0		614.44949		609.55051
124		617.0		619.44949		614.55051
125		622.0		624.44949		619.55051
126		627.0		629.44949		624.55051
127		632.0		634.44949		629.55051
128		637.0		639.44949		634.55051
129		642.0		644.44949		639.55051
130		647.0		649.44949		644.55051
131		652.0		654.44949		649.55051
132		657.0		659.44949		654.55051
133		662.0		664.44949		659.55051
134		667.0		669.44949		664.55051
135		672.0		674.44949		669.55051
136		677.0		679.44949		674.55051
137		682.0		684.44949		679.55051
138		687.0		689.44949		684.55051
139		692.0		694.44949		689.55051
140		697.0		699.44949		694.55051
141		702.0		704.44949		699.55051
142		707.0		709.44949		704.55051
143		712.0		714.44949		709.55051
144		717.0		719.44949		714.55051
145		722.0		724.44949		719.55051
146		727.0		729.44949		724.55051
147		732.0		734.44949		729.55051
148		737.0		739.44949		734.55051
149		742.0		744.44949		739.55051
150		747.0		749.44949		744.55051
151		752.0		754.44949		749.55051
152		757.0		759.44949		754.55051
153		762.0		764.44949		759.55051
154		767.0		769.44949		764.55051
155		772.0		774.44949		769.55051
156		777.0		779.44949		774.55051
157		782.0		784.44949		779.55051
158		787.0		789.44949		784.55051
159		792.0		794.44949		789.55051
160		797.0		799.44949		794.55051
161		802.0		804.44949		799.55051
162		807.0		809.44949		804.55051
163		812.0		814.44949		809.55051
164		817.0		819.44949		814.55051
165		822.0		824.44949		819.55051
166		827.0		829.44949		824.55051
167		832.0		834.44949		829.55051
168		837.0		839.44949		834.55051
169		842.0		844.44949		839.55051
170		847.0		849.44949		844.55051
171		852.0		854.44949		849.55051
172		857.0		859.44949		854.55051
173		862.0		864.44949		859.55051
174		867.0		869.44949		864.55051
175		872.0		874.44949		869.55051
176		877.0		879.44949		874.55051
177		882.0		884.44949		879.55051
178		887.0		889.44949		884.55051
179		892.0		894.44949		889.55051
180		897.0		899.44949		894.55051
181		902.0		904.44949		899.55051
182		907.0		909.44949		904.55051
183		912.0		914.44949		909.55051
184		917.0		919.44949		914.55051
185		922.0		924.44949		919.55051
186		927.0		929.44949		924.55051
187		932.0		934.44949		929.55051
188		937.0		939.44949		934.55051
189		942.0		944.44949		939.55051
190		947.0		949.44949		944.55051
191		952.0		954.44949		949.55051
192		957.0		959.44949		954.55051
193		962.0		964.44949		959.55051
194		967.0		969.44949		964.55051
195		972.0		974.44949		969.55051
196		977.0		979.44949		974.55051
197		982.0		984.44949		979.55051
198		987.0		989.44949		984.55051
199		992.0		994.44949		989.55051
200		997.0		999.44949		994.55051
201		1002.0		1004.44949		999.55051
202		1007.0		1009.44949		1004.55051
203		1012.0		1014.44949		1009.55051
204		1017.0		1019.44949		1014.55051
205		1022.0		1024.44949		1019.55051
206		1027.0		1029.44949		1024.55051
207		1032.0		1034.44949		1029.55051
208		1037.0		1039.44949		1034.55051
209		1042.0		1044.44949		1039.55051
210		1047.0		1049.44949		1044.55051
211		1052.0		1054.44949		1049.55051
212		1057.0		1059.44949		1054.55051
213		1062.0		1064.44949		1059.55051
214		1067.0		1069.44949		1064.55051
215		1072.0		1074.44949		1069.55051
216		1077.0		1079.44949		1074.55051
217		1082.0		1084.44949		1079.55051
218		1087.0		1089.44949		1084.55051
219		1092.0		1094.44949		1089.55051
220		1097.0		1099.44949		1094.55051
221		1102.0		1104.44949		1099.55051
222		1107.0		1109.44949		1104.55051
223		1112.0		1114.44949		1109.55051
224		1117.0		1119.44949		1114.55051
225		1122.0		1124.44949		1119.55051
226		1127.0		1129.44949		1124.55051
227		1132.0		1134.44949		1129.55051
228		1137.0		1139.44949		1134.55051
229		1142.0		1144.44949		1139.55051
230		1147.0		1149.44949		1144.55051
231		1152.0		1154.44949		1149.55051
232		1157.0		1159.44949		1154.55051
233		1162.0		1164.44949		1159.55051
234		1167.0		1169.44949		1164.55051
235		1172.0		1174.44949		1169.55051
236		1177.0		1179.44949		1174.55051
237		1182.0		1184.44949		1179.55051
238		1187.0		1189.44949		1184.55051
239		1192.0		1194.44949		1189.55051
240		1197.0		1199.44949		1194.55051
241		1202.0		1204.44949		1199.55051
242		1207.0		1209.44949		1204.55051
243		1212.0		1214.44949		1209.55051
244		1217.0		1219.44949		1214.55051
245		1222.0		1224.44949		1219.55051
246		1227.0		1229.44949		1224.55051
247		1232.0		1234.44949		1229.55051
248		1237.0		1239.44949		1234.55051
249		1242.0		1244.44949		1239.55051
250		1247.0		1249.44949		1244.55051
