step	mediator-max-opt_runtime_mean	mediator-max-opt_runtime_std_up	mediator-max-opt_runtime_std_down
1		0.00023		0.00025		0.00021
2		0.00693		0.00767		0.00619
3		0.01402		0.01693		0.01111
4		0.02184		0.0268		0.01687
5		0.02829		0.03378		0.0228
6		0.03486		0.04092		0.02879
7		0.04126		0.04823		0.03428
8		0.04737		0.05487		0.03987
9		0.05412		0.06218		0.04605
10		0.06069		0.06946		0.05192
11		0.06722		0.07705		0.05738
12		0.07393		0.08447		0.06339
13		0.08083		0.09208		0.06958
14		0.08711		0.09894		0.07528
15		0.09367		0.106		0.08134
16		0.10229		0.1189		0.08568
17		0.10986		0.12801		0.0917
18		0.11669		0.13624		0.09714
19		0.12338		0.14344		0.10333
20		0.1304		0.15136		0.10944
21		0.13731		0.15884		0.11578
22		0.14476		0.16695		0.12257
23		0.15192		0.17461		0.12923
24		0.15955		0.18357		0.13552
25		0.1661		0.19086		0.14133
26		0.17231		0.1975		0.14711
27		0.1794		0.20517		0.15363
28		0.18594		0.21196		0.15992
29		0.19262		0.21878		0.16646
30		0.19882		0.22518		0.17245
31		0.20524		0.23189		0.17859
32		0.2119		0.23897		0.18482
33		0.21798		0.24527		0.1907
34		0.2242		0.25176		0.19663
35		0.23041		0.25847		0.20235
36		0.23735		0.26555		0.20916
37		0.24373		0.27194		0.21551
38		0.25027		0.27878		0.22175
39		0.25656		0.28541		0.22771
40		0.26279		0.29204		0.23355
41		0.26926		0.29925		0.23927
42		0.27566		0.30611		0.24521
43		0.28224		0.31328		0.2512
44		0.28903		0.31985		0.25821
45		0.29559		0.32633		0.26485
46		0.30245		0.33309		0.27181
47		0.30884		0.33948		0.2782
48		0.31519		0.34588		0.28449
49		0.32198		0.35248		0.29147
50		0.32824		0.35865		0.29782
51		0.33437		0.36488		0.30387
52		0.34066		0.37178		0.30953
53		0.34693		0.37853		0.31532
54		0.35311		0.38484		0.32139
55		0.35931		0.39119		0.32742
56		0.36572		0.39774		0.3337
57		0.37334		0.40532		0.34137
58		0.38001		0.41227		0.34775
59		0.38661		0.41947		0.35375
60		0.39317		0.42612		0.36021
61		0.39966		0.43239		0.36694
62		0.40602		0.43822		0.37382
63		0.41216		0.44422		0.38009
64		0.41816		0.45038		0.38595
65		0.42451		0.45664		0.39239
66		0.43085		0.46293		0.39877
67		0.43739		0.46953		0.40524
68		0.44362		0.47604		0.4112
69		0.45		0.48286		0.41714
70		0.45622		0.48936		0.42308
71		0.46271		0.49578		0.42964
72		0.46957		0.50259		0.43654
73		0.47602		0.50937		0.44268
74		0.48232		0.51585		0.4488
75		0.48867		0.52201		0.45534
76		0.49561		0.52941		0.46181
77		0.50283		0.53706		0.4686
78		0.50932		0.5435		0.47515
79		0.51616		0.55093		0.4814
80		0.52245		0.55775		0.48714
81		0.5293		0.56566		0.49294
82		0.53573		0.57266		0.4988
83		0.54205		0.57944		0.50465
84		0.54836		0.58627		0.51045
85		0.55496		0.59371		0.5162
86		0.56142		0.60062		0.52221
87		0.56789		0.60785		0.52794
88		0.5749		0.61611		0.53368
89		0.58162		0.62371		0.53953
90		0.58795		0.63013		0.54577
91		0.59443		0.63653		0.55234
92		0.60081		0.64313		0.55848
93		0.60705		0.64953		0.56458
94		0.61382		0.65654		0.5711
95		0.62064		0.66367		0.5776
96		0.62726		0.6707		0.58383
97		0.6337		0.67722		0.59018
98		0.64023		0.68394		0.59651
99		0.6465		0.6903		0.60269
100		0.65286		0.69622		0.60949
101		0.65971		0.70258		0.61685
102		0.66697		0.70974		0.6242
103		0.67356		0.71663		0.63048
104		0.68029		0.72334		0.63725
105		0.68752		0.72999		0.64505
106		0.69367		0.73625		0.6511
107		0.70022		0.74324		0.65719
108		0.70684		0.74969		0.66398
109		0.71346		0.75683		0.6701
110		0.71969		0.76316		0.67622
111		0.7262		0.76998		0.68242
112		0.73256		0.77587		0.68925
113		0.73872		0.7819		0.69555
114		0.74527		0.78881		0.70173
115		0.75128		0.79477		0.70779
116		0.75758		0.8013		0.71386
117		0.76529		0.80986		0.72072
118		0.77231		0.81756		0.72706
119		0.77973		0.82587		0.73359
120		0.78691		0.83351		0.74032
121		0.79393		0.84099		0.74688
122		0.80082		0.84821		0.75343
123		0.80861		0.85684		0.76038
124		0.81567		0.86352		0.76782
125		0.82213		0.86978		0.77449
126		0.82901		0.87738		0.78064
127		0.83582		0.88468		0.78696
128		0.84271		0.89157		0.79385
129		0.8493		0.89858		0.80002
130		0.85645		0.90543		0.80747
131		0.86343		0.91316		0.81369
132		0.87077		0.92093		0.8206
133		0.879		0.92969		0.82831
134		0.88653		0.93772		0.83534
135		0.89358		0.94539		0.84178
136		0.89997		0.9521		0.84783
137		0.90645		0.95874		0.85415
138		0.91301		0.96563		0.86039
139		0.92002		0.97331		0.86673
140		0.92674		0.98029		0.87319
141		0.93354		0.9868		0.88028
142		0.94027		0.99359		0.88694
143		0.94641		1.00002		0.8928
144		0.95334		1.00776		0.89891
145		0.95979		1.01453		0.90505
146		0.96698		1.02288		0.91109
147		0.97395		1.03084		0.91706
148		0.98081		1.03806		0.92356
149		0.98731		1.04502		0.92961
150		0.99418		1.05268		0.93568
151		1.00076		1.05982		0.9417
152		1.00715		1.06681		0.9475
153		1.01403		1.07397		0.95408
154		1.021		1.08097		0.96103
155		1.02817		1.08859		0.96775
156		1.03534		1.09697		0.9737
157		1.04269		1.10554		0.97984
158		1.0496		1.1127		0.98649
159		1.05687		1.11943		0.99432
160		1.06366		1.12675		1.00058
161		1.07058		1.13357		1.00759
162		1.0771		1.14017		1.01402
163		1.08453		1.14883		1.02024
164		1.09123		1.15634		1.02612
165		1.09829		1.16438		1.0322
166		1.10501		1.17178		1.03824
167		1.11199		1.17969		1.04428
168		1.11892		1.18765		1.05019
169		1.12578		1.19523		1.05633
170		1.1327		1.20344		1.06195
171		1.13917		1.21032		1.06801
172		1.14605		1.21736		1.07473
173		1.15271		1.22392		1.08151
174		1.15924		1.23081		1.08767
175		1.16705		1.23867		1.09544
176		1.17472		1.24691		1.10253
177		1.18184		1.25402		1.10967
178		1.18838		1.2606		1.11616
179		1.19456		1.26684		1.12229
180		1.20069		1.27319		1.1282
181		1.20778		1.28091		1.13466
182		1.21522		1.28955		1.14089
183		1.22235		1.2971		1.1476
184		1.22878		1.30371		1.15385
185		1.23578		1.31078		1.16078
186		1.24285		1.31877		1.16692
187		1.25042		1.32812		1.17271
188		1.25766		1.33518		1.18015
189		1.26514		1.34289		1.1874
190		1.27237		1.35124		1.1935
191		1.27925		1.35846		1.20003
192		1.28658		1.36564		1.20752
193		1.29532		1.37404		1.21661
194		1.30232		1.38174		1.22291
195		1.3097		1.39006		1.22934
196		1.31671		1.3974		1.23603
197		1.32397		1.40431		1.24364
198		1.3312		1.41164		1.25076
199		1.33824		1.41945		1.25704
200		1.34611		1.42851		1.2637
201		1.35338		1.43614		1.27061
202		1.36093		1.44419		1.27766
203		1.36805		1.45263		1.28346
204		1.37507		1.46056		1.28958
205		1.38194		1.46835		1.29553
206		1.38917		1.47633		1.30202
207		1.39643		1.48465		1.30821
208		1.40431		1.49335		1.31527
209		1.41116		1.50074		1.32159
210		1.41856		1.50927		1.32786
211		1.42556		1.51781		1.3333
212		1.43211		1.52496		1.33926
213		1.43917		1.53209		1.34626
214		1.44569		1.53907		1.35231
215		1.45257		1.54643		1.35872
216		1.45976		1.55487		1.36465
217		1.46673		1.56294		1.37052
218		1.47377		1.57126		1.37628
219		1.48062		1.57901		1.38224
220		1.48754		1.58644		1.38864
221		1.4942		1.5932		1.3952
222		1.50072		1.59958		1.40186
223		1.50684		1.60598		1.40769
224		1.51301		1.61217		1.41385
225		1.51973		1.61947		1.41998
226		1.52648		1.62666		1.4263
227		1.5335		1.63416		1.43284
228		1.54028		1.64159		1.43897
229		1.54702		1.64948		1.44456
230		1.55318		1.65594		1.45042
231		1.5595		1.66255		1.45645
232		1.56579		1.66918		1.46239
233		1.57198		1.67548		1.46848
234		1.57821		1.68212		1.4743
235		1.58479		1.68891		1.48068
236		1.59203		1.69707		1.48699
237		1.59826		1.70362		1.49291
238		1.60484		1.71117		1.4985
239		1.61146		1.7179		1.50501
240		1.6183		1.72549		1.51111
241		1.62507		1.73321		1.51693
242		1.6322		1.74202		1.52238
243		1.63898		1.74941		1.52855
244		1.64628		1.75687		1.53569
245		1.65339		1.76467		1.54212
246		1.66017		1.77208		1.54827
247		1.66753		1.77961		1.55544
248		1.6744		1.78686		1.56195
249		1.68114		1.79451		1.56777
250		1.68829		1.80218		1.5744
