step	mediator-max-opt_reward_mean	mediator-max-opt_reward_std_up	mediator-max-opt_reward_std_down
1		0.0		0.0		0.0
2		0.0		0.0		0.0
3		0.0		0.0		0.0
4		0.0		0.0		0.0
5		0.0		0.0		0.0
6		0.0		0.0		0.0
7		0.0		0.0		0.0
8		0.0		0.0		0.0
9		2000.0		6000.0		-2000.0
10		4000.0		12000.0		-4000.0
11		4000.0		12000.0		-4000.0
12		4000.0		12000.0		-4000.0
13		4000.0		12000.0		-4000.0
14		4000.0		12000.0		-4000.0
15		6000.0		14000.0		-2000.0
16		6000.0		14000.0		-2000.0
17		6000.0		14000.0		-2000.0
18		6000.0		14000.0		-2000.0
19		6001.0		14000.25021		-1998.25021
20		6001.0		14000.25021		-1998.25021
21		6002.0		14003.00031		-1999.00031
22		6002.0		14003.00031		-1999.00031
23		6002.0		14003.00031		-1999.00031
24		6002.0		14003.00031		-1999.00031
25		6002.0		14003.00031		-1999.00031
26		6002.0		14003.00031		-1999.00031
27		6002.0		14003.00031		-1999.00031
28		6002.0		14003.00031		-1999.00031
29		6002.0		14003.00031		-1999.00031
30		8002.0		15485.84968		518.15032
31		8002.0		15485.84968		518.15032
32		10002.0		16328.13674		3675.86326
33		12002.0		19487.45296		4516.54704
34		12002.0		19487.45296		4516.54704
35		12002.0		19487.45296		4516.54704
36		12002.0		19487.45296		4516.54704
37		12002.0		19487.45296		4516.54704
38		12003.0		19488.18577		4517.81423
39		12003.0		19488.18577		4517.81423
40		12003.0		19488.18577		4517.81423
41		12003.0		19488.18577		4517.81423
42		12003.0		19488.18577		4517.81423
43		12003.0		19488.18577		4517.81423
44		14003.0		22004.00031		6001.99969
45		14003.0		22004.00031		6001.99969
46		16003.0		20902.38833		11103.61167
47		18003.0		22002.00063		14003.99937
48		18003.0		22002.00063		14003.99937
49		18003.0		22002.00063		14003.99937
50		18003.0		22002.00063		14003.99937
51		18003.0		22002.00063		14003.99937
52		22003.0		29484.17678		14521.82322
53		24003.0		32001.50023		16004.49977
54		26003.0		36200.25483		15805.74517
55		26003.0		36200.25483		15805.74517
56		26003.0		36200.25483		15805.74517
57		28003.0		41269.19787		14736.80213
58		30003.0		46736.20071		13269.79929
59		32003.0		46700.21082		17305.78918
60		32003.0		46700.21082		17305.78918
61		32003.0		46700.21082		17305.78918
62		32003.0		46700.21082		17305.78918
63		34003.0		47568.24994		20437.75006
64		34003.0		47568.24994		20437.75006
65		34003.0		47568.24994		20437.75006
66		36003.0		48004.00021		24001.99979
67		38003.0		49666.27595		26339.72405
68		38003.0		49666.27595		26339.72405
69		38003.0		49666.27595		26339.72405
70		44003.0		54201.82376		33804.17624
71		44003.0		54201.82376		33804.17624
72		44003.0		54201.82376		33804.17624
73		44003.0		54201.82376		33804.17624
74		44003.0		54201.82376		33804.17624
75		44003.0		54201.82376		33804.17624
76		44003.0		54201.82376		33804.17624
77		44003.0		54201.82376		33804.17624
78		44003.0		54201.82376		33804.17624
79		44003.0		54201.82376		33804.17624
80		44003.0		54201.82376		33804.17624
81		44003.0		54201.82376		33804.17624
82		44003.0		54201.82376		33804.17624
83		44003.0		54201.82376		33804.17624
84		44003.0		54201.82376		33804.17624
85		44003.0		54201.82376		33804.17624
86		44003.0		54201.82376		33804.17624
87		46003.0		59568.54481		32437.45519
88		46003.0		59568.54481		32437.45519
89		46003.0		59568.54481		32437.45519
90		46003.0		59568.54481		32437.45519
91		48003.0		65208.58066		30797.41934
92		48003.0		65208.58066		30797.41934
93		48003.0		65208.58066		30797.41934
94		48003.0		65208.58066		30797.41934
95		48003.0		65208.58066		30797.41934
96		48003.0		65208.58066		30797.41934
97		50003.0		70980.13055		29025.86945
98		50003.0		70980.13055		29025.86945
99		50003.0		70980.13055		29025.86945
100		50003.0		70980.13055		29025.86945
101		50003.0		70980.13055		29025.86945
102		50003.0		70980.13055		29025.86945
103		50003.0		70980.13055		29025.86945
104		52003.0		71394.95725		32611.04275
105		54003.0		72551.20762		35454.79238
106		54003.0		72551.20762		35454.79238
107		54003.0		72551.20762		35454.79238
108		54003.0		72551.20762		35454.79238
109		56003.0		73439.85769		38566.14231
110		60003.0		76737.3959		43268.6041
111		60003.0		76737.3959		43268.6041
112		60003.0		76737.3959		43268.6041
113		60003.0		76737.3959		43268.6041
114		60003.0		76737.3959		43268.6041
115		60003.0		76737.3959		43268.6041
116		60003.0		76737.3959		43268.6041
117		60003.0		76737.3959		43268.6041
118		60003.0		76737.3959		43268.6041
119		60003.0		76737.3959		43268.6041
120		60003.0		76737.3959		43268.6041
121		62003.0		79208.46442		44797.53558
122		62003.0		79208.46442		44797.53558
123		62003.0		79208.46442		44797.53558
124		64003.0		81439.62829		46566.37171
125		66003.0		84551.42328		47454.57672
126		66003.0		84551.42328		47454.57672
127		66003.0		84551.42328		47454.57672
128		66003.0		84551.42328		47454.57672
129		68003.0		88400.35292		47605.64708
130		70003.0		92807.82418		47198.17582
131		70003.0		92807.82418		47198.17582
132		70003.0		92807.82418		47198.17582
133		70003.0		92807.82418		47198.17582
134		70003.0		92807.82418		47198.17582
135		70003.0		92807.82418		47198.17582
136		70003.0		92807.82418		47198.17582
137		70003.0		92807.82418		47198.17582
138		72003.0		92400.25486		51605.74514
139		74003.0		96454.19164		51551.80836
140		74003.0		96454.19164		51551.80836
141		76003.0		96595.32881		55410.67119
142		76003.0		96595.32881		55410.67119
143		76003.0		96595.32881		55410.67119
144		78003.0		101155.79694		54850.20306
145		78003.0		101155.79694		54850.20306
146		80003.0		102807.38567		57198.61433
147		82003.0		105155.27864		58850.72136
148		86003.0		111771.66326		60234.33674
149		86003.0		111771.66326		60234.33674
150		86003.0		111771.66326		60234.33674
151		86003.0		111771.66326		60234.33674
152		86003.0		111771.66326		60234.33674
153		88003.0		115860.35102		60145.64898
154		88003.0		115860.35102		60145.64898
155		88003.0		115860.35102		60145.64898
156		88003.0		115860.35102		60145.64898
157		88003.0		115860.35102		60145.64898
158		90003.0		120335.16125		59670.83875
159		90003.0		120335.16125		59670.83875
160		90003.0		120335.16125		59670.83875
161		90003.0		120335.16125		59670.83875
162		90003.0		120335.16125		59670.83875
163		90003.0		120335.16125		59670.83875
164		90003.0		120335.16125		59670.83875
165		90003.0		120335.16125		59670.83875
166		90003.0		120335.16125		59670.83875
167		92003.0		125109.61574		58896.38426
168		92003.0		125109.61574		58896.38426
169		92003.0		125109.61574		58896.38426
170		94003.0		128413.11488		59592.88512
171		96003.0		132114.8264		59891.1736
172		98003.0		136161.51158		59844.48842
173		98003.0		136161.51158		59844.48842
174		98003.0		136161.51158		59844.48842
175		98003.0		136161.51158		59844.48842
176		98003.0		136161.51158		59844.48842
177		98003.0		136161.51158		59844.48842
178		100003.0		136335.63005		63670.36995
179		100003.0		136335.63005		63670.36995
180		100003.0		136335.63005		63670.36995
181		102003.0		136874.87987		67131.12013
182		102003.0		136874.87987		67131.12013
183		102003.0		136874.87987		67131.12013
184		102003.0		136874.87987		67131.12013
185		104003.0		136003.87508		72002.12492
186		106003.0		135397.96566		76608.03434
187		106003.0		135397.96566		76608.03434
188		106003.0		135397.96566		76608.03434
189		106003.0		135397.96566		76608.03434
190		106003.0		135397.96566		76608.03434
191		106003.0		135397.96566		76608.03434
192		106003.0		135397.96566		76608.03434
193		106003.0		135397.96566		76608.03434
194		106003.0		135397.96566		76608.03434
195		110003.0		139669.14242		80336.85758
196		112003.0		144500.50769		79505.49231
197		114003.0		149557.12783		78448.87217
198		118003.0		155098.98369		80907.01631
199		120003.0		155781.76474		84224.23526
200		120003.0		155781.76474		84224.23526
201		120003.0		155781.76474		84224.23526
202		120003.0		155781.76474		84224.23526
203		120003.0		155781.76474		84224.23526
204		120003.0		155781.76474		84224.23526
205		120003.0		155781.76474		84224.23526
206		120003.0		155781.76474		84224.23526
207		120003.0		155781.76474		84224.23526
208		120003.0		155781.76474		84224.23526
209		120003.0		155781.76474		84224.23526
210		120003.0		155781.76474		84224.23526
211		120003.0		155781.76474		84224.23526
212		120003.0		155781.76474		84224.23526
213		120003.0		155781.76474		84224.23526
214		120003.0		155781.76474		84224.23526
215		120003.0		155781.76474		84224.23526
216		120003.0		155781.76474		84224.23526
217		120003.0		155781.76474		84224.23526
218		122003.0		155709.2013		88296.7987
219		122003.0		155709.2013		88296.7987
220		124003.0		156623.79101		91382.20899
221		124003.0		156623.79101		91382.20899
222		126003.0		159827.90216		92178.09784
223		130003.0		163471.19395		96534.80605
224		134003.0		167827.7839		100178.2161
225		136003.0		168623.91363		103382.08637
226		136003.0		168623.91363		103382.08637
227		136003.0		168623.91363		103382.08637
228		136003.0		168623.91363		103382.08637
229		136003.0		168623.91363		103382.08637
230		136003.0		168623.91363		103382.08637
231		138003.0		173444.95263		102561.04737
232		138003.0		173444.95263		102561.04737
233		138003.0		173444.95263		102561.04737
234		140003.0		174063.53444		105942.46556
235		142003.0		175110.52189		108895.47811
236		144003.0		176623.48445		111382.51555
237		144003.0		176623.48445		111382.51555
238		144003.0		176623.48445		111382.51555
239		144003.0		176623.48445		111382.51555
240		146003.0		177373.43203		114632.56797
241		146003.0		177373.43203		114632.56797
242		146003.0		177373.43203		114632.56797
243		146003.0		177373.43203		114632.56797
244		146003.0		177373.43203		114632.56797
245		146003.0		177373.43203		114632.56797
246		146003.0		177373.43203		114632.56797
247		148003.0		182297.48944		113708.51056
248		148003.0		182297.48944		113708.51056
249		150003.0		181627.3578		118378.6422
250		150003.0		181627.3578		118378.6422
