step	mediator-max-opt_cum_inst_loss_mean	mediator-max-opt_cum_inst_loss_std_up	mediator-max-opt_cum_inst_loss_std_down
1		-9487.54454		2603.2786		-21578.36769
2		-14044.87604		10295.65951		-38385.4116
3		-19400.91371		17301.17863		-56103.00606
4		-26380.67961		23433.16097		-76194.52019
5		-34908.80951		28791.07939		-98608.69841
6		-43866.51438		33348.33425		-121081.363
7		-51205.3345		36639.89512		-139050.56413
8		-57650.57989		38390.02793		-153691.1877
9		-61722.54454		40395.63334		-163840.72241
10		-68195.36332		41764.38459		-178155.11124
11		-76217.39424		42429.51682		-194864.3053
12		-84273.46074		43445.23768		-211992.15916
13		-92690.21607		44946.73879		-230327.17092
14		-99675.49834		44645.39806		-243996.39473
15		-105054.86707		48391.38631		-258501.12046
16		-110600.43793		50592.37545		-271793.25132
17		-112458.15761		54225.23212		-279141.54734
18		-114262.53521		57405.91249		-285930.98291
19		-116754.92092		62428.70018		-295938.54202
20		-114721.5411		76470.67993		-305913.76214
21		-115318.27255		87624.22451		-318260.76961
22		-116505.25752		97703.17856		-330713.6936
23		-115691.90206		108638.77529		-340022.57941
24		-116338.39353		119123.53248		-351800.31954
25		-116531.6345		131469.46353		-364532.73252
26		-118005.3073		142029.20387		-378039.81848
27		-120276.21206		151530.73577		-392083.15988
28		-122222.57563		158035.54448		-402480.69574
29		-122836.23222		163419.32316		-409091.78759
30		-124152.30251		169634.41988		-417939.02489
31		-125789.28667		175775.0518		-427353.62514
32		-124926.55308		182796.70141		-432649.80756
33		-122793.64312		189546.82171		-435134.10794
34		-121818.736		195907.17828		-439544.65028
35		-121930.65716		199983.43532		-443844.74965
36		-122327.64549		204934.11517		-449589.40615
37		-123338.56881		211679.06253		-458356.20015
38		-126951.47672		215892.57483		-469795.52826
39		-130212.2022		221023.12924		-481447.53363
40		-133813.62398		226279.83368		-493907.08165
41		-133746.86733		236100.31823		-503594.05289
42		-130965.54423		247526.87559		-509457.96406
43		-130802.49651		257716.66277		-519321.6558
44		-129394.80033		268868.82933		-527658.42998
45		-128445.78316		277006.87632		-533898.44264
46		-125538.1633		284775.29488		-535851.62149
47		-121925.3289		296035.70835		-539886.36615
48		-121410.06762		303805.44029		-546625.57553
49		-120903.47245		311339.28871		-553146.23362
50		-117685.23975		320774.0354		-556144.5149
51		-113107.05131		328927.13129		-555141.23391
52		-110368.68129		335454.39879		-556191.76137
53		-107549.5012		341434.80654		-556533.80895
54		-102574.18899		347125.37585		-552273.75383
55		-99291.1646		352284.31635		-550866.64556
56		-97204.71052		356654.06606		-551063.4871
57		-94521.16669		361885.47486		-550927.80825
58		-91793.89265		365973.01503		-549560.80033
59		-87599.20873		368322.30679		-543520.72425
60		-85787.58918		369238.85447		-540814.03282
61		-83916.40635		369564.41497		-537397.22767
62		-83084.8794		369845.26903		-536015.02783
63		-81325.03174		373658.30024		-536308.36373
64		-80990.6762		375841.26639		-537822.61879
65		-81479.57344		377765.04064		-540724.18752
66		-79980.02683		383320.89454		-543280.9482
67		-79042.183		387528.94734		-545613.31335
68		-77831.60104		394040.26063		-549703.4627
69		-74616.18781		400890.86101		-550123.23664
70		-72595.97094		408487.25676		-553679.19863
71		-70500.27954		414741.06605		-555741.62513
72		-70831.46955		420034.04747		-561696.98658
73		-72217.3793		424503.82982		-568938.58842
74		-73298.39766		429858.95944		-576455.75476
75		-74434.71219		435473.31031		-584342.73469
76		-72427.53019		441251.58776		-586106.64813
77		-72604.21046		446041.18222		-591249.60313
78		-72720.19187		450989.48103		-596429.86477
79		-73780.91749		456392.69593		-603954.53092
80		-74844.57498		461593.82381		-611282.97377
81		-75945.51289		467618.65366		-619509.67944
82		-78419.26928		472810.58565		-629649.12422
83		-79868.90806		477348.56971		-637086.38584
84		-78642.24083		483012.55486		-640297.03652
85		-78681.24654		488820.70977		-646183.20285
86		-78284.63878		494211.82159		-650781.09915
87		-79869.94134		499440.92976		-659180.81243
88		-82696.75659		503592.82637		-668986.33954
89		-85541.40874		509274.58722		-680357.40471
90		-87882.74702		516461.801		-692227.29504
91		-89281.54089		523677.05316		-702240.13495
92		-89742.77002		530911.24273		-710396.78277
93		-89449.48273		538196.39757		-717095.36303
94		-90014.56758		546146.87729		-726176.01245
95		-90485.52723		555341.45356		-736312.50802
96		-92301.08106		564223.80065		-748825.96277
97		-94616.8902		572212.84275		-761446.62315
98		-94529.25237		582209.51425		-771268.01899
99		-94849.47265		593754.07266		-783453.01797
100		-95256.52601		604681.99436		-795195.04639
101		-96565.49706		615832.59713		-808963.59125
102		-96981.73007		629290.25187		-823253.71201
103		-99445.58669		641836.89348		-840728.06687
104		-102047.37555		654184.99983		-858279.75093
105		-102723.28733		666929.76878		-872376.34343
106		-105878.95898		677769.93133		-889527.84928
107		-108663.88801		688525.8616		-905853.63761
108		-110061.14528		698082.83411		-918205.12466
109		-110257.61883		706820.49586		-927335.73353
110		-111393.30052		716681.7931		-939468.39415
111		-112101.47856		727820.76101		-952023.71813
112		-112944.43806		740465.38618		-966354.26229
113		-111858.20387		753581.97291		-977298.38065
114		-107842.92292		765950.28528		-981636.13113
115		-103598.48865		775789.76578		-982986.74308
116		-98163.53913		783655.95461		-979983.03287
117		-93371.40704		792628.94786		-979371.76195
118		-87063.46092		802008.96235		-976135.88419
119		-82637.5874		811893.37956		-977168.55436
120		-77392.397		822669.67026		-977454.46425
121		-73302.22881		833751.49709		-980355.95471
122		-71439.80221		842123.91197		-985003.5164
123		-70137.29957		849980.35098		-990254.95012
124		-69424.19057		857072.75317		-995921.13431
125		-68158.7436		865736.56852		-1002054.05573
126		-68069.42587		872690.86533		-1008829.71707
127		-66980.75368		878949.59676		-1012911.10411
128		-64399.63577		885283.88148		-1014083.15302
129		-59724.46089		892829.31749		-1012278.23928
130		-52977.1376		901271.32567		-1007225.60086
131		-47767.11457		909615.73487		-1005149.96402
132		-42836.23369		916743.14863		-1002415.61601
133		-38936.93807		922778.32852		-1000652.20467
134		-35881.30219		928160.07616		-999922.68054
135		-31450.79236		934342.94676		-997244.53149
136		-24967.67593		941218.97671		-991154.32858
137		-20692.12095		946478.00337		-987862.24526
138		-16717.36108		950940.47524		-984375.19739
139		-11671.82007		957315.3113		-980658.95145
140		-8374.84375		961932.03638		-978681.72387
141		-4576.06258		967947.1691		-977099.29427
142		-2447.74344		972314.12178		-977209.60865
143		-716.69987		975403.2398		-976836.63954
144		-186.82602		977907.31325		-978280.96529
145		1458.35756		980940.0419		-978023.32678
146		2261.26234		983711.97244		-979189.44776
147		2944.01078		986451.77766		-980563.7561
148		3599.37868		988840.79493		-981642.03758
149		3542.03985		991741.61824		-984657.53854
150		2211.42192		993200.65791		-988777.81407
151		3495.7461		998639.37162		-991647.87943
152		4865.48902		1002677.71102		-992946.73298
153		5461.0241		1005825.70402		-994903.65582
154		7973.66097		1010260.06435		-994312.7424
155		10574.64083		1019158.75967		-998009.47802
156		13986.69265		1031215.77214		-1003242.38685
157		15658.37405		1041189.35733		-1009872.60924
158		18681.63523		1052196.1022		-1014832.83174
159		21358.7767		1059390.96989		-1016673.41649
160		23358.0503		1068176.63804		-1021460.53744
161		27249.20682		1079312.35009		-1024813.93644
162		31985.14508		1087114.70594		-1023144.41577
163		34889.56753		1094297.83388		-1024518.69883
164		36710.78735		1100179.89178		-1026758.31708
165		39764.82795		1107593.65092		-1028063.99503
166		44953.16745		1115946.7107		-1026040.37579
167		48299.60748		1123248.69916		-1026649.4842
168		50425.28528		1129576.21692		-1028725.64635
169		52726.15561		1136212.40217		-1030760.09094
170		53094.87822		1141623.42888		-1035433.67245
171		53447.22208		1145994.69049		-1039100.24633
172		52448.74927		1150318.0398		-1045420.54127
173		50712.24922		1154238.33808		-1052813.83964
174		50021.32112		1159411.0584		-1059368.41616
175		49968.20657		1161497.32375		-1061560.91062
176		49165.09656		1164077.60631		-1065747.41319
177		50977.16233		1169088.16784		-1067133.84319
178		52874.89307		1177009.67785		-1071259.89172
179		53475.61355		1183489.94201		-1076538.7149
180		52871.88459		1189092.87782		-1083349.10863
181		52200.5949		1194040.28797		-1089639.09817
182		50124.61294		1198350.02742		-1098100.80155
183		46857.46355		1200450.94327		-1106736.01616
184		42208.65287		1202211.79311		-1117794.48738
185		37097.70946		1204576.94309		-1130381.52416
186		32882.26194		1207968.30291		-1142203.77904
187		30446.03705		1211857.85034		-1150965.77624
188		27376.35505		1217350.01466		-1162597.30456
189		25558.23277		1225933.50661		-1174817.04108
190		23475.33419		1232497.17484		-1185546.50646
191		19913.4475		1239250.16558		-1199423.27058
192		15605.25199		1244713.98016		-1213503.47618
193		12483.43072		1248541.19366		-1223574.33222
194		10841.674		1251199.2069		-1229515.85891
195		9864.77487		1250935.66705		-1231206.11731
196		8584.77457		1252150.68338		-1234981.13423
197		6545.26293		1251282.15878		-1238191.63291
198		3706.26526		1250558.13356		-1243145.60305
199		1071.77072		1250283.89964		-1248140.35821
200		-216.67089		1247637.1104		-1248070.45219
201		-639.90698		1243134.11559		-1244413.92955
202		-1817.2563		1238846.34148		-1242480.85408
203		-1033.46084		1233829.3196		-1235896.24129
204		-2923.49524		1226923.78828		-1232770.77876
205		-5774.36553		1219228.06709		-1230776.79816
206		-10496.15218		1210503.80874		-1231496.1131
207		-14763.78734		1202075.07356		-1231602.64823
208		-15292.43055		1196660.28857		-1227245.14967
209		-12743.55812		1194969.81385		-1220456.93009
210		-10957.21221		1192325.42092		-1214239.84533
211		-6451.94764		1193359.81302		-1206263.7083
212		-3937.708		1191833.19869		-1199708.61469
213		-1798.92327		1190144.6928		-1193742.53933
214		3089.83343		1193437.44853		-1187257.78167
215		5711.03435		1193677.7529		-1182255.68419
216		9375.66027		1195306.22198		-1176554.90144
217		11569.45768		1195192.92755		-1172054.01219
218		14309.15858		1196452.30491		-1167833.98775
219		15851.222		1195734.83507		-1164032.39107
220		17465.96837		1195771.61386		-1160839.67712
221		17302.04743		1194098.16479		-1159494.06992
222		17148.62833		1193112.172		-1158814.91534
223		19184.52193		1196402.19731		-1158033.15345
224		21558.43055		1202415.94921		-1159299.0881
225		22766.0089		1206739.1511		-1161207.13331
226		23840.72114		1211280.66692		-1163599.22464
227		24861.18275		1216415.28744		-1166692.92194
228		26037.0824		1223479.18798		-1171405.02318
229		27226.65394		1230871.83663		-1176418.52876
230		27098.26626		1235936.06025		-1181739.52773
231		29668.94183		1243126.61296		-1183788.7293
232		30060.45713		1247412.35008		-1187291.43581
233		31594.90622		1252295.22775		-1189105.41531
234		31913.50841		1254842.1466		-1191015.12977
235		31999.99813		1258724.91851		-1194724.92225
236		30655.68041		1262088.60242		-1200777.24161
237		28631.55476		1263753.1723		-1206490.06278
238		24945.10801		1264642.708		-1214752.49197
239		22279.73791		1268375.09252		-1223815.61671
240		16708.45757		1268028.28616		-1234611.37102
241		10760.13593		1267090.73008		-1245570.45821
242		6014.39666		1266096.60925		-1254067.81594
243		4460.81112		1268897.56662		-1259975.94437
244		1414.79038		1270610.27224		-1267780.69148
245		210.83267		1274669.62348		-1274247.95814
246		268.65218		1278867.4265		-1278330.12214
247		-748.49355		1281557.9172		-1283054.90429
248		686.26645		1284030.56911		-1282658.0362
249		2141.26645		1284936.89336		-1280654.36045
250		2141.26645		1284936.89336		-1280654.36045
