step	mediator-max-opt_reward_mean	mediator-max-opt_reward_std_up	mediator-max-opt_reward_std_down
1		0.0		0.0		0.0
2		0.0		0.0		0.0
3		2.0		4.44949		-0.44949
4		4.0		8.89898		-0.89898
5		6.0		13.34847		-1.34847
6		8.0		17.79796		-1.79796
7		10.0		22.24745		-2.24745
8		13.0		27.0		-1.0
9		2016.0		6008.0238		-1976.0238
10		4019.0		12009.51463		-3971.51463
11		4022.0		12011.01784		-3967.01784
12		4025.0		12012.52152		-3962.52152
13		6028.0		14007.01034		-1951.01034
14		6031.0		14007.7615		-1945.7615
15		6034.0		14008.51278		-1940.51278
16		6037.0		14009.26417		-1935.26417
17		6040.0		14010.01568		-1930.01568
18		8043.0		19675.4252		-3589.4252
19		10046.0		25508.26031		-5416.26031
20		12049.0		31409.41539		-7311.41539
21		12052.0		31410.56105		-7306.56105
22		12055.0		31411.70685		-7301.70685
23		12058.0		31412.85278		-7296.85278
24		12061.0		31413.99884		-7291.99884
25		12064.0		31415.14503		-7287.14503
26		12067.0		31416.29136		-7282.29136
27		12070.0		31417.43781		-7277.43781
28		12073.0		31418.58441		-7272.58441
29		12076.0		31419.73113		-7267.73113
30		12079.0		31420.87799		-7262.87799
31		12080.0		31421.25952		-7261.25952
32		12081.0		31421.64125		-7259.64125
33		12082.0		31422.02316		-7258.02316
34		12083.0		31422.40526		-7256.40526
35		12084.0		31422.78755		-7254.78755
36		12084.0		31422.78755		-7254.78755
37		14084.0		33619.93366		-5451.93366
38		16084.0		36610.00068		-4442.00068
39		16084.0		36610.00068		-4442.00068
40		16084.0		36610.00068		-4442.00068
41		18084.0		40287.16878		-4119.16878
42		20084.0		44510.31172		-4342.31172
43		22084.0		49145.20293		-4977.20293
44		22084.0		49145.20293		-4977.20293
45		22084.0		49145.20293		-4977.20293
46		22084.0		49145.20293		-4977.20293
47		22084.0		49145.20293		-4977.20293
48		24084.0		53409.2912		-5241.2912
49		26084.0		58015.75072		-5847.75072
50		26084.0		58015.75072		-5847.75072
51		26084.0		58015.75072		-5847.75072
52		26084.0		58015.75072		-5847.75072
53		26084.0		58015.75072		-5847.75072
54		28084.0		62887.74555		-6719.74555
55		30084.0		67964.92797		-7796.92797
56		32084.0		73201.25555		-9033.25555
57		34084.0		78562.00247		-10394.00247
58		34084.0		78562.00247		-10394.00247
59		34084.0		78562.00247		-10394.00247
60		34084.0		78562.00247		-10394.00247
61		34084.0		78562.00247		-10394.00247
62		34084.0		78562.00247		-10394.00247
63		34084.0		78562.00247		-10394.00247
64		34084.0		78562.00247		-10394.00247
65		34085.0		78562.23935		-10392.23935
66		34085.0		78562.23935		-10392.23935
67		34085.0		78562.23935		-10392.23935
68		34087.0		78564.05899		-10390.05899
69		34088.0		78565.64175		-10389.64175
70		34090.0		78567.4616		-10387.4616
71		34091.0		78569.04452		-10387.04452
72		34092.0		78570.62752		-10386.62752
73		34093.0		78572.2106		-10386.2106
74		34094.0		78573.79377		-10385.79377
75		34095.0		78575.37702		-10385.37702
76		34097.0		78577.19735		-10383.19735
77		34099.0		78579.01736		-10381.01736
78		34101.0		78580.83784		-10378.83784
79		34103.0		78582.658		-10376.658
80		36105.0		84042.50119		-11832.50119
81		38106.0		89580.53685		-13368.53685
82		38108.0		89582.22623		-13366.22623
83		38110.0		89583.91602		-13363.91602
84		38111.0		89585.34287		-13363.34287
85		38114.0		89587.29545		-13359.29545
86		38115.0		89588.72242		-13358.72242
87		38116.0		89590.14947		-13358.14947
88		38118.0		89591.83924		-13355.83924
89		38120.0		89593.52863		-13353.52863
90		38121.0		89594.95588		-13352.95588
91		38123.0		89596.64584		-13350.64584
92		38124.0		89598.07322		-13350.07322
93		38125.0		89599.50068		-13349.50068
94		38126.0		89600.92821		-13348.92821
95		38127.0		89602.35581		-13348.35581
96		38127.0		89602.35581		-13348.35581
97		38128.0		89602.61846		-13346.61846
98		38128.0		89602.61846		-13346.61846
99		38128.0		89602.61846		-13346.61846
100		38129.0		89602.88118		-13344.88118
101		38129.0		89602.88118		-13344.88118
102		38130.0		89603.14329		-13343.14329
103		38131.0		89603.40604		-13341.40604
104		38131.0		89603.40604		-13341.40604
105		38131.0		89603.40604		-13341.40604
106		38131.0		89603.40604		-13341.40604
107		38131.0		89603.40604		-13341.40604
108		38131.0		89603.40604		-13341.40604
109		38131.0		89603.40604		-13341.40604
110		38131.0		89603.40604		-13341.40604
111		38131.0		89603.40604		-13341.40604
112		38131.0		89603.40604		-13341.40604
113		38131.0		89603.40604		-13341.40604
114		38131.0		89603.40604		-13341.40604
115		38131.0		89603.40604		-13341.40604
116		38132.0		89603.66819		-13339.66819
117		38132.0		89603.66819		-13339.66819
118		38134.0		89606.71524		-13338.71524
119		38135.0		89609.50009		-13339.50009
120		38136.0		89612.28497		-13340.28497
121		38138.0		89615.33216		-13339.33216
122		40139.0		90281.6315		-10003.6315
123		40140.0		90284.42412		-10004.42412
124		40141.0		90287.21675		-10005.21675
125		40142.0		90290.00939		-10006.00939
126		40143.0		90292.80205		-10006.80205
127		40145.0		90295.7976		-10005.7976
128		40146.0		90298.5903		-10006.5903
129		40147.0		90301.38302		-10007.38302
130		40149.0		90304.37871		-10006.37871
131		40150.0		90307.17147		-10007.17147
132		40151.0		90309.96424		-10007.96424
133		40152.0		90312.75703		-10008.75703
134		40153.0		90315.54984		-10009.54984
135		42154.0		91272.07482		-6964.07482
136		42155.0		91274.86513		-6964.86513
137		42156.0		91277.65545		-6965.65545
138		42157.0		91280.44579		-6966.44579
139		42158.0		91283.23614		-6967.23614
140		42159.0		91286.02651		-6968.02651
141		42160.0		91288.8169		-6968.8169
142		42161.0		91291.6073		-6969.6073
143		42162.0		91294.39772		-6970.39772
144		42163.0		91297.18816		-6971.18816
145		42164.0		91299.97861		-6971.97861
146		42164.0		91299.97861		-6971.97861
147		42165.0		91301.34449		-6971.34449
148		42165.0		91301.34449		-6971.34449
149		42165.0		91301.34449		-6971.34449
150		44165.0		92563.97055		-4233.97055
151		44165.0		92563.97055		-4233.97055
152		44165.0		92563.97055		-4233.97055
153		46166.0		92883.53754		-551.53754
154		46166.0		92883.53754		-551.53754
155		46166.0		92883.53754		-551.53754
156		48167.0		94367.73967		1966.26033
157		50167.0		96195.03869		4138.96131
158		50167.0		96195.03869		4138.96131
159		50168.0		96194.95282		4141.04718
160		52168.0		101709.58239		2626.41761
161		52168.0		101709.58239		2626.41761
162		54168.0		103790.94213		4545.05787
163		56168.0		104152.00135		8183.99865
164		56168.0		104152.00135		8183.99865
165		60168.0		111921.45772		8414.54228
166		60168.0		111921.45772		8414.54228
167		60168.0		111921.45772		8414.54228
168		60168.0		111921.45772		8414.54228
169		60168.0		111921.45772		8414.54228
170		64168.0		114986.46501		13349.53499
171		66168.0		115792.03033		16543.96967
172		68168.0		116897.5843		19438.4157
173		70168.0		122306.85678		18029.14322
174		70168.0		122306.85678		18029.14322
175		70168.0		122306.85678		18029.14322
176		70168.0		122306.85678		18029.14322
177		70168.0		122306.85678		18029.14322
178		70168.0		122306.85678		18029.14322
179		70168.0		122306.85678		18029.14322
180		72168.0		123689.72732		20646.27268
181		72168.0		123689.72732		20646.27268
182		72168.0		123689.72732		20646.27268
183		72168.0		123689.72732		20646.27268
184		72168.0		123689.72732		20646.27268
185		76168.0		127768.2363		24567.7637
186		78168.0		129690.93068		26645.06932
187		78168.0		129690.93068		26645.06932
188		78168.0		129690.93068		26645.06932
189		78168.0		129690.93068		26645.06932
190		78168.0		129690.93068		26645.06932
191		78168.0		129690.93068		26645.06932
192		78169.0		129691.58101		26646.41899
193		78169.0		129691.58101		26646.41899
194		78169.0		129691.58101		26646.41899
195		78170.0		129692.23142		26647.76858
196		78170.0		129692.23142		26647.76858
197		78170.0		129692.23142		26647.76858
198		78170.0		129692.23142		26647.76858
199		80170.0		132310.19879		28029.80121
200		80170.0		132310.19879		28029.80121
201		80170.0		132310.19879		28029.80121
202		80170.0		132310.19879		28029.80121
203		80170.0		132310.19879		28029.80121
204		80170.0		132310.19879		28029.80121
205		80170.0		132310.19879		28029.80121
206		80170.0		132310.19879		28029.80121
207		80170.0		132310.19879		28029.80121
208		82170.0		137437.3532		26902.6468
209		82170.0		137437.3532		26902.6468
210		82170.0		137437.3532		26902.6468
211		82170.0		137437.3532		26902.6468
212		82170.0		137437.3532		26902.6468
213		82170.0		137437.3532		26902.6468
214		82170.0		137437.3532		26902.6468
215		82170.0		137437.3532		26902.6468
216		82170.0		137437.3532		26902.6468
217		82170.0		137437.3532		26902.6468
218		82170.0		137437.3532		26902.6468
219		84170.0		140228.36539		28111.63461
220		84170.0		140228.36539		28111.63461
221		84170.0		140228.36539		28111.63461
222		84170.0		140228.36539		28111.63461
223		86170.0		142228.54377		30111.45623
224		86170.0		142228.54377		30111.45623
225		86170.0		142228.54377		30111.45623
226		86171.0		142228.01003		30113.98997
227		86172.0		142227.47632		30116.52368
228		88172.0		147282.8148		29061.1852
229		88172.0		147282.8148		29061.1852
230		88172.0		147282.8148		29061.1852
231		88173.0		147283.34094		29062.65906
232		88174.0		147283.86715		29064.13285
233		88174.0		147283.86715		29064.13285
234		88174.0		147283.86715		29064.13285
235		88174.0		147283.86715		29064.13285
236		88174.0		147283.86715		29064.13285
237		88174.0		147283.86715		29064.13285
238		88174.0		147283.86715		29064.13285
239		88174.0		147283.86715		29064.13285
240		88174.0		147283.86715		29064.13285
241		88174.0		147283.86715		29064.13285
242		88174.0		147283.86715		29064.13285
243		90175.0		149487.0594		30862.9406
244		90176.0		149486.54244		30865.45756
245		90177.0		149486.0255		30867.9745
246		90179.0		149486.00274		30871.99726
247		90179.0		149486.00274		30871.99726
248		92179.0		152290.10192		32067.89808
249		94181.0		155345.63565		33016.36435
250		94181.0		155345.63565		33016.36435
