step	mediator-max-opt_runtime_mean	mediator-max-opt_runtime_std_up	mediator-max-opt_runtime_std_down
1		0.0006		0.00076		0.00044
2		0.59259		0.87569		0.3095
3		0.62124		0.9043		0.33818
4		0.64997		0.93317		0.36677
5		0.68159		0.9668		0.39638
6		0.71533		1.00457		0.42609
7		0.74457		1.03485		0.4543
8		0.7737		1.0642		0.48321
9		0.80316		1.09448		0.51183
10		0.83179		1.12318		0.5404
11		0.86361		1.15715		0.57008
12		0.89228		1.18555		0.59902
13		0.92133		1.2146		0.62807
14		0.94897		1.24247		0.65547
15		0.97845		1.27229		0.68461
16		1.00719		1.30173		0.71264
17		1.03539		1.33006		0.74071
18		1.06469		1.35926		0.77012
19		1.09829		1.39741		0.79916
20		1.13405		1.43669		0.83142
21		1.1637		1.46766		0.85974
22		1.19386		1.49824		0.88949
23		1.22409		1.52986		0.91832
24		1.25587		1.56264		0.94911
25		1.28497		1.59191		0.97803
26		1.55389		1.95654		1.15124
27		1.8735		2.27207		1.47494
28		2.21832		2.64739		1.78925
29		2.53614		2.96995		2.10234
30		2.85278		3.29577		2.4098
31		3.16654		3.61746		2.71561
32		3.47783		3.94421		3.01145
33		3.79132		4.27721		3.30543
34		4.09126		4.5779		3.60462
35		4.39129		4.88149		3.90108
36		4.68669		5.1796		4.19379
37		4.99668		5.50394		4.48942
38		5.29988		5.8173		4.78247
39		5.59889		6.11599		5.08178
40		5.8894		6.40298		5.37583
41		6.17433		6.69003		5.65863
42		6.4567		6.97663		5.93676
43		6.74673		7.25782		6.23565
44		7.02311		7.53501		6.51121
45		7.29632		7.81107		6.78156
46		7.56665		8.08082		7.05248
47		7.83614		8.35014		7.32214
48		8.1147		8.61402		7.61538
49		8.38482		8.88364		7.886
50		8.65268		9.15047		8.15489
51		8.92193		9.42475		8.4191
52		9.18728		9.69227		8.6823
53		9.44823		9.94947		8.94698
54		9.70576		10.21021		9.20131
55		9.96576		10.4714		9.46012
56		10.22011		10.72625		9.71396
57		10.47272		10.98065		9.96478
58		10.72802		11.23958		10.21645
59		10.98319		11.49789		10.4685
60		11.23337		11.74908		10.71765
61		11.48032		11.99582		10.96482
62		11.7312		12.24329		11.21911
63		11.97893		12.48903		11.46883
64		12.2234		12.73364		11.71316
65		12.46664		12.97603		11.95725
66		12.71272		13.22392		12.20151
67		12.955		13.46849		12.44151
68		13.19383		13.70884		12.67881
69		13.4341		13.95319		12.91502
70		13.67173		14.19455		13.14892
71		13.91274		14.43794		13.38753
72		14.14645		14.674		13.6189
73		14.3788		14.90641		13.85119
74		14.61224		15.14123		14.08324
75		14.84507		15.37604		14.31409
76		15.07712		15.61141		14.54284
77		15.30633		15.8417		14.77095
78		15.53618		16.07315		14.99921
79		15.76282		16.30103		15.22461
80		15.99492		16.53299		15.45684
81		16.22219		16.76031		15.68407
82		16.44722		16.98798		15.90646
83		16.67072		17.21289		16.12856
84		16.89616		17.44154		16.35078
85		17.1204		17.66601		16.57478
86		17.33987		17.88571		16.79403
87		17.55786		18.10416		17.01156
88		17.77652		18.32543		17.22762
89		17.99503		18.54454		17.44552
90		18.21483		18.76257		17.66709
91		18.42974		18.97547		17.884
92		18.64317		19.18772		18.09862
93		18.85707		19.40233		18.31182
94		19.07079		19.61845		18.52313
95		19.28468		19.83441		18.73494
96		19.50161		20.05078		18.95244
97		19.71056		20.26099		19.16013
98		19.9214		20.47468		19.36812
99		20.13124		20.68765		19.57482
100		20.33817		20.89483		19.78151
101		20.54703		21.10711		19.98695
102		20.75644		21.31783		20.19506
103		20.9603		21.52343		20.39717
104		21.16312		21.72764		20.5986
105		21.36504		21.93112		20.79895
106		21.56961		22.13645		21.00277
107		21.77282		22.33992		21.20571
108		21.9793		22.54849		21.41012
109		22.18295		22.75344		21.61246
110		22.38301		22.95758		21.80845
111		22.58333		23.15999		22.00666
112		22.78099		23.35875		22.20324
113		22.9793		23.55871		22.39989
114		23.17681		23.75995		22.59366
115		23.37527		23.95949		22.79104
116		23.57603		24.1618		22.99027
117		23.77328		24.36371		23.18285
118		23.9671		24.55853		23.37567
119		24.16057		24.75348		23.56765
120		24.3536		24.94827		23.75892
121		24.54663		25.14405		23.94922
122		24.73893		25.33608		24.14179
123		24.93077		25.52786		24.33367
124		25.12028		25.71781		24.52275
125		25.30901		25.90713		24.71088
126		25.4985		26.09932		24.89767
127		25.68891		26.29164		25.08618
128		25.87841		26.48176		25.27505
129		26.06733		26.67469		25.45997
130		26.25652		26.86639		25.64665
131		26.44695		27.06066		25.83324
132		26.63283		27.25008		26.01558
133		26.81714		27.43733		26.19696
134		27.0011		27.62211		26.38009
135		27.18646		27.80946		26.56347
136		27.37095		27.99417		26.74772
137		27.55661		28.18433		26.92889
138		27.74028		28.36982		27.11073
139		27.9237		28.55387		27.29354
140		28.10433		28.73922		27.46945
141		28.28891		28.92791		27.6499
142		28.47083		29.11358		27.82808
143		28.6501		29.29349		28.00671
144		28.82984		29.47343		28.18624
145		29.01039		29.65745		28.36333
146		29.18835		29.83823		28.53848
147		29.36713		30.02111		28.71314
148		29.54474		30.20002		28.88946
149		29.72214		30.38085		29.06342
150		29.90417		30.5676		29.24074
151		30.08111		30.74924		29.41298
152		30.25668		30.9267		29.58666
153		30.43323		31.10592		29.76054
154		30.61087		31.28946		29.93228
155		30.79426		31.47773		30.11078
156		30.9749		31.65997		30.28982
157		31.15412		31.84128		30.46695
158		31.33571		32.02682		30.64459
159		31.50905		32.20226		30.81584
160		31.67651		32.37078		30.98223
161		31.84562		32.54055		31.15069
162		32.01449		32.7131		31.31587
163		32.18369		32.88354		31.48384
164		32.35256		33.05482		31.65029
165		32.52162		33.22572		31.81752
166		32.68996		33.39711		31.98281
167		32.85832		33.56722		32.14942
168		33.02593		33.73572		32.31615
169		33.18949		33.90002		32.47897
170		33.35709		34.06807		32.64611
171		33.52141		34.23313		32.80969
172		33.68958		34.40513		32.97403
173		33.85456		34.57101		33.13812
174		34.01937		34.73707		33.30168
175		34.18584		34.90561		33.46607
176		34.36025		35.08573		33.63477
177		34.5284		35.25654		33.80026
178		34.70601		35.42419		33.98784
179		34.89252		35.60835		34.17669
180		35.05833		35.77497		34.34168
181		35.22697		35.94686		34.50708
182		35.38963		36.11135		34.66792
183		35.55074		36.27336		34.82813
184		35.72455		36.44838		35.00071
185		35.88994		36.61444		35.16545
186		36.04997		36.77488		35.32507
187		36.21194		36.94128		35.4826
188		36.37224		37.10331		35.64117
189		36.53672		37.26427		35.80917
190		36.69621		37.42265		35.96976
191		36.85821		37.58182		36.13459
192		37.01526		37.73711		36.2934
193		37.19514		37.89465		36.49562
194		37.3543		38.05082		36.65778
195		37.51378		38.20515		36.8224
196		37.67461		38.35884		36.99038
197		37.83292		38.5125		37.15333
198		37.99371		38.66771		37.31972
199		38.15181		38.82538		37.47824
200		38.3117		38.98411		37.6393
201		38.46787		39.14212		37.79362
202		38.62336		39.29818		37.94853
203		38.78602		39.45501		38.11704
204		38.94529		39.61448		38.2761
205		39.10061		39.76864		38.43259
206		39.25652		39.92305		38.58999
207		39.40876		40.07615		38.74136
208		39.5663		40.23295		38.89966
209		39.71871		40.38637		39.05105
210		39.87352		40.53555		39.2115
211		40.02922		40.68909		39.36935
212		40.18646		40.84459		39.52832
213		40.34125		40.99607		39.68644
214		40.49689		41.14897		39.84482
215		40.65621		41.30578		40.00664
216		40.81639		41.46424		40.16854
217		40.97401		41.62056		40.32745
218		41.12988		41.77684		40.48292
219		41.28966		41.93452		40.6448
220		41.44174		42.09021		40.79327
221		41.59809		42.24777		40.94841
222		41.74599		42.39783		41.09415
223		41.89135		42.54539		41.23731
224		42.04486		42.69757		41.39214
225		42.19489		42.84699		41.54279
226		42.34175		42.99322		41.69029
227		42.48856		43.14323		41.83388
228		42.63892		43.2939		41.98393
229		42.78426		43.43934		42.12917
230		42.93339		43.58988		42.2769
231		43.07858		43.73573		42.42143
232		43.23087		43.88971		42.57204
233		43.37623		44.03962		42.71284
234		43.52004		44.18502		42.85506
235		43.66306		44.33086		42.99526
236		43.80696		44.47868		43.13524
237		43.94914		44.62733		43.27095
238		44.09209		44.77226		43.41191
239		44.23569		44.91942		43.55196
240		44.38657		45.07357		43.69957
241		44.53045		45.21987		43.84103
242		44.6728		45.36323		43.98237
243		44.81708		45.51175		44.12242
244		44.96095		45.65809		44.26382
245		45.10495		45.80615		44.40374
246		45.2472		45.95125		44.54316
247		45.39026		46.09593		44.68459
248		45.53129		46.23829		44.82429
249		45.67221		46.38469		44.95972
250		45.81229		46.52479		45.09978
