episode	mediator-max-opt_inst_loss_mean	mediator-max-opt_inst_loss_std_up	mediator-max-opt_inst_loss_std_down
1		-3283.42053		3128.51182		-9695.35288
2		1879.60903		11023.69368		-7264.47562
3		774.9308		10175.71659		-8625.85499
4		2791.02731		13847.02138		-8264.96676
5		2059.25666		11601.7284		-7483.21508
6		1497.52261		12680.49886		-9685.45365
7		1429.28509		12103.20658		-9244.6364
8		3980.28805		13361.70532		-5401.12922
9		1718.06177		12290.98535		-8854.8618
10		3094.10732		15105.39977		-8917.18513
11		3715.27146		14345.31404		-6914.77111
12		3714.20334		14192.507		-6764.10032
13		2512.79711		12959.40429		-7933.81006
14		2708.36427		12878.88258		-7462.15405
15		924.29295		12264.56714		-10415.98125
16		2386.06244		15758.92962		-10986.80475
17		2469.19484		15316.98141		-10378.59172
18		1096.49735		15560.17719		-13367.18249
19		2291.17495		16625.43668		-12043.08678
20		3862.26159		14767.17737		-7042.65419
21		7361.37675		15176.42199		-453.66849
22		5668.04192		14837.01037		-3500.92653
23		5903.04524		16035.96797		-4229.87749
24		5466.53206		15997.74504		-5064.68091
25		5007.04451		15970.29361		-5956.2046
26		5173.06423		15629.89252		-5283.76405
27		4014.2459		16125.62241		-8097.1306
28		3478.32223		16416.47955		-9459.83508
29		3040.8214		14882.06978		-8800.42698
30		4425.63397		12800.85213		-3949.58419
31		5620.19332		10786.12289		454.26375
32		2948.7459		8741.94667		-2844.45486
33		3018.61237		9583.73983		-3546.51509
34		2960.03394		9717.72884		-3797.66097
35		3107.56963		9047.15089		-2832.01163
36		1929.29442		9438.65773		-5580.0689
37		1499.51916		10824.79217		-7825.75384
38		1541.48413		11029.05848		-7946.09022
39		170.68597		8966.94572		-8625.57379
40		-351.64762		7280.37729		-7983.67254
41		-638.33437		9108.1986		-10384.86733
42		-707.71603		9932.19834		-11347.63041
43		-941.57298		10337.94202		-12221.08797
44		1016.62478		14422.76598		-12389.51642
45		-1533.70585		11409.47173		-14476.88344
46		-350.83065		12705.26354		-13406.92484
47		-874.53417		7808.77775		-9557.8461
48		-1739.3323		9023.45366		-12502.11827
49		-1993.29058		9616.74146		-13603.32262
50		-4380.3906		8220.92787		-16981.70908
51		-3545.54051		9105.43328		-16196.5143
52		-4578.44748		8962.92245		-18119.81741
53		-4756.10372		7980.88586		-17493.09331
54		-3781.65564		5939.58026		-13502.89153
55		-1323.24507		5359.15673		-8005.64688
56		-1925.65785		6673.28055		-10524.59625
57		-3919.43082		4245.65835		-12084.51998
58		-2311.52904		6169.86688		-10792.92496
59		-4647.25823		4939.46241		-14233.97887
60		-4828.53609		4279.32924		-13936.40143
61		-4149.73985		9154.84263		-17454.32233
62		-5331.20888		6295.60617		-16958.02394
63		-5808.40755		8028.70302		-19645.51813
64		-4106.35898		12329.29367		-20542.01164
65		-6926.32034		9616.73745		-23469.37814
66		-6153.89631		10575.39709		-22883.18971
67		-5153.91646		8874.76332		-19182.59624
68		-4101.30609		6520.69642		-14723.30859
69		-3642.98601		4921.14999		-12207.12201
70		-4581.92189		4707.71198		-13871.55576
71		-2165.6306		6890.92102		-11222.18222
72		465.63603		8079.23787		-7147.96581
73		-1464.00317		7114.45526		-10042.46159
74		-2260.72619		6614.58327		-11136.03565
75		-1926.62966		5441.65326		-9294.91258
76		-4108.80693		5307.70444		-13525.3183
77		-3738.68376		5978.14615		-13455.51368
78		-1961.89662		5940.158		-9863.95124
79		-2597.92263		6894.58044		-12090.42571
80		-1222.43311		10007.33888		-12452.20511
81		-326.31243		7657.3883		-8310.01315
82		-10.69365		6292.56433		-6313.95163
83		-240.87881		6757.56136		-7239.31899
84		-1898.30167		5639.66471		-9436.26806
85		-2259.18078		4480.02054		-8998.3821
86		-3896.65175		3380.22039		-11173.52388
87		-3195.33831		4296.31703		-10686.99365
88		-4683.32084		3119.51162		-12486.1533
89		-5020.63483		2775.33259		-12816.60224
90		-4785.75718		5034.30977		-14605.82413
91		-6302.38686		3314.34669		-15919.1204
92		-7016.83076		2019.35991		-16053.02144
93		-7454.36632		2114.33642		-17023.06907
94		-7942.45962		1722.65199		-17607.57123
95		-7922.81741		1286.54793		-17132.18275
96		-3967.62736		4126.78706		-12062.04178
97		-6224.76357		3872.50002		-16322.02716
98		-7232.92623		2111.5731		-16577.42557
99		-8492.27338		1924.75		-18909.29675
100		-8027.14945		3157.15234		-19211.45125
101		-9218.84679		1696.20977		-20133.90334
102		-9921.50202		2171.81617		-22014.82021
103		-11101.63275		1668.94451		-23872.21
104		-12343.87562		1139.82553		-25827.57677
105		-11829.05652		2696.65695		-26354.77
106		-10450.54892		3686.34553		-24587.44337
107		-7704.73957		5088.12696		-20497.6061
108		-4554.49054		7357.52666		-16466.50774
109		-4253.31633		5672.85363		-14179.48629
110		-3119.1117		6288.94902		-12527.17242
111		-1925.21209		8636.14865		-12486.57282
112		-2124.04797		9882.98		-14131.07594
113		-4839.67717		7137.80567		-16817.16001
114		-3957.42981		7600.40262		-15515.26224
115		-5596.80046		7658.02243		-18851.62335
116		-5988.87783		7078.09065		-19055.84631
117		-8384.85764		5463.15361		-22232.86889
118		-9412.5421		3934.02542		-22759.10963
119		-7872.65527		5293.26537		-21038.57591
120		-6935.60687		8860.35584		-22731.56958
121		-5299.54928		7129.19503		-17728.2936
122		-5037.58869		7168.40232		-17243.5797
123		-3818.0322		6602.46952		-14238.53393
124		-6072.22742		6134.75697		-18279.21182
125		-5904.54197		6622.50821		-18431.59216
126		-4080.92376		6736.22537		-14898.07289
127		-3754.82499		7938.63115		-15448.28112
128		-5349.33797		6720.88735		-17419.56329
129		-6217.25824		4812.02791		-17246.54439
130		-4635.82792		5203.76911		-14475.42496
131		-4567.87846		3919.43481		-13055.19174
132		-4977.3723		4465.96321		-14420.7078
133		-4136.5663		4961.9453		-13235.07791
134		-4363.98713		6689.13805		-15417.1123
135		-1286.53475		11477.24496		-14050.31446
136		1356.80583		9515.53527		-6801.9236
137		1418.50986		7525.64096		-4688.62123
138		4150.61334		9704.83174		-1403.60505
139		8413.69555		13392.97166		3434.41945
140		8162.92973		11409.82686		4916.0326
141		8495.04868		11300.92842		5689.16895
142		7511.07164		10921.55931		4100.58398
143		7285.82078		12298.37513		2273.26643
144		5092.97738		9838.63229		347.32248
145		6652.15494		13013.38466		290.92521
146		3874.19769		9699.4375		-1951.04212
147		3987.27941		9322.31245		-1347.75362
148		3637.11764		9754.61053		-2480.37525
149		2216.89844		8892.41082		-4458.61393
150		1481.79368		7600.19882		-4636.61146
151		2124.14298		9603.65235		-5355.3664
152		3157.04529		10605.81725		-4291.72667
153		2442.71174		8735.19037		-3849.76689
154		1174.3849		7340.3754		-4991.6056
155		1822.5708		7744.21605		-4099.07445
156		2592.67387		6647.12476		-1461.77702
157		1981.93062		6027.03478		-2063.17354
158		1339.04298		5833.32588		-3155.23991
159		2767.58232		8965.8795		-3430.71487
160		2166.04477		7441.22171		-3109.13217
161		1532.84736		7615.30337		-4549.60866
162		1516.0146		7918.49096		-4886.46175
163		-358.34151		5237.92549		-5954.60852
164		-1746.56265		4672.0689		-8165.19421
165		-574.89044		5720.43901		-6870.2199
166		-3342.27909		3831.84779		-10516.40597
167		-3553.97364		3283.612		-10391.55928
168		-2228.80259		5141.16782		-9598.77301
169		-4790.29356		1721.07539		-11301.66251
170		-5155.27452		1429.014		-11739.56303
171		-4790.67435		1935.17811		-11516.52681
172		-3669.39174		3463.35985		-10802.14333
173		-1839.40341		2356.95827		-6035.7651
174		858.58731		8921.06077		-7203.88616
175		-802.69272		6579.40392		-8184.78936
176		579.77992		9860.74305		-8701.1832
177		254.68933		9109.55059		-8600.17193
178		-1602.30384		7409.9099		-10614.51758
179		-1672.86651		6521.9943		-9867.72731
180		-1362.86829		9369.29567		-12095.03225
181		-1123.82977		10063.93595		-12311.5955
182		-1853.09469		10261.22728		-13967.41667
183		-2202.27301		8481.84337		-12886.3894
184		267.6927		8627.02547		-8091.64006
185		983.48963		5749.53643		-3782.55716
186		2943.90668		7338.26326		-1450.4499
187		5106.60336		12071.78276		-1858.57603
188		4593.97793		9635.19369		-447.23783
189		2881.61989		10329.72802		-4566.48825
190		2186.98452		9197.70432		-4823.73528
191		1715.7128		7840.3199		-4408.89429
192		4490.9881		7786.02189		1195.95431
193		6558.60218		13263.95072		-146.74635
194		6491.32115		11140.1234		1842.51889
195		5463.60857		11702.42096		-775.20383
196		6365.07263		12665.31468		64.83058
197		4123.7688		11073.48172		-2825.94411
198		4332.5537		12244.51082		-3579.40343
199		3218.75133		10942.9709		-4505.46824
200		2730.21288		10873.37636		-5412.9506
201		2865.65273		10227.69131		-4496.38586
202		1674.64504		10815.418		-7466.12792
203		581.77635		11205.58625		-10042.03355
204		505.04079		11931.55855		-10921.47697
205		523.36632		11706.20268		-10659.47005
206		-686.32707		10437.35894		-11810.01308
207		-1259.27148		11945.40523		-14463.94819
208		-2518.7264		11425.92977		-16463.38257
209		-3002.03777		10170.76645		-16174.84198
210		-3294.92468		10591.92636		-17181.77572
211		-3504.12689		11242.25555		-18250.50932
212		-4408.22484		9744.24971		-18560.69939
213		-2731.58224		8501.89336		-13965.05785
214		-217.90466		8033.64308		-8469.4524
215		4747.76638		12067.85127		-2572.31852
216		4597.0026		8787.86042		406.14477
217		4141.30457		9117.86506		-835.25593
218		6416.57643		13084.05785		-250.90499
219		5141.53846		11611.79141		-1328.71448
220		5899.42212		11732.4726		66.37164
221		4939.65676		13194.73334		-3315.41982
222		4353.33912		11707.61063		-3000.93238
223		4519.14756		13057.53603		-4019.24091
224		3360.10682		11508.88411		-4788.67047
225		2823.94903		11401.60933		-5753.71127
226		2259.57241		11288.68852		-6769.5437
227		1142.43026		10101.77172		-7816.91119
228		748.30409		9881.45234		-8384.84416
229		-559.64787		9042.32326		-10161.619
230		-602.86346		9148.01972		-10353.74663
231		249.96302		9802.83683		-9302.91079
232		2639.79659		14874.56702		-9594.97384
233		2582.12453		14173.82292		-9009.57387
234		4076.0892		13073.31358		-4921.13517
235		3670.04979		13769.4576		-6429.35801
236		1391.49519		11739.36191		-8956.37154
237		1869.4403		13601.46584		-9862.58524
238		1374.79102		11150.18646		-8400.60442
239		2699.44733		11745.87481		-6346.98015
240		4750.17794		13711.83256		-4211.47668
241		3729.92604		13412.42109		-5952.56901
242		3206.56772		12810.88795		-6397.75252
243		3178.72571		12599.4679		-6242.01648
244		4181.02896		10313.00348		-1950.94557
245		7086.05774		11478.84852		2693.26695
246		7476.83089		13717.89857		1235.76321
247		7024.04873		12809.14926		1238.94821
248		8629.80252		14052.87968		3206.72535
249		6969.03269		13970.10586		-32.04049
250		6065.56262		13390.52393		-1259.3987
251		5246.66357		11483.49635		-990.16921
252		6930.42138		10819.0652		3041.77756
253		7247.22571		13163.52755		1330.92387
254		5597.43716		10431.90494		762.96939
255		6527.96952		12732.2268		323.71224
256		4840.32539		10073.11635		-392.46558
257		4327.03554		9121.28646		-467.21537
258		5719.27102		11767.87705		-329.33501
259		4490.10062		9595.5195		-615.31827
260		5962.48871		10700.99727		1223.98015
261		6266.5971		9349.4515		3183.74269
262		7148.59991		10560.61344		3736.58638
263		8164.82605		11401.90825		4927.74384
264		7163.46887		8544.95082		5781.98691
265		8375.49544		12703.28912		4047.70175
266		7155.11031		11877.41933		2432.8013
267		5270.35778		9590.89039		949.82518
268		3590.31636		7902.49739		-721.86467
269		2846.60503		6713.13609		-1019.92602
270		2085.77569		6085.29202		-1913.74065
271		1725.39634		6024.32823		-2573.53555
272		1670.98786		5721.77414		-2379.79843
273		1271.67556		5117.88631		-2574.53519
274		526.40863		4578.47622		-3525.65897
275		502.42629		4284.8532		-3280.00062
276		36.68808		4045.94774		-3972.57158
277		69.49882		3880.00363		-3741.00598
278		-551.14712		5003.31541		-6105.60965
279		-48.23826		5476.66108		-5573.1376
280		354.58644		5349.26095		-4640.08808
281		-478.53475		5096.92401		-6053.9935
282		710.33021		5801.35788		-4380.69746
283		1730.19997		5730.66		-2270.26006
284		676.53381		5564.22036		-4211.15274
285		54.19444		5236.65502		-5128.26615
286		-1019.3686		4683.51479		-6722.25199
287		-1059.25047		4908.17678		-7026.67771
288		-1785.11648		4017.42796		-7587.66091
289		-2549.18596		2471.22576		-7569.59768
290		-3353.46963		2727.52472		-9434.46397
291		-1571.75936		5934.84039		-9078.35912
292		-2352.12908		5016.44874		-9720.7069
293		-3173.57088		3573.74744		-9920.8892
294		-3388.55562		5396.64255		-12173.75379
295		-5598.12213		3153.71633		-14349.96059
296		-5906.52058		3912.38916		-15725.43031
297		-7146.2575		3259.49299		-17552.00799
298		-6908.4706		2925.24077		-16742.18196
299		-3165.72163		4889.34321		-11220.78646
300		-36.50032		12879.92568		-12952.92631
301		-819.81542		11445.0729		-13084.70373
302		-62.15596		11205.11825		-11329.43016
303		1285.97136		10905.78304		-8333.84032
304		473.16024		9420.91685		-8474.59637
305		3155.50848		9184.88606		-2873.86909
306		6066.83507		8276.06328		3857.60685
307		4431.99582		7561.28056		1302.71107
308		3295.89769		6540.3621		51.43329
309		3560.21022		5976.96176		1143.45869
310		1721.8731		4716.13372		-1272.38751
311		967.3045		4791.3551		-2856.74609
312		463.65473		4168.57607		-3241.26661
313		-1337.7087		2788.56427		-5463.98167
314		-1476.3431		1860.48257		-4813.16876
315		-1198.23604		1263.16585		-3659.63793
316		823.53692		3233.17123		-1586.09739
317		-195.2805		731.96681		-1122.52782
318		281.71794		2315.3818		-1751.94591
319		325.66563		1796.07583		-1144.74458
320		5870.53667		12133.56096		-392.48763
321		3442.38103		9007.00957		-2122.24752
322		3169.30489		10346.24061		-4007.63083
323		3288.15571		10607.21239		-4030.90096
324		2498.15487		9436.52617		-4440.21643
325		1260.27564		6637.47536		-4116.92407
326		1940.51166		8839.11374		-4958.09042
327		512.45919		6781.61775		-5756.69938
328		1775.49773		8300.23612		-4749.24066
329		-246.02498		6554.31823		-7046.3682
330		-1006.17344		5169.57189		-7181.91877
331		298.93345		3994.27505		-3396.40815
332		2972.11186		8027.83474		-2083.61102
333		3118.83199		10885.79511		-4648.13112
334		2535.78127		8631.14585		-3559.5833
335		3504.24534		8806.89369		-1798.40301
336		2319.31824		8002.29154		-3363.65506
337		1232.85017		7321.76095		-4856.06061
338		1939.17229		9433.64406		-5555.29948
339		15.51738		6689.27501		-6658.24024
340		-179.16857		7191.93716		-7550.27429
341		4176.58019		12316.53167		-3963.37128
342		2370.6836		10120.61244		-5379.24525
343		2487.20085		9705.49291		-4731.09121
344		3098.71782		9237.9255		-3040.48985
345		3963.51608		9162.50558		-1235.47343
346		2384.29216		7285.62394		-2517.03962
347		1521.39174		6361.97261		-3319.18913
348		2254.4974		8139.41935		-3630.42454
349		3113.98969		11527.21911		-5299.23972
350		2597.34036		9475.55412		-4280.87339
351		4808.45296		9622.82037		-5.91445
352		2524.34847		8880.95598		-3832.25903
353		1515.32771		8430.57078		-5399.91536
354		480.73014		7284.95708		-6323.4968
355		267.20931		7787.93296		-7253.51434
356		548.22447		7633.80901		-6537.36008
357		276.53216		7722.87084		-7169.80651
358		-803.06749		6652.71042		-8258.84541
359		-1679.51994		6068.8655		-9427.90538
360		-2160.03438		6313.96306		-10634.03181
361		-3107.90613		5705.85457		-11921.66684
362		-2056.52163		7308.7057		-11421.74896
363		-1412.59002		8044.96551		-10870.14555
364		-2156.14534		7078.36847		-11390.65915
365		-3588.52599		7056.34744		-14233.39942
366		-3420.72379		6402.14893		-13243.5965
367		-77.44379		8723.59716		-8878.48475
368		-895.35736		8528.98504		-10319.69976
369		-1623.02496		8590.12013		-11836.17005
370		817.5307		9300.27082		-7665.20942
371		4205.9511		10436.03225		-2024.13005
372		2396.09547		9783.01251		-4990.82157
373		3158.13616		11575.60736		-5259.33504
374		1617.88502		10013.21371		-6777.44367
375		1672.18418		9962.07157		-6617.70322
376		395.76525		9236.86486		-8445.33436
377		-263.94853		8147.74038		-8675.63744
378		1273.50843		5857.43187		-3310.41502
379		526.6976		7903.93231		-6850.5371
380		848.50405		8779.28032		-7082.27223
381		2685.05448		8167.65921		-2797.55024
382		6932.72582		10233.04906		3632.40258
383		7315.42887		11361.70815		3269.1496
384		6980.78123		9308.007		4653.55546
385		9383.47455		11509.61682		7257.33227
386		7824.09547		8463.13847		7185.05247
387		8200.10484		10009.84793		6390.36175
388		7262.32825		7955.03679		6569.61971
389		7085.70944		8478.54801		5692.87087
390		6766.50085		8984.1019		4548.89979
391		5780.80096		6968.10925		4593.49267
392		5008.63827		6214.28807		3802.98847
393		5935.71076		8689.89574		3181.52578
394		4244.42467		6234.68837		2254.16097
395		4806.33721		8514.89714		1097.77727
396		2654.24346		5075.29776		233.18916
397		1674.08396		4432.56809		-1084.40017
398		3109.08762		6144.99059		73.18465
399		3670.76762		5401.21952		1940.31572
400		1838.24931		3617.13787		59.36075
401		1277.05286		3155.32338		-601.21765
402		2635.39228		5003.882		266.90257
403		2400.9805		8332.44533		-3530.48434
404		684.47959		6174.1267		-4805.16752
405		1158.23561		6007.3198		-3690.84858
406		1623.90386		6555.70853		-3307.9008
407		989.70226		5630.82044		-3651.41592
408		2427.38479		7255.2736		-2400.50402
409		1835.47166		6202.28082		-2531.3375
410		562.71437		5476.82104		-4351.39231
411		138.07691		5194.28424		-4918.13042
412		97.38942		7117.47551		-6922.69667
413		-1510.23746		4202.47877		-7222.95369
414		-1625.50878		3773.62107		-7024.63863
415		324.22188		5034.09303		-4385.64928
416		1042.99402		8040.72073		-5954.7327
417		378.21819		6843.40902		-6086.97264
418		-321.54584		5488.08809		-6131.17977
419		2346.50525		7186.53974		-2493.52924
420		2487.82827		7420.22561		-2444.56908
421		1376.03505		4736.36659		-1984.29648
422		3384.64165		7890.69751		-1121.41422
423		2193.41958		6322.26692		-1935.42776
424		2399.70715		6024.57752		-1225.16322
425		3255.24491		4704.61695		1805.87287
426		3257.49384		4277.78031		2237.20738
427		1663.14877		4128.24719		-801.94965
428		959.4418		1785.8764		133.00721
429		2697.49498		4506.3847		888.60526
430		3640.2767		8528.59043		-1248.03703
431		1778.62403		6003.08013		-2445.83206
432		3658.89161		7041.09654		276.68668
433		563.74423		3947.55636		-2820.06789
434		-92.06143		3518.45904		-3702.58189
435		-782.38326		3066.95585		-4631.72236
436		-1509.03792		2591.85224		-5609.92808
437		-2796.99571		2268.91314		-7862.90456
438		-2556.03808		3044.99292		-8157.06908
439		-2753.88325		2970.30603		-8478.07252
440		-241.38271		7500.49854		-7983.26396
441		-3018.74808		3938.40646		-9975.90261
442		-1941.56805		5043.3287		-8926.46479
443		-2576.51577		5868.03611		-11021.06766
444		-4081.48428		5147.1957		-13310.16426
445		-4332.0889		4515.50782		-13179.68562
446		-3697.54949		2499.79452		-9894.8935
447		-1955.9951		5027.7289		-8939.7191
448		-965.11533		7578.9622		-9509.19287
449		-2601.1925		6401.0342		-11603.4192
450		-2746.35996		5633.06646		-11125.78638
451		-828.10075		6212.44481		-7868.6463
452		-3420.41227		3846.17667		-10687.0012
453		-3581.16548		5178.24865		-12340.57962
454		-4852.56343		2574.46548		-12279.59233
455		-5981.93422		2457.13891		-14421.00735
456		-7636.95013		3146.62484		-18420.5251
457		-8758.57799		716.47463		-18233.6306
458		-8738.02982		155.77346		-17631.83311
459		-7735.20467		-1043.19593		-14427.2134
460		-8493.64234		-1553.22779		-15434.0569
461		-9366.89579		-1346.82901		-17386.96257
462		-6834.42296		2190.61346		-15859.45938
463		-5842.80576		3717.9403		-15403.55182
464		-4799.01234		7769.27094		-17367.29562
465		-3177.67613		6306.58397		-12661.93623
466		-3193.41117		7762.98485		-14149.80718
467		-4603.73921		7445.0475		-16652.52592
468		-5954.88273		4641.65243		-16551.41788
469		-3244.95391		6643.73847		-13133.64628
470		-4169.85722		4945.38386		-13285.0983
471		-2516.40224		9789.61704		-14822.42152
472		-4080.28838		7899.54329		-16060.12006
473		-1638.59462		12406.84628		-15684.03553
474		-1734.84277		10537.99439		-14007.67992
475		829.87921		14131.08819		-12471.32978
476		992.67909		14080.55741		-12095.19922
477		2395.4769		12448.28305		-7657.32924
478		2703.86708		8929.69118		-3521.95701
479		5150.99182		9637.33028		664.65336
480		5708.17039		9573.74252		1842.59825
481		5980.6226		9790.44689		2170.79831
482		6526.89635		10434.17617		2619.61654
483		5181.82934		9021.68033		1341.97835
484		4563.00572		9492.9215		-366.91006
485		5032.01621		9772.90742		291.12499
486		4847.68675		9518.6305		176.74299
487		4490.49593		9216.25129		-235.25943
488		4475.93199		8695.40282		256.46116
489		4076.22911		8357.103		-204.64478
490		3498.57568		6407.29798		589.85337
491		4511.49889		7970.0015		1052.99627
492		1983.40294		4747.27177		-780.46589
493		1967.40243		5469.20508		-1534.40021
494		1692.86049		4891.20815		-1505.48717
495		1355.23474		3383.80437		-673.33488
496		1170.97289		5269.06304		-2927.11727
497		24.14781		3714.39535		-3666.09973
498		818.515		4117.54628		-2480.51628
499		1455.0		2655.0		255.0
500		600.0		1800.0		-600.0
