step	mediator-max-opt_cov_err_sq_T_mean	mediator-max-opt_cov_err_sq_T_std_up	mediator-max-opt_cov_err_sq_T_std_down
1		8.16667		8.16667		8.16667
2		8.61333		8.85333		8.37333
3		8.41333		8.9364		7.89027
4		8.02		8.3744		7.6656
5		7.96222		8.36226		7.56219
6		7.86833		8.10422		7.63245
7		7.79644		8.06187		7.53102
8		7.77211		8.0515		7.49272
9		7.69111		7.75681		7.62541
10		7.6621		7.79294		7.53126
11		7.66686		7.81509		7.51863
12		7.68078		7.84832		7.51323
13		7.66736		7.84244		7.49228
14		7.60932		7.72507		7.49356
15		7.57636		7.67942		7.47331
16		7.54609		7.67829		7.41388
17		7.49365		7.68671		7.30058
18		7.69263		8.11263		7.27263
19		7.79963		8.42823		7.17103
20		7.60403		7.87889		7.32916
21		7.53499		7.79301		7.27697
22		7.51616		7.77075		7.26157
23		7.51045		7.76034		7.26056
24		7.33332		7.85036		6.81629
25		7.37695		7.81414		6.93976
26		7.29269		7.90427		6.68111
27		7.26408		7.91019		6.61797
28		7.22361		7.86287		6.58435
29		7.22484		7.86424		6.58545
30		7.31204		7.74061		6.88348
31		7.31731		7.75152		6.88311
32		7.32594		7.76303		6.88885
33		7.32534		7.76143		6.88924
34		7.30962		7.7273		6.89193
35		7.3007		7.72995		6.87144
36		7.25518		7.76534		6.74503
37		7.27546		7.742		6.80892
38		7.27381		7.73686		6.81076
39		7.27934		7.74126		6.81742
40		7.26809		7.71772		6.81847
41		7.26846		7.71341		6.82352
42		7.27397		7.71721		6.83074
43		7.26652		7.70694		6.8261
44		7.2645		7.7009		6.8281
45		7.25852		7.6948		6.82224
46		7.25421		7.68913		6.81928
47		7.25473		7.68685		6.8226
48		7.37132		7.9128		6.82983
49		7.36937		7.90768		6.83106
50		7.37339		7.91203		6.83476
51		7.37194		7.91273		6.83115
52		7.36237		7.90304		6.82169
53		7.37609		7.91598		6.83621
54		7.3783		7.91914		6.83746
55		7.37657		7.91317		6.83998
56		7.2435		7.73593		6.75107
57		7.26759		7.75793		6.77726
58		7.26038		7.74835		6.77241
59		7.25619		7.75326		6.75913
60		7.27724		7.74512		6.80935
61		7.27161		7.74092		6.80231
62		7.27724		7.75321		6.80128
63		7.28813		7.73912		6.83715
64		7.28744		7.73631		6.83857
65		7.28396		7.73103		6.83688
66		7.2856		7.73066		6.84055
67		7.28244		7.7313		6.83358
68		7.25386		7.74553		6.76219
69		7.23233		7.75311		6.71155
70		7.21622		7.76364		6.66881
71		7.21312		7.76656		6.65968
72		7.2154		7.76751		6.6633
73		7.23083		7.78083		6.68082
74		7.23427		7.78076		6.68779
75		7.23244		7.77399		6.6909
76		7.22171		7.7766		6.66682
77		7.21074		7.77678		6.64471
78		7.20085		7.77485		6.62685
79		7.15575		7.74387		6.56764
80		7.15811		7.75733		6.55889
81		7.16354		7.75776		6.56931
82		7.16051		7.75331		6.56771
83		7.27083		7.91327		6.62838
84		7.26638		7.91038		6.62237
85		7.10532		7.61681		6.59383
86		7.09987		7.60296		6.59678
87		7.10374		7.60743		6.60006
88		7.10986		7.61395		6.60577
89		7.11682		7.61939		6.61426
90		7.11763		7.62857		6.60669
91		7.10376		7.61382		6.5937
92		7.09921		7.61154		6.58688
93		7.10106		7.6077		6.59443
94		7.09621		7.60348		6.58895
95		7.09403		7.60205		6.58601
96		7.09467		7.60296		6.58638
97		7.09509		7.60321		6.58696
98		7.09334		7.60025		6.58643
99		7.09063		7.60081		6.58044
100		7.09422		7.59979		6.58866
101		7.09185		7.59512		6.58857
102		7.09246		7.59856		6.58636
103		7.09254		7.59293		6.59215
104		7.0938		7.59186		6.59574
105		7.0834		7.58276		6.58403
106		7.07675		7.57752		6.57598
107		7.07439		7.57329		6.57549
108		7.07645		7.57552		6.57739
109		7.07574		7.57534		6.57615
110		7.07892		7.57526		6.58258
111		7.07706		7.57869		6.57544
112		7.07624		7.58195		6.57054
113		7.07621		7.58468		6.56775
114		7.0752		7.58509		6.56531
115		7.03634		7.53969		6.53299
116		7.05215		7.55804		6.54625
117		7.04777		7.55887		6.53667
118		7.04763		7.55978		6.53547
119		7.04606		7.5596		6.53252
120		7.04671		7.56127		6.53216
121		7.04556		7.55787		6.53325
122		7.04518		7.55971		6.53066
123		7.04733		7.55777		6.53689
124		7.0485		7.55928		6.53772
125		7.04367		7.55411		6.53324
126		7.04356		7.55325		6.53387
127		7.04355		7.55285		6.53426
128		7.0387		7.54893		6.52848
129		7.02793		7.55536		6.50049
130		7.02654		7.55847		6.49461
131		7.02779		7.55942		6.49617
132		7.02827		7.55995		6.49659
133		7.02724		7.55894		6.49555
134		7.02573		7.55837		6.49309
135		7.0264		7.5582		6.49459
136		7.02667		7.55818		6.49516
137		7.02528		7.55811		6.49246
138		7.02629		7.55759		6.49499
139		7.02766		7.55745		6.49788
140		7.02626		7.55647		6.49605
141		7.03779		7.57115		6.50443
142		7.0359		7.56825		6.50355
143		7.03585		7.56843		6.50326
144		7.03639		7.56698		6.5058
145		7.0372		7.56614		6.50826
146		7.03763		7.56693		6.50834
147		7.0368		7.56728		6.50632
148		7.06895		7.59571		6.54219
149		7.06873		7.59469		6.54278
150		7.0687		7.59478		6.54262
151		7.06949		7.59572		6.54325
152		7.069		7.59519		6.54281
153		7.06925		7.59538		6.54313
154		7.06884		7.59555		6.54213
155		7.07068		7.59572		6.54564
156		7.07104		7.59721		6.54487
157		7.06634		7.59739		6.53529
158		7.06627		7.59595		6.53658
159		7.09082		7.6244		6.55724
160		7.08993		7.62404		6.55581
161		7.09157		7.62454		6.5586
162		7.09237		7.62597		6.55877
163		7.08974		7.62672		6.55276
164		7.09029		7.62659		6.55399
165		7.09027		7.62668		6.55386
166		7.09027		7.62685		6.5537
167		7.08964		7.62619		6.55309
168		7.09059		7.62629		6.55489
169		7.09057		7.62659		6.55456
170		7.091		7.62756		6.55444
171		7.09022		7.62639		6.55405
172		7.0905		7.62681		6.55419
173		7.0907		7.6268		6.5546
174		7.08988		7.62625		6.5535
175		7.08989		7.62501		6.55477
176		7.09041		7.62563		6.55519
177		7.08744		7.62218		6.55271
178		7.08105		7.61455		6.54755
179		7.04108		7.57567		6.50648
180		7.04226		7.5759		6.50861
181		7.03395		7.5694		6.49851
182		7.04136		7.57332		6.5094
183		6.98274		7.44255		6.52293
184		6.8234		7.23333		6.41348
185		6.84925		7.25158		6.44691
186		6.82078		7.23242		6.40914
187		6.77271		7.21868		6.32675
188		6.6051		7.26616		5.94405
189		6.56317		7.23871		5.88763
190		6.54171		7.22174		5.86168
191		6.47044		7.29196		5.64892
192		6.49803		7.27252		5.72354
193		6.51735		7.2968		5.73791
194		6.48242		7.32104		5.6438
195		6.46491		7.33461		5.59522
196		6.45666		7.343		5.57032
197		6.45272		7.34824		5.5572
198		6.44174		7.33632		5.54716
199		6.42957		7.33282		5.52632
200		6.43537		7.34182		5.52892
201		6.43278		7.33734		5.52822
202		6.43299		7.33771		5.52826
203		6.43323		7.33783		5.52863
204		6.43363		7.33866		5.52859
205		6.43286		7.33746		5.52827
206		6.43148		7.33616		5.52681
207		6.43205		7.33656		5.52754
208		6.43155		7.33611		5.527
209		6.43148		7.33595		5.52702
210		6.43048		7.33383		5.52713
211		6.43042		7.33401		5.52684
212		6.43111		7.33445		5.52778
213		6.43178		7.3351		5.52845
214		6.21398		7.08333		5.34463
215		6.18627		7.07441		5.29812
216		6.19752		7.07961		5.31542
217		6.19793		7.07958		5.31627
218		6.19685		7.07897		5.31474
219		6.19528		7.07777		5.3128
220		6.19712		7.0797		5.31453
221		6.19728		7.07934		5.31522
222		6.19664		7.07863		5.31465
223		6.19735		7.0796		5.31509
224		6.19775		7.07984		5.31566
225		6.19752		7.07945		5.31558
226		6.19802		7.07924		5.31681
227		6.19823		7.07996		5.3165
228		6.19813		7.08029		5.31597
229		6.19855		7.08039		5.31671
230		6.1984		7.08018		5.31661
231		6.19829		7.08016		5.31641
232		6.19882		7.08026		5.31737
233		6.19936		7.08064		5.31808
234		6.19892		7.08045		5.31739
235		6.19804		7.07993		5.31615
236		6.19676		7.0789		5.31462
237		6.19828		7.08083		5.31572
238		6.19835		7.08062		5.31608
239		6.1982		7.08055		5.31585
240		6.19842		7.08053		5.31631
241		6.20842		7.08618		5.33067
242		6.20929		7.08726		5.33132
243		6.20865		7.08724		5.33005
244		6.20683		7.08376		5.32989
245		6.20727		7.0825		5.33204
246		6.2058		7.07935		5.33226
247		6.20456		7.07668		5.33244
248		6.20541		7.07747		5.33334
249		6.2054		7.07755		5.33325
250		6.20571		7.0784		5.33302
