step	mediator-max-opt_inst_loss_mean	mediator-max-opt_inst_loss_std_up	mediator-max-opt_inst_loss_std_down
1		-8284.77136		-724.36553		-15845.17719
2		-3709.72343		2611.11342		-10030.56029
3		-4893.36152		1308.69299		-11095.41602
4		-4063.54962		2008.7539		-10135.85315
5		777.71034		9869.49877		-8314.07808
6		915.50914		10146.48197		-8315.46369
7		-850.73742		8116.82214		-9818.29698
8		-1475.46819		7959.20704		-10910.14342
9		-2133.07952		7795.39155		-12061.55059
10		-2594.0801		8196.52444		-13384.68465
11		-3233.99865		6746.34725		-13214.34456
12		-3026.56066		6709.19902		-12762.32034
13		-2251.54764		3865.7287		-8368.82399
14		-3221.83378		4592.71041		-11036.37796
15		-3801.67286		4245.64128		-11848.98701
16		-2798.13745		4903.9386		-10500.21351
17		1200.07153		7652.64508		-5252.50202
18		4724.82747		8926.07814		523.5768
19		2077.37475		6558.97703		-2404.22753
20		1969.25749		6851.14993		-2912.63495
21		3760.46088		9783.46997		-2262.54821
22		1481.17202		8917.37082		-5955.02678
23		1390.04927		7150.46135		-4370.36281
24		3498.49353		8496.54235		-1499.55528
25		3451.82179		10774.8855		-3871.24192
26		2202.41175		9671.22835		-5266.40484
27		2347.44858		8740.55905		-4045.66189
28		-266.13275		7114.99999		-7647.26549
29		-965.6157		6947.97486		-8879.20626
30		-1052.2227		7616.99913		-9721.44453
31		-1596.05118		7487.16888		-10679.27125
32		-306.63051		9815.02104		-10428.28206
33		-1704.29959		9556.05741		-12964.65659
34		-1841.95427		9402.76836		-13086.67689
35		-4074.71323		8236.54515		-16385.97161
36		-4947.11824		8021.20796		-17915.44443
37		-5215.74845		8774.74822		-19206.24512
38		-6600.87116		6621.95875		-19823.70107
39		-4444.97845		6032.13222		-14922.08913
40		-671.6718		9008.53599		-10351.87958
41		644.37574		7687.95422		-6399.20274
42		856.9366		7479.70215		-5765.82895
43		-313.16363		5773.35204		-6399.6793
44		-2062.41685		5166.52581		-9291.35951
45		-1281.85231		7502.77024		-10066.47485
46		-3335.90813		5709.77966		-12381.59592
47		-2632.61143		6819.98623		-12085.20909
48		-4641.5678		4591.57248		-13874.70808
49		-3699.33939		7223.15423		-14621.83302
50		-2102.14914		8929.21711		-13133.51538
51		-3742.97323		6712.58142		-14198.52788
52		-4003.2865		6603.60611		-14610.17911
53		-4311.49472		6797.63011		-15420.61955
54		-3864.2372		4493.72792		-12222.20232
55		-3232.61621		5261.93247		-11727.1649
56		-194.71779		9126.90173		-9516.33732
57		-1670.24522		6033.67714		-9374.16759
58		-434.28373		3691.28255		-4559.85002
59		2448.93002		8215.47054		-3317.61049
60		1174.26576		6240.88968		-3892.35815
61		1039.4605		5894.91013		-3815.98914
62		996.66001		5826.65563		-3833.3356
63		1723.29409		7641.46288		-4194.8747
64		2366.17569		6534.48177		-1802.13039
65		2481.00445		8971.29361		-4009.28471
66		1214.69302		7444.31267		-5014.92663
67		565.61871		7123.11308		-5991.87566
68		135.6413		8179.14124		-7907.85864
69		-1359.8748		6640.74078		-9360.49037
70		-1467.23228		5358.63777		-8293.10232
71		-1741.06375		6613.18942		-10095.31693
72		-997.69679		10382.93679		-12378.33038
73		-2419.56821		8725.20927		-13564.3457
74		-3232.38987		7348.60474		-13813.38449
75		-2788.60994		7892.74827		-13469.96814
76		-2233.67104		6788.63713		-11255.9792
77		-84.72701		7794.48276		-7963.93679
78		5879.03806		12839.17842		-1081.1023
79		3451.32986		10968.58719		-4065.92746
80		3074.13219		12572.64468		-6424.38031
81		2417.1586		10764.90239		-5930.58519
82		2508.59235		11543.76554		-6526.58084
83		1397.89182		9048.55975		-6252.77612
84		2592.74795		6388.80521		-1203.30931
85		1694.57645		7296.60375		-3907.45085
86		1775.50911		6938.40021		-3387.38198
87		4454.83178		7287.14919		1622.51438
88		5391.00446		9142.00258		1640.00634
89		6127.82365		8191.01872		4064.62858
90		5019.25581		8354.89843		1683.61319
91		4536.2274		6647.86897		2424.58583
92		2855.02411		6138.61244		-428.56423
93		1796.75108		4599.72211		-1006.21995
94		2929.18434		6911.75155		-1053.38288
95		5091.10616		11073.74562		-891.5333
96		4577.66509		11002.76453		-1847.43435
97		4969.71163		12319.15756		-2379.7343
98		5161.29602		12269.56123		-1946.96918
99		3379.69702		10738.10451		-3978.71046
100		3103.32173		9417.92315		-3211.27969
101		4800.90142		9521.65153		80.15131
102		3049.88852		7164.02532		-1064.24828
103		4396.93041		8135.3187		658.54212
104		2272.18813		7424.86603		-2880.48977
105		1656.69104		8561.59326		-5248.21118
106		975.57703		6639.17745		-4688.02338
107		1256.96583		7546.63063		-5032.69896
108		1617.20745		8840.68022		-5606.26533
109		-4.14521		6178.85836		-6187.14877
110		-1334.59774		6003.94866		-8673.14415
111		-1726.2508		6354.67221		-9807.17381
112		-1181.17571		7519.22526		-9881.57668
113		548.54948		7804.39752		-6707.29856
114		1279.12835		10043.09432		-7484.83762
115		208.31171		7578.26878		-7161.64536
116		-1452.9991		7214.9038		-10120.90199
117		-2175.822		6990.02793		-11341.67194
118		-1637.30654		7720.49739		-10995.11047
119		-2762.97099		8207.48059		-13733.42257
120		-3606.03605		8104.41283		-15316.48494
121		-5539.59595		6458.70642		-17537.89832
122		-4170.35361		7156.09578		-15496.803
123		-1764.84439		10300.0339		-13829.72268
124		-3222.15956		10734.79145		-17179.11056
125		-4721.98127		9559.60923		-19003.57177
126		-5165.28832		10449.91319		-20780.48984
127		-6107.26159		8576.40604		-20790.92922
128		-4470.48775		7022.26306		-15963.23855
129		-1998.77727		6702.34312		-10699.89765
130		1340.5162		7674.50995		-4993.47756
131		1346.32458		10632.5055		-7939.85634
132		75.35226		9044.99568		-8894.29117
133		71.0626		7744.66354		-7602.53835
134		1487.92522		5783.55056		-2807.70011
135		874.09641		7163.36591		-5415.17309
136		101.33147		6465.85856		-6263.19563
137		302.10146		7068.87362		-6464.6707
138		4446.3789		13462.16648		-4569.40868
139		2290.04492		11909.88432		-7329.79449
140		1206.96858		11091.54173		-8677.60457
141		617.47927		10726.83997		-9491.88143
142		321.9024		9641.87869		-8998.0739
143		-1074.67851		9799.29431		-11948.65133
144		-1112.53898		9443.75238		-11668.83035
145		-380.7049		6429.15576		-7190.56555
146		-1478.31917		7460.46852		-10417.10687
147		-1513.91927		9909.72319		-12937.56173
148		-128.96236		13860.63295		-14118.55766
149		-1427.1196		12465.95254		-15320.19174
150		-936.96349		12626.27638		-14500.20337
151		-2701.6088		9545.0687		-14948.2863
152		-383.03557		9301.95316		-10068.02431
153		3142.14744		10195.6176		-3911.32273
154		2317.58739		11327.40579		-6692.231
155		2534.69601		9634.29072		-4564.89871
156		1529.51077		10119.63231		-7060.61077
157		2245.94173		10178.14967		-5686.2662
158		3087.88172		9032.71529		-2856.95185
159		5076.48833		11230.65324		-1077.67658
160		4100.94024		10465.80654		-2263.92606
161		2974.94769		10234.63335		-4284.73797
162		3646.32975		11827.10616		-4534.44666
163		2468.88077		10995.37722		-6057.61567
164		1390.28446		9707.66193		-6927.09301
165		282.44949		9054.44479		-8489.54581
166		1362.71203		9303.01905		-6577.59499
167		1237.82485		11575.6204		-9099.9707
168		-93.91712		10077.55682		-10265.39105
169		487.51596		11259.31689		-10284.28497
170		1187.35294		10877.32273		-8502.61685
171		-1193.16801		8896.32585		-11282.66187
172		-1787.28319		7193.10861		-10767.67499
173		82.3625		6751.49396		-6586.76895
174		2672.57175		9297.61559		-3952.4721
175		1409.67805		8399.87579		-5580.51969
176		114.51051		8655.82291		-8426.8019
177		84.75205		8491.17779		-8321.67368
178		-630.4577		8283.57222		-9544.48763
179		-1383.3101		7956.03083		-10722.65104
180		-2175.78636		6768.64993		-11120.22264
181		-2360.28122		6990.41385		-11710.9763
182		39.64249		11866.17378		-11786.88879
183		681.71253		11769.05594		-10405.63088
184		2041.46053		13160.29363		-9077.37256
185		2823.08352		15914.1344		-10267.96737
186		1701.40751		13204.43159		-9801.61657
187		4475.92832		13703.87415		-4752.01751
188		2624.06296		12681.55011		-7433.42419
189		4797.45365		15258.80444		-5663.89715
190		6274.71398		13512.43897		-963.011
191		5334.70536		13483.30856		-2813.89785
192		5431.91054		15126.18583		-4262.36475
193		4954.08212		14877.80475		-4969.64052
194		5107.45646		15814.02842		-5599.11551
195		5241.36984		16768.74227		-6286.00259
196		5354.79699		16394.96205		-5685.36806
197		5699.95173		16061.69787		-4661.7944
198		5119.42921		17658.02984		-7419.17143
199		4118.62967		15389.24483		-7151.98549
200		6244.01384		14355.38744		-1867.35977
201		8580.38261		13361.26623		3799.49898
202		11655.20556		14642.8386		8667.57251
203		8820.09534		11358.82852		6281.36217
204		9220.96721		11914.57049		6527.36393
205		7263.40522		8939.69286		5587.11758
206		7510.70299		9853.0379		5168.36809
207		7870.18188		9656.4594		6083.90437
208		7691.44705		11738.03373		3644.86038
209		6070.55874		9712.55629		2428.56119
210		6254.97362		10655.03211		1854.91513
211		6780.07449		12903.53583		656.61316
212		4582.96937		9705.3132		-539.37446
213		5069.93711		11360.62593		-1220.75171
214		3355.35746		8740.07911		-2029.36419
215		1749.4299		7908.49356		-4409.63377
216		1599.60734		8249.8001		-5050.58541
217		1438.98651		8392.24984		-5514.27681
218		1579.94068		8891.40664		-5731.52528
219		811.37702		8475.36152		-6852.60749
220		375.36169		9404.69986		-8653.97648
221		-135.2435		7765.81579		-8036.30279
222		17.25753		9313.26926		-9278.7542
223		-1939.17973		6771.90518		-10650.26464
224		-1745.23647		8469.51162		-11959.98457
225		-3868.584		5076.1018		-12813.2698
226		-3162.44229		5319.11661		-11644.00119
227		-4100.19621		4209.4866		-12409.87901
228		-3652.68805		2935.96835		-10241.34446
229		-2229.5783		3989.23835		-8448.39494
230		-3897.8116		2865.66172		-10661.28493
231		-1362.17473		6324.33155		-9048.68101
232		-1354.62232		8409.13075		-11118.37539
233		-2424.54907		5861.40293		-10710.50107
234		-1480.95405		6524.79939		-9486.70749
235		336.38642		11609.79203		-10937.0192
236		-1585.72324		9016.27093		-12187.71741
237		-1372.82183		9010.15961		-11755.80328
238		-1428.79439		8337.71995		-11195.30872
239		237.59642		7663.01017		-7187.81734
240		1377.21755		5716.51387		-2962.07877
241		3840.54144		8777.95219		-1096.86931
242		2704.70673		5569.7964		-160.38294
243		3842.9977		6334.72646		1351.26893
244		2531.37327		4331.21832		731.52823
245		2395.06982		4819.74993		-29.61028
246		2026.94195		4271.44966		-217.56577
247		1142.18595		2076.83688		207.53502
248		732.7825		1434.90429		30.66071
249		342.0		760.86275		-76.86275
250		1200.0		2669.69385		-269.69385
