episode	mediator-max-opt_reward_mean	mediator-max-opt_reward_std_up	mediator-max-opt_reward_std_down
1		0.0		0.0		0.0
2		2000.0		6000.0		-2000.0
3		2000.0		6000.0		-2000.0
4		2000.0		6000.0		-2000.0
5		2000.0		6000.0		-2000.0
6		4000.0		8898.97949		-898.97949
7		4000.0		8898.97949		-898.97949
8		4000.0		8898.97949		-898.97949
9		4000.0		8898.97949		-898.97949
10		4000.0		8898.97949		-898.97949
11		4000.0		8898.97949		-898.97949
12		4000.0		8898.97949		-898.97949
13		4000.0		8898.97949		-898.97949
14		4000.0		8898.97949		-898.97949
15		4000.0		8898.97949		-898.97949
16		4000.0		8898.97949		-898.97949
17		4000.0		8898.97949		-898.97949
18		4000.0		8898.97949		-898.97949
19		4000.0		8898.97949		-898.97949
20		4000.0		8898.97949		-898.97949
21		4000.0		8898.97949		-898.97949
22		4000.0		8898.97949		-898.97949
23		4000.0		8898.97949		-898.97949
24		4000.0		8898.97949		-898.97949
25		4000.0		8898.97949		-898.97949
26		6000.0		14000.0		-2000.0
27		8000.0		17797.95897		-1797.95897
28		8000.0		17797.95897		-1797.95897
29		8000.0		17797.95897		-1797.95897
30		8000.0		17797.95897		-1797.95897
31		8000.0		17797.95897		-1797.95897
32		8000.0		17797.95897		-1797.95897
33		10000.0		18944.27191		1055.72809
34		10000.0		18944.27191		1055.72809
35		10000.0		18944.27191		1055.72809
36		12000.0		23661.90379		338.09621
37		12000.0		23661.90379		338.09621
38		14000.0		26000.0		2000.0
39		14000.0		26000.0		2000.0
40		14000.0		26000.0		2000.0
41		14000.0		26000.0		2000.0
42		14000.0		26000.0		2000.0
43		18000.0		34000.0		2000.0
44		18000.0		34000.0		2000.0
45		18000.0		34000.0		2000.0
46		18000.0		34000.0		2000.0
47		18000.0		34000.0		2000.0
48		18000.0		34000.0		2000.0
49		20000.0		34142.13562		5857.86438
50		20000.0		34142.13562		5857.86438
51		20000.0		34142.13562		5857.86438
52		20000.0		34142.13562		5857.86438
53		20000.0		34142.13562		5857.86438
54		20000.0		34142.13562		5857.86438
55		22000.0		35266.49916		8733.50084
56		22000.0		35266.49916		8733.50084
57		22000.0		35266.49916		8733.50084
58		22000.0		35266.49916		8733.50084
59		22000.0		35266.49916		8733.50084
60		24000.0		40248.07681		7751.92319
61		26000.0		43435.59577		8564.40423
62		26000.0		43435.59577		8564.40423
63		26000.0		43435.59577		8564.40423
64		26000.0		43435.59577		8564.40423
65		26000.0		43435.59577		8564.40423
66		26000.0		43435.59577		8564.40423
67		28000.0		48396.07805		7603.92195
68		28000.0		48396.07805		7603.92195
69		30000.0		47888.54382		12111.45618
70		30000.0		47888.54382		12111.45618
71		30000.0		47888.54382		12111.45618
72		34000.0		51435.59577		16564.40423
73		34000.0		51435.59577		16564.40423
74		34000.0		51435.59577		16564.40423
75		34000.0		51435.59577		16564.40423
76		38000.0		57390.71943		18609.28057
77		40000.0		62803.5085		17196.4915
78		40000.0		62803.5085		17196.4915
79		40000.0		62803.5085		17196.4915
80		42000.0		63354.1565		20645.8435
81		44000.0		64591.26028		23408.73972
82		46000.0		66591.26028		25408.73972
83		46000.0		66591.26028		25408.73972
84		48000.0		66330.30278		29669.69722
85		50000.0		66733.20053		33266.79947
86		54000.0		70248.07681		37751.92319
87		56000.0		73435.59577		38564.40423
88		56000.0		73435.59577		38564.40423
89		56000.0		73435.59577		38564.40423
90		56000.0		73435.59577		38564.40423
91		56000.0		73435.59577		38564.40423
92		56000.0		73435.59577		38564.40423
93		56000.0		73435.59577		38564.40423
94		56000.0		73435.59577		38564.40423
95		56000.0		73435.59577		38564.40423
96		56000.0		73435.59577		38564.40423
97		56000.0		73435.59577		38564.40423
98		56000.0		73435.59577		38564.40423
99		56000.0		73435.59577		38564.40423
100		56000.0		73435.59577		38564.40423
101		56000.0		73435.59577		38564.40423
102		58000.0		77390.71943		38609.28057
103		60000.0		81908.9023		38091.0977
104		62000.0		86819.34729		37180.65271
105		62000.0		86819.34729		37180.65271
106		62000.0		86819.34729		37180.65271
107		62000.0		86819.34729		37180.65271
108		62000.0		86819.34729		37180.65271
109		64000.0		88166.09195		39833.90805
110		66000.0		90166.09195		41833.90805
111		66000.0		90166.09195		41833.90805
112		68000.0		89354.1565		46645.8435
113		70000.0		90000.0		50000.0
114		72000.0		91390.71943		52609.28057
115		76000.0		95595.91794		56404.08206
116		76000.0		95595.91794		56404.08206
117		76000.0		95595.91794		56404.08206
118		76000.0		95595.91794		56404.08206
119		78000.0		94000.0		62000.0
120		78000.0		94000.0		62000.0
121		80000.0		96733.20053		63266.79947
122		82000.0		100330.30278		63669.69722
123		82000.0		100330.30278		63669.69722
124		82000.0		100330.30278		63669.69722
125		82000.0		100330.30278		63669.69722
126		82000.0		100330.30278		63669.69722
127		84000.0		102547.23699		65452.76301
128		84000.0		102547.23699		65452.76301
129		84000.0		102547.23699		65452.76301
130		84000.0		102547.23699		65452.76301
131		86000.0		100966.62955		71033.37045
132		86000.0		100966.62955		71033.37045
133		86000.0		100966.62955		71033.37045
134		86000.0		100966.62955		71033.37045
135		86000.0		100966.62955		71033.37045
136		88000.0		105204.65053		70795.34947
137		88000.0		105204.65053		70795.34947
138		90000.0		104142.13562		75857.86438
139		94000.0		108966.62955		79033.37045
140		96000.0		110966.62955		81033.37045
141		96000.0		110966.62955		81033.37045
142		96000.0		110966.62955		81033.37045
143		96000.0		110966.62955		81033.37045
144		98000.0		114000.0		82000.0
145		98000.0		114000.0		82000.0
146		98000.0		114000.0		82000.0
147		98000.0		114000.0		82000.0
148		98000.0		114000.0		82000.0
149		98000.0		114000.0		82000.0
150		98000.0		114000.0		82000.0
151		98000.0		114000.0		82000.0
152		98000.0		114000.0		82000.0
153		98000.0		114000.0		82000.0
154		98000.0		114000.0		82000.0
155		98000.0		114000.0		82000.0
156		98000.0		114000.0		82000.0
157		98000.0		114000.0		82000.0
158		102000.0		119204.65053		84795.34947
159		104000.0		121435.59577		86564.40423
160		106000.0		124547.23699		87452.76301
161		108000.0		128396.07805		87603.92195
162		108000.0		128396.07805		87603.92195
163		108000.0		128396.07805		87603.92195
164		108000.0		128396.07805		87603.92195
165		112000.0		131390.71943		92609.28057
166		114000.0		130248.07681		97751.92319
167		116000.0		133435.59577		98564.40423
168		118000.0		135204.65053		100795.34947
169		120000.0		140000.0		100000.0
170		122000.0		145151.67381		98848.32619
171		122000.0		145151.67381		98848.32619
172		124000.0		144591.26028		103408.73972
173		124000.0		144591.26028		103408.73972
174		128000.0		152819.34729		103180.65271
175		130000.0		158284.27125		101715.72875
176		130000.0		158284.27125		101715.72875
177		130000.0		158284.27125		101715.72875
178		130000.0		158284.27125		101715.72875
179		132000.0		161257.47768		102742.52232
180		134000.0		164724.58299		103275.41701
181		136000.0		168619.01286		103380.98714
182		136000.0		168619.01286		103380.98714
183		136000.0		168619.01286		103380.98714
184		136000.0		168619.01286		103380.98714
185		136000.0		168619.01286		103380.98714
186		136000.0		168619.01286		103380.98714
187		136000.0		168619.01286		103380.98714
188		140000.0		170331.50178		109668.49822
189		142000.0		171257.47768		112742.52232
190		142000.0		171257.47768		112742.52232
191		142000.0		171257.47768		112742.52232
192		142000.0		171257.47768		112742.52232
193		142000.0		171257.47768		112742.52232
194		142000.0		171257.47768		112742.52232
195		142000.0		171257.47768		112742.52232
196		144000.0		175368.77428		112631.22572
197		144000.0		175368.77428		112631.22572
198		144000.0		175368.77428		112631.22572
199		146000.0		174705.40019		117294.59981
200		148000.0		175856.77655		120143.22345
201		148000.0		175856.77655		120143.22345
202		148000.0		175856.77655		120143.22345
203		148000.0		175856.77655		120143.22345
204		148000.0		175856.77655		120143.22345
205		148000.0		175856.77655		120143.22345
206		148000.0		175856.77655		120143.22345
207		148000.0		175856.77655		120143.22345
208		148000.0		175856.77655		120143.22345
209		150000.0		176832.81573		123167.18427
210		150000.0		176832.81573		123167.18427
211		150000.0		176832.81573		123167.18427
212		150000.0		176832.81573		123167.18427
213		150000.0		176832.81573		123167.18427
214		150000.0		176832.81573		123167.18427
215		152000.0		178381.81192		125618.18808
216		154000.0		180532.99832		127467.00168
217		154000.0		180532.99832		127467.00168
218		154000.0		180532.99832		127467.00168
219		154000.0		180532.99832		127467.00168
220		154000.0		180532.99832		127467.00168
221		156000.0		179323.80758		132676.19242
222		156000.0		179323.80758		132676.19242
223		156000.0		179323.80758		132676.19242
224		156000.0		179323.80758		132676.19242
225		156000.0		179323.80758		132676.19242
226		156000.0		179323.80758		132676.19242
227		158000.0		183612.49695		132387.50305
228		160000.0		188284.27125		131715.72875
229		160000.0		188284.27125		131715.72875
230		162000.0		191933.25909		132066.74091
231		162000.0		191933.25909		132066.74091
232		162000.0		191933.25909		132066.74091
233		162000.0		191933.25909		132066.74091
234		164000.0		196619.01286		131380.98714
235		164000.0		196619.01286		131380.98714
236		164000.0		196619.01286		131380.98714
237		164000.0		196619.01286		131380.98714
238		164000.0		196619.01286		131380.98714
239		164000.0		196619.01286		131380.98714
240		164000.0		196619.01286		131380.98714
241		164000.0		196619.01286		131380.98714
242		164000.0		196619.01286		131380.98714
243		164000.0		196619.01286		131380.98714
244		164000.0		196619.01286		131380.98714
245		166000.0		200409.30107		131590.69893
246		166000.0		200409.30107		131590.69893
247		166000.0		200409.30107		131590.69893
248		166000.0		200409.30107		131590.69893
249		168000.0		204551.33376		131448.66624
250		170000.0		208987.17738		131012.82262
251		170000.0		208987.17738		131012.82262
252		170000.0		208987.17738		131012.82262
253		170000.0		208987.17738		131012.82262
254		170000.0		208987.17738		131012.82262
255		170000.0		208987.17738		131012.82262
256		170000.0		208987.17738		131012.82262
257		170000.0		208987.17738		131012.82262
258		172000.0		210678.15921		133321.84079
259		172000.0		210678.15921		133321.84079
260		172000.0		210678.15921		133321.84079
261		172000.0		210678.15921		133321.84079
262		172000.0		210678.15921		133321.84079
263		172000.0		210678.15921		133321.84079
264		172000.0		210678.15921		133321.84079
265		174000.0		211202.15048		136797.84952
266		174000.0		211202.15048		136797.84952
267		176000.0		210409.30107		141590.69893
268		178000.0		209874.7549		146125.2451
269		180000.0		210331.50178		149668.49822
270		182000.0		211257.47768		152742.52232
271		182000.0		211257.47768		152742.52232
272		182000.0		211257.47768		152742.52232
273		182000.0		211257.47768		152742.52232
274		182000.0		211257.47768		152742.52232
275		182000.0		211257.47768		152742.52232
276		182000.0		211257.47768		152742.52232
277		182000.0		211257.47768		152742.52232
278		182000.0		211257.47768		152742.52232
279		182000.0		211257.47768		152742.52232
280		182000.0		211257.47768		152742.52232
281		184000.0		216000.0		152000.0
282		184000.0		216000.0		152000.0
283		184000.0		216000.0		152000.0
284		184000.0		216000.0		152000.0
285		184000.0		216000.0		152000.0
286		186000.0		219823.06905		152176.93095
287		186000.0		219823.06905		152176.93095
288		186000.0		219823.06905		152176.93095
289		188000.0		224551.33376		151448.66624
290		188000.0		224551.33376		151448.66624
291		188000.0		224551.33376		151448.66624
292		190000.0		225777.08764		154222.91236
293		192000.0		227440.09029		156559.90971
294		194000.0		229552.77767		158447.22233
295		194000.0		229552.77767		158447.22233
296		194000.0		229552.77767		158447.22233
297		194000.0		229552.77767		158447.22233
298		194000.0		229552.77767		158447.22233
299		194000.0		229552.77767		158447.22233
300		194000.0		229552.77767		158447.22233
301		196000.0		230409.30107		161590.69893
302		198000.0		231704.59909		164295.40091
303		198000.0		231704.59909		164295.40091
304		200000.0		230331.50178		169668.49822
305		200000.0		230331.50178		169668.49822
306		200000.0		230331.50178		169668.49822
307		200000.0		230331.50178		169668.49822
308		200000.0		230331.50178		169668.49822
309		200000.0		230331.50178		169668.49822
310		200000.0		230331.50178		169668.49822
311		200000.0		230331.50178		169668.49822
312		200000.0		230331.50178		169668.49822
313		202000.0		232594.11708		171405.88292
314		206000.0		239823.06905		172176.93095
315		208000.0		242871.19155		173128.80845
316		208000.0		242871.19155		173128.80845
317		208000.0		242871.19155		173128.80845
318		208000.0		242871.19155		173128.80845
319		208000.0		242871.19155		173128.80845
320		208000.0		242871.19155		173128.80845
321		208000.0		242871.19155		173128.80845
322		208000.0		242871.19155		173128.80845
323		208000.0		242871.19155		173128.80845
324		208000.0		242871.19155		173128.80845
325		210000.0		246331.80425		173668.19575
326		212000.0		250157.56806		173842.43194
327		212000.0		250157.56806		173842.43194
328		214000.0		252781.43886		175218.56114
329		216000.0		255799.49748		176200.50252
330		216000.0		255799.49748		176200.50252
331		216000.0		255799.49748		176200.50252
332		216000.0		255799.49748		176200.50252
333		218000.0		259665.33331		176334.66669
334		220000.0		263817.8046		176182.1954
335		222000.0		268216.88003		175783.11997
336		222000.0		268216.88003		175783.11997
337		222000.0		268216.88003		175783.11997
338		222000.0		268216.88003		175783.11997
339		222000.0		268216.88003		175783.11997
340		222000.0		268216.88003		175783.11997
341		222000.0		268216.88003		175783.11997
342		222000.0		268216.88003		175783.11997
343		222000.0		268216.88003		175783.11997
344		222000.0		268216.88003		175783.11997
345		222000.0		268216.88003		175783.11997
346		222000.0		268216.88003		175783.11997
347		222000.0		268216.88003		175783.11997
348		222000.0		268216.88003		175783.11997
349		222000.0		268216.88003		175783.11997
350		222000.0		268216.88003		175783.11997
351		222000.0		268216.88003		175783.11997
352		222000.0		268216.88003		175783.11997
353		222000.0		268216.88003		175783.11997
354		222000.0		268216.88003		175783.11997
355		222000.0		268216.88003		175783.11997
356		222000.0		268216.88003		175783.11997
357		222000.0		268216.88003		175783.11997
358		224000.0		271581.50901		176418.49099
359		224000.0		271581.50901		176418.49099
360		224000.0		271581.50901		176418.49099
361		224000.0		271581.50901		176418.49099
362		224000.0		271581.50901		176418.49099
363		224000.0		271581.50901		176418.49099
364		224000.0		271581.50901		176418.49099
365		224000.0		271581.50901		176418.49099
366		224000.0		271581.50901		176418.49099
367		224000.0		271581.50901		176418.49099
368		224000.0		271581.50901		176418.49099
369		224000.0		271581.50901		176418.49099
370		224000.0		271581.50901		176418.49099
371		224000.0		271581.50901		176418.49099
372		224000.0		271581.50901		176418.49099
373		224000.0		271581.50901		176418.49099
374		224000.0		271581.50901		176418.49099
375		224000.0		271581.50901		176418.49099
376		224000.0		271581.50901		176418.49099
377		224000.0		271581.50901		176418.49099
378		224000.0		271581.50901		176418.49099
379		226000.0		272303.34761		179696.65239
380		226000.0		272303.34761		179696.65239
381		226000.0		272303.34761		179696.65239
382		226000.0		272303.34761		179696.65239
383		226000.0		272303.34761		179696.65239
384		226000.0		272303.34761		179696.65239
385		228000.0		275074.40918		180925.59082
386		228000.0		275074.40918		180925.59082
387		228000.0		275074.40918		180925.59082
388		228000.0		275074.40918		180925.59082
389		228000.0		275074.40918		180925.59082
390		228000.0		275074.40918		180925.59082
391		228000.0		275074.40918		180925.59082
392		228000.0		275074.40918		180925.59082
393		228000.0		275074.40918		180925.59082
394		230000.0		279396.35614		180603.64386
395		232000.0		280332.18389		183667.81611
396		232000.0		280332.18389		183667.81611
397		232000.0		280332.18389		183667.81611
398		232000.0		280332.18389		183667.81611
399		232000.0		280332.18389		183667.81611
400		232000.0		280332.18389		183667.81611
401		232000.0		280332.18389		183667.81611
402		234000.0		283234.1345		184765.8655
403		234000.0		283234.1345		184765.8655
404		234000.0		283234.1345		184765.8655
405		234000.0		283234.1345		184765.8655
406		234000.0		283234.1345		184765.8655
407		234000.0		283234.1345		184765.8655
408		234000.0		283234.1345		184765.8655
409		234000.0		283234.1345		184765.8655
410		234000.0		283234.1345		184765.8655
411		234000.0		283234.1345		184765.8655
412		234000.0		283234.1345		184765.8655
413		234000.0		283234.1345		184765.8655
414		234000.0		283234.1345		184765.8655
415		236000.0		286438.08085		185561.91915
416		236000.0		286438.08085		185561.91915
417		236000.0		286438.08085		185561.91915
418		236000.0		286438.08085		185561.91915
419		238000.0		290687.75949		185312.24051
420		240000.0		291768.71642		188231.28358
421		242000.0		293146.84741		190853.15259
422		244000.0		294833.06011		193166.93989
423		246000.0		296833.06011		195166.93989
424		246000.0		296833.06011		195166.93989
425		246000.0		296833.06011		195166.93989
426		246000.0		296833.06011		195166.93989
427		246000.0		296833.06011		195166.93989
428		246000.0		296833.06011		195166.93989
429		248000.0		299923.01994		196076.98006
430		250000.0		303291.65038		196708.34962
431		252000.0		306918.12087		197081.87913
432		252000.0		306918.12087		197081.87913
433		252000.0		306918.12087		197081.87913
434		252000.0		306918.12087		197081.87913
435		252000.0		306918.12087		197081.87913
436		254000.0		310780.27827		197219.72173
437		256000.0		312780.27827		199219.72173
438		258000.0		315061.37047		200938.62953
439		258000.0		315061.37047		200938.62953
440		258000.0		315061.37047		200938.62953
441		258000.0		315061.37047		200938.62953
442		258000.0		315061.37047		200938.62953
443		262000.0		321126.982		202873.018
444		264000.0		323194.59435		204805.40565
445		264000.0		323194.59435		204805.40565
446		264000.0		323194.59435		204805.40565
447		266000.0		326860.49622		205139.50378
448		268000.0		330737.54857		205262.45143
449		268000.0		330737.54857		205262.45143
450		268000.0		330737.54857		205262.45143
451		268000.0		330737.54857		205262.45143
452		270000.0		334807.40698		205192.59302
453		272000.0		339052.21846		204947.78154
454		272000.0		339052.21846		204947.78154
455		272000.0		339052.21846		204947.78154
456		272000.0		339052.21846		204947.78154
457		272000.0		339052.21846		204947.78154
458		272000.0		339052.21846		204947.78154
459		274000.0		341409.19819		206590.80181
460		276000.0		344000.0		208000.0
461		278000.0		346818.60214		209181.39786
462		278000.0		346818.60214		209181.39786
463		278000.0		346818.60214		209181.39786
464		278000.0		346818.60214		209181.39786
465		278000.0		346818.60214		209181.39786
466		278000.0		346818.60214		209181.39786
467		280000.0		345115.28238		214884.71762
468		282000.0		346930.73232		217069.26768
469		282000.0		346930.73232		217069.26768
470		282000.0		346930.73232		217069.26768
471		284000.0		345188.23416		222811.76584
472		284000.0		345188.23416		222811.76584
473		284000.0		345188.23416		222811.76584
474		284000.0		345188.23416		222811.76584
475		288000.0		346446.55678		229553.44322
476		290000.0		349665.73556		230334.26444
477		290000.0		349665.73556		230334.26444
478		290000.0		349665.73556		230334.26444
479		290000.0		349665.73556		230334.26444
480		292000.0		348000.0		236000.0
481		292000.0		348000.0		236000.0
482		292000.0		348000.0		236000.0
483		292000.0		348000.0		236000.0
484		294000.0		350780.27827		237219.72173
485		294000.0		350780.27827		237219.72173
486		294000.0		350780.27827		237219.72173
487		294000.0		350780.27827		237219.72173
488		294000.0		350780.27827		237219.72173
489		294000.0		350780.27827		237219.72173
490		294000.0		350780.27827		237219.72173
491		294000.0		350780.27827		237219.72173
492		294000.0		350780.27827		237219.72173
493		294000.0		350780.27827		237219.72173
494		294000.0		350780.27827		237219.72173
495		294000.0		350780.27827		237219.72173
496		294000.0		350780.27827		237219.72173
497		294000.0		350780.27827		237219.72173
498		294000.0		350780.27827		237219.72173
499		294000.0		350780.27827		237219.72173
500		294000.0		350780.27827		237219.72173
