episode	mediator-max-opt_runtime_mean	mediator-max-opt_runtime_std_up	mediator-max-opt_runtime_std_down
1		0.00018		0.00023		0.00013
2		0.41788		0.4465		0.38927
3		0.74748		0.84959		0.64537
4		1.06167		1.21987		0.90347
5		1.2391		1.47102		1.00718
6		1.35222		1.69018		1.01426
7		1.49762		1.92261		1.07263
8		1.60174		2.11621		1.08728
9		1.64978		2.19787		1.10169
10		1.80572		2.42218		1.18927
11		1.98858		2.75555		1.22161
12		2.19855		3.00687		1.39024
13		2.29442		3.08339		1.50545
14		2.47622		3.36095		1.59148
15		2.56258		3.52227		1.60289
16		2.6858		3.70922		1.66237
17		2.86695		3.94962		1.78428
18		2.97761		4.08895		1.86628
19		3.07198		4.25013		1.89383
20		3.16426		4.41413		1.9144
21		3.21268		4.49039		1.93497
22		3.26829		4.6067		1.92988
23		3.35447		4.74339		1.96556
24		3.5336		5.05595		2.01125
25		3.70447		5.30143		2.10751
26		3.83043		5.47459		2.18627
27		3.843		5.48331		2.20269
28		4.04239		5.82053		2.26425
29		4.19755		6.06575		2.32935
30		4.29747		6.21475		2.38019
31		4.4058		6.3258		2.48581
32		4.55459		6.45709		2.65208
33		4.69476		6.6012		2.78831
34		4.80268		6.77161		2.83375
35		4.99573		6.94276		3.04871
36		5.15554		7.10539		3.20569
37		5.26419		7.22912		3.29925
38		5.38147		7.30707		3.45588
39		5.48471		7.46919		3.50022
40		5.58777		7.63312		3.54243
41		5.71197		7.79806		3.62588
42		5.84476		7.96691		3.7226
43		5.94109		8.11261		3.76957
44		5.98699		8.19691		3.77707
45		6.05233		8.31745		3.78721
46		6.20648		8.46393		3.94904
47		6.39141		8.64253		4.1403
48		6.61738		8.8587		4.37607
49		6.78705		9.02987		4.54423
50		6.89433		9.20021		4.58845
51		7.02786		9.35303		4.70268
52		7.12475		9.50234		4.74717
53		7.25689		9.65615		4.85764
54		7.39768		9.82595		4.96942
55		7.48964		9.93174		5.04753
56		7.58154		10.02122		5.14186
57		7.66893		10.08749		5.25037
58		7.76953		10.2032		5.33587
59		7.81595		10.24462		5.38728
60		7.87991		10.30094		5.45888
61		8.0068		10.47036		5.54325
62		8.13879		10.62972		5.64787
63		8.36577		10.84057		5.89096
64		8.48575		10.98438		5.98712
65		8.61782		11.11878		6.11686
66		8.69134		11.17124		6.21144
67		8.84945		11.26889		6.43001
68		8.95325		11.33826		6.56824
69		9.1479		11.45234		6.84346
70		9.29681		11.55209		7.04154
71		9.44702		11.65969		7.23436
72		9.65532		11.83885		7.47179
73		9.77429		11.94667		7.6019
74		9.94779		12.07028		7.82529
75		10.13814		12.26877		8.0075
76		10.31838		12.46071		8.17606
77		10.40781		12.52319		8.29243
78		10.52637		12.62955		8.42319
79		10.66781		12.7935		8.54211
80		10.77705		12.96893		8.58516
81		10.96111		13.18181		8.74042
82		11.20431		13.48372		8.92491
83		11.33818		13.66792		9.00845
84		11.5243		13.88211		9.16648
85		11.70087		14.11678		9.28495
86		11.84623		14.23759		9.45486
87		12.02625		14.45682		9.59568
88		12.24637		14.75046		9.74228
89		12.39228		14.88146		9.9031
90		12.57		15.12774		10.01226
91		12.69019		15.32806		10.05232
92		12.80312		15.49041		10.11583
93		13.00605		15.74433		10.26777
94		13.17241		15.93589		10.40892
95		13.36396		16.21838		10.50954
96		13.50443		16.34695		10.66191
97		13.69601		16.55988		10.83214
98		13.84485		16.71896		10.97073
99		13.98695		16.86874		11.10516
100		14.07232		17.01591		11.12874
101		14.20833		17.158		11.25866
102		14.36131		17.36286		11.35975
103		14.48635		17.49148		11.48122
104		14.68832		17.74397		11.63267
105		14.9486		18.11187		11.78532
106		15.11229		18.30757		11.91701
107		15.32938		18.63769		12.02107
108		15.52363		18.89131		12.15596
109		15.61783		19.05511		12.18055
110		15.81419		19.31206		12.31631
111		15.98726		19.52883		12.44568
112		16.08454		19.5775		12.59158
113		16.26092		19.76414		12.75771
114		16.40459		20.0243		12.78488
115		16.61311		20.29344		12.93278
116		16.75225		20.46607		13.03843
117		16.91746		20.64542		13.1895
118		17.13377		20.92783		13.33971
119		17.28683		21.09011		13.48354
120		17.41741		21.25742		13.5774
121		17.5357		21.37198		13.69942
122		17.65354		21.48736		13.81972
123		17.77306		21.59437		13.95174
124		17.88093		21.79678		13.96507
125		18.05271		22.01604		14.08938
126		18.19779		22.14213		14.25346
127		18.294		22.24658		14.34142
128		18.46642		22.49018		14.44265
129		18.59447		22.69336		14.49558
130		18.71117		22.74778		14.67456
131		18.85976		22.82396		14.89557
132		18.99704		22.89699		15.09709
133		19.15102		22.96987		15.33216
134		19.27043		23.04663		15.49422
135		19.39738		23.08882		15.70595
136		19.53156		23.14346		15.91965
137		19.62881		23.20163		16.05598
138		19.78352		23.2851		16.28195
139		19.9602		23.49431		16.4261
140		20.13854		23.74481		16.53226
141		20.378		23.96398		16.79202
142		20.47886		24.05602		16.90171
143		20.68119		24.33288		17.02951
144		20.86953		24.42995		17.3091
145		21.0659		24.6821		17.4497
146		21.27177		24.95826		17.58528
147		21.33087		25.02522		17.63652
148		21.4664		25.30149		17.63131
149		21.66031		25.36687		17.95376
150		21.83074		25.59416		18.06732
151		21.96677		25.65768		18.27586
152		22.16713		25.92638		18.40787
153		22.29549		25.99137		18.59962
154		22.40769		26.04025		18.77514
155		22.68817		26.3305		19.04584
156		22.96523		26.62515		19.3053
157		23.17059		26.84374		19.49744
158		23.35727		27.11409		19.60046
159		23.51317		27.14776		19.87858
160		23.66114		27.38609		19.93619
161		23.92398		27.66941		20.17855
162		24.16148		27.93671		20.38626
163		24.4512		28.25256		20.64983
164		24.56426		28.41791		20.7106
165		24.77461		28.51893		21.03028
166		24.93089		28.65938		21.2024
167		25.04278		28.76168		21.32388
168		25.17595		28.8824		21.46949
169		25.35339		29.14001		21.56678
170		25.5298		29.40058		21.65902
171		25.53826		29.4076		21.66893
172		25.68506		29.47861		21.89151
173		25.97081		29.78343		22.15818
174		26.23745		30.09399		22.3809
175		26.44965		30.25894		22.64036
176		26.57619		30.38361		22.76877
177		26.81744		30.6783		22.95658
178		26.99123		30.95391		23.02854
179		27.12284		31.02442		23.22126
180		27.26297		31.27184		23.25411
181		27.49497		31.5663		23.42364
182		27.59293		31.7827		23.40317
183		27.89796		32.11428		23.68165
184		28.13203		32.40341		23.86065
185		28.32665		32.5625		24.0908
186		28.59135		32.87716		24.30554
187		28.75979		33.13924		24.38035
188		28.90205		33.23221		24.57188
189		29.09448		33.51257		24.67638
190		29.34325		33.82234		24.86415
191		29.57415		34.12754		25.02076
192		29.83891		34.44081		25.23701
193		30.08333		34.75542		25.41125
194		30.27902		35.00519		25.55286
195		30.51862		35.2939		25.74334
196		30.73742		35.48316		25.99167
197		30.93655		35.6702		26.20289
198		31.10683		35.83381		26.37985
199		31.27068		36.00841		26.53296
200		31.4437		36.08517		26.80223
201		31.59427		36.18194		27.00661
202		31.77115		36.31329		27.22901
203		31.98101		36.49495		27.46706
204		32.12301		36.64409		27.60193
205		32.32467		36.8135		27.83585
206		32.5232		36.98092		28.06548
207		32.73057		37.15632		28.30482
208		32.83862		37.311		28.36624
209		33.05451		37.49948		28.60954
210		33.27785		37.69763		28.85808
211		33.31192		37.78139		28.84244
212		33.36292		37.84695		28.87889
213		33.51439		38.01295		29.01583
214		33.56681		38.1104		29.02322
215		33.75348		38.28288		29.22409
216		33.87405		38.40351		29.34458
217		34.06645		38.6135		29.5194
218		34.12624		38.6835		29.56899
219		34.3326		38.8683		29.79691
220		34.53401		39.0539		30.01411
221		34.67549		39.178		30.17298
222		34.85255		39.34953		30.35558
223		34.99859		39.51804		30.47914
224		35.1148		39.67139		30.55821
225		35.26762		39.86584		30.66939
226		35.44911		40.05758		30.84063
227		35.6063		40.21795		30.99465
228		35.7554		40.37797		31.13283
229		35.95412		40.59899		31.30925
230		36.137		40.80142		31.47258
231		36.36354		41.03715		31.68994
232		36.52826		41.21078		31.84575
233		36.69625		41.34818		32.04432
234		36.7504		41.42025		32.08056
235		36.86667		41.54938		32.18397
236		37.04993		41.77411		32.32574
237		37.26017		41.98341		32.53692
238		37.45835		42.18485		32.73186
239		37.64305		42.40605		32.88005
240		37.7894		42.56229		33.01652
241		37.96877		42.73973		33.19781
242		38.13081		42.94145		33.32017
243		38.33204		43.12407		33.54
244		38.45873		43.23199		33.68547
245		38.59552		43.38866		33.80238
246		38.80264		43.65693		33.94835
247		38.93044		43.83488		34.026
248		39.12183		44.0713		34.17235
249		39.24751		44.23701		34.25801
250		39.45507		44.44731		34.46283
251		39.64009		44.68623		34.59394
252		39.76098		44.79513		34.72684
253		39.91338		44.96807		34.85869
254		39.99389		45.02572		34.96206
255		40.18244		45.24273		35.12215
256		40.33218		45.41678		35.24758
257		40.45772		45.54497		35.37047
258		40.60732		45.7287		35.48593
259		40.77146		45.90504		35.63789
260		40.89154		46.08899		35.6941
261		41.0129		46.2251		35.80071
262		41.17007		46.46049		35.87965
263		41.35803		46.65799		36.05806
264		41.5972		46.90851		36.28589
265		41.80062		47.15384		36.4474
266		41.86361		47.18531		36.5419
267		42.04491		47.36802		36.72181
268		42.30447		47.62855		36.98038
269		42.42385		47.72699		37.12071
270		42.72341		47.9845		37.46232
271		42.86026		48.19592		37.5246
272		43.07983		48.35637		37.8033
273		43.30525		48.64714		37.96336
274		43.45586		48.69977		38.21195
275		43.64027		48.76968		38.51085
276		43.80162		48.98597		38.61728
277		44.02284		49.16227		38.88342
278		44.26373		49.35489		39.17258
279		44.48269		49.63063		39.33476
280		44.64076		49.71483		39.5667
281		44.79646		49.9621		39.63083
282		44.9178		50.01227		39.82334
283		45.20013		50.24199		40.15827
284		45.37977		50.47238		40.28717
285		45.58461		50.72687		40.44235
286		45.72738		50.95458		40.50019
287		45.95899		51.15697		40.76101
288		46.20105		51.36324		41.03886
289		46.44128		51.55574		41.32683
290		46.68634		51.75124		41.62144
291		46.89386		51.88573		41.90199
292		47.11626		52.05752		42.175
293		47.30055		52.30775		42.29335
294		47.58163		52.5386		42.62466
295		47.73824		52.65056		42.82591
296		47.97882		52.8736		43.08405
297		48.14887		52.96453		43.33321
298		48.38429		53.1778		43.59077
299		48.61729		53.35508		43.87951
300		48.85046		53.58124		44.11968
301		49.09322		53.77384		44.41261
302		49.36078		54.0181		44.70347
303		49.59948		54.21051		44.98844
304		49.79097		54.39001		45.19193
305		50.01985		54.59638		45.44331
306		50.26949		54.84274		45.69625
307		50.50182		55.00481		45.99883
308		50.72417		55.30525		46.1431
309		50.99935		55.52862		46.47009
310		51.20004		55.78592		46.61416
311		51.3144		55.94887		46.67992
312		51.57019		56.20479		46.93559
313		51.8242		56.45158		47.19681
314		51.99688		56.70178		47.29198
315		52.23268		56.9019		47.56346
316		52.39399		57.15298		47.63501
317		52.62975		57.3636		47.8959
318		52.87802		57.60903		48.14701
319		53.057		57.83442		48.27959
320		53.28054		58.04813		48.51296
321		53.50956		58.25206		48.76706
322		53.69459		58.39467		48.9945
323		53.8786		58.53818		49.21902
324		54.11958		58.75509		49.48407
325		54.34346		58.98483		49.70209
326		54.52706		59.1181		49.93603
327		54.69003		59.35527		50.02479
328		54.90474		59.56443		50.24505
329		55.1383		59.79169		50.48491
330		55.34562		59.98708		50.70415
331		55.57898		60.20476		50.9532
332		55.74727		60.46865		51.02589
333		55.90708		60.70823		51.10592
334		56.1543		60.96476		51.34384
335		56.33505		61.12371		51.54639
336		56.51004		61.2512		51.76887
337		56.70327		61.39313		52.01341
338		56.94014		61.65119		52.22908
339		57.17827		61.91805		52.43849
340		57.37211		62.05163		52.69259
341		57.54955		62.17726		52.92184
342		57.74599		62.31637		53.1756
343		57.88286		62.52707		53.23864
344		58.07679		62.67447		53.4791
345		58.24972		62.85872		53.64072
346		58.4906		63.12521		53.85599
347		58.72971		63.37527		54.08414
348		58.97356		63.6372		54.30993
349		59.21217		63.90662		54.51773
350		59.38907		64.18866		54.58949
351		59.4921		64.21524		54.76895
352		59.66873		64.49841		54.83904
353		59.9044		64.75894		55.04986
354		60.11681		65.03824		55.19539
355		60.35713		65.32373		55.39053
356		60.49335		65.35138		55.63533
357		60.60649		65.55025		55.66274
358		60.77436		65.81204		55.73667
359		61.01361		65.99536		56.03186
360		61.199		66.26853		56.12947
361		61.44367		66.59366		56.29368
362		61.62293		66.82423		56.42162
363		61.73255		66.95216		56.51295
364		61.98194		67.21944		56.74445
365		62.19559		67.40745		56.98374
366		62.3842		67.58838		57.18002
367		62.62748		67.85684		57.39813
368		62.89158		68.14225		57.64092
369		63.04357		68.27512		57.81202
370		63.29305		68.51353		58.07257
371		63.49872		68.7195		58.27793
372		63.68767		68.88616		58.48919
373		63.95556		69.19028		58.72084
374		64.20742		69.44532		58.96952
375		64.37497		69.67919		59.07074
376		64.64519		69.95186		59.33852
377		64.89757		70.22608		59.56906
378		65.11122		70.47683		59.74562
379		65.38927		70.79075		59.98779
380		65.62201		71.06032		60.1837
381		65.83494		71.31911		60.35077
382		66.02111		71.53107		60.51115
383		66.203		71.7182		60.68781
384		66.4123		71.92901		60.8956
385		66.66559		72.21906		61.11211
386		66.93279		72.52452		61.34107
387		67.1552		72.8201		61.4903
388		67.3731		73.03599		61.71021
389		67.62462		73.31961		61.92962
390		67.84687		73.60805		62.08569
391		68.14837		73.8771		62.41963
392		68.27353		74.0871		62.45996
393		68.55472		74.32342		62.78602
394		68.71236		74.60218		62.82253
395		69.00204		74.88152		63.12256
396		69.2499		75.22635		63.27345
397		69.52222		75.46499		63.57945
398		69.77693		75.71355		63.84031
399		70.04426		75.93645		64.15206
400		70.34558		76.21386		64.4773
401		70.53503		76.47243		64.59763
402		70.82969		76.74628		64.91309
403		71.06599		77.05416		65.07781
404		71.32555		77.30123		65.34986
405		71.58214		77.52736		65.63691
406		71.88176		77.828		65.93553
407		72.11008		78.06962		66.15054
408		72.33634		78.31213		66.36055
409		72.62069		78.60082		66.64056
410		72.90754		78.9303		66.88478
411		73.13559		79.15622		67.11495
412		73.3756		79.39215		67.35906
413		73.59158		79.66402		67.51914
414		73.83841		79.88032		67.79649
415		74.09703		80.10067		68.09339
416		74.38556		80.38445		68.38667
417		74.63175		80.64485		68.61866
418		74.86898		80.88941		68.84854
419		75.11735		81.22171		69.01299
420		75.25632		81.4756		69.03704
421		75.50777		81.73073		69.28482
422		75.73487		81.93932		69.53041
423		75.88783		82.22089		69.55477
424		76.10947		82.49743		69.72151
425		76.22457		82.69545		69.7537
426		76.37012		82.87028		69.86996
427		76.56007		83.09277		70.02736
428		76.7944		83.31718		70.27163
429		76.94594		83.49428		70.3976
430		77.17775		83.69904		70.65646
431		77.39224		83.90366		70.88082
432		77.63098		84.10109		71.16087
433		77.89166		84.30603		71.4773
434		78.12664		84.47696		71.77631
435		78.40192		84.67312		72.13072
436		78.62822		84.9754		72.28104
437		78.81153		85.21699		72.40607
438		79.04347		85.40671		72.68023
439		79.32552		85.66391		72.98712
440		79.40762		85.77888		73.03636
441		79.5313		85.96651		73.09608
442		79.73575		86.11322		73.35828
443		79.96158		86.42033		73.50282
444		80.16756		86.60879		73.72632
445		80.39446		86.91842		73.87051
446		80.65026		87.16281		74.13772
447		80.85245		87.42408		74.28081
448		81.11992		87.6643		74.57554
449		81.33948		87.91245		74.76652
450		81.54961		88.13913		74.9601
451		81.76969		88.31475		75.22464
452		81.88278		88.53302		75.23254
453		82.04901		88.71429		75.38374
454		82.28233		88.92613		75.63854
455		82.5124		89.15627		75.86853
456		82.76831		89.43342		76.1032
457		83.02158		89.67135		76.37181
458		83.28298		89.92725		76.63871
459		83.53098		90.19687		76.8651
460		83.77892		90.42756		77.13028
461		83.96895		90.6017		77.3362
462		84.24742		90.89536		77.59948
463		84.52611		91.13211		77.92012
464		84.71913		91.3754		78.06285
465		84.93678		91.59626		78.27731
466		85.1396		91.82758		78.45161
467		85.32762		92.1329		78.52233
468		85.51799		92.31976		78.71623
469		85.81761		92.61341		79.0218
470		86.01921		92.85128		79.18714
471		86.29446		93.12505		79.46387
472		86.44033		93.35746		79.52321
473		86.70645		93.58786		79.82504
474		86.95987		93.81977		80.09997
475		87.26011		94.14156		80.37867
476		87.51354		94.36201		80.66508
477		87.70949		94.54694		80.87204
478		87.94592		94.74022		81.15161
479		88.2141		94.95503		81.47317
480		88.41133		95.29187		81.53079
481		88.6447		95.47014		81.81925
482		88.90467		95.68662		82.12273
483		89.10975		95.83711		82.3824
484		89.38122		96.12154		82.64091
485		89.66141		96.39423		82.92858
486		89.95959		96.69028		83.2289
487		90.18136		96.98779		83.37493
488		90.44314		97.21109		83.67519
489		90.66046		97.45336		83.86757
490		90.87852		97.6936		84.06345
491		91.11061		97.94788		84.27334
492		91.2862		98.24298		84.32942
493		91.52972		98.5696		84.48984
494		91.71246		98.88096		84.54396
495		92.02066		99.18866		84.85266
496		92.24218		99.3983		85.08605
497		92.45707		99.57069		85.34346
498		92.67366		99.74263		85.60468
499		92.96934		100.0369		85.90178
500		93.16465		100.25447		86.07483
