episode	mediator-max-opt_inst_loss_mean	mediator-max-opt_inst_loss_std_up	mediator-max-opt_inst_loss_std_down
1		-8185.86642		4246.47555		-20618.20838
2		-3583.57614		7874.50009		-15041.65238
3		-5086.48737		8231.32025		-18404.29499
4		-5334.92325		7337.7924		-18007.6389
5		-3002.30431		7547.20823		-13551.81685
6		-1258.3306		6094.33104		-8610.99224
7		2781.79416		10166.95457		-4603.36626
8		191.07312		8371.67607		-7989.52982
9		815.03532		9156.903		-7526.83235
10		-545.6234		9506.48418		-10597.73098
11		-1943.70148		7650.75956		-11538.16252
12		-259.34351		10700.47231		-11219.15933
13		366.99087		12217.64189		-11483.66015
14		2359.86615		13107.29636		-8387.56406
15		3124.05367		11427.2282		-5179.12086
16		2507.08352		13727.38143		-8713.21439
17		1207.95042		12107.01203		-9691.1112
18		1.26549		10821.43527		-10818.90429
19		-1368.02897		10042.76302		-12778.82095
20		-1349.18626		9306.40962		-12004.78214
21		2063.99533		10353.57397		-6225.58331
22		3424.92555		7523.17708		-673.32598
23		2885.51457		8917.46617		-3146.43704
24		2548.93541		7649.57512		-2551.7043
25		976.62108		7244.16244		-5290.92029
26		-175.58283		4259.81427		-4610.97993
27		2242.05419		5112.75113		-628.64275
28		5866.27312		12667.61272		-935.06648
29		4369.4557		9936.29156		-1197.38016
30		4927.70683		11714.47047		-1859.05682
31		3514.78524		9629.34563		-2599.77516
32		3703.1155		11171.31568		-3765.08467
33		3867.16364		10049.98312		-2315.65585
34		4811.5331		9334.49982		288.56638
35		3211.47582		8117.37346		-1694.42182
36		3411.37199		8252.6897		-1429.94572
37		4827.80105		11254.03215		-1598.43006
38		4440.21692		11441.2713		-2560.83746
39		3382.54278		9022.93639		-2257.85082
40		2953.08669		8821.37794		-2915.20457
41		3673.77997		10079.98498		-2732.42505
42		5303.19149		13359.6485		-2753.26552
43		5128.46438		11811.42245		-1554.4937
44		5042.77823		13280.28221		-3194.72575
45		3960.85123		11761.43439		-3839.73192
46		3632.49515		12362.89193		-5097.90163
47		2503.87228		10926.19165		-5918.44709
48		1895.14078		9858.51184		-6068.23029
49		1364.46817		9761.72126		-7032.78493
50		1851.9884		10574.06077		-6870.08396
51		2436.73785		12758.625		-7885.1493
52		1817.78743		11826.97182		-8191.39695
53		4570.90553		15953.34898		-6811.53793
54		1523.7572		12275.07912		-9227.56472
55		2091.23132		14325.83056		-10143.36792
56		281.34402		12534.8627		-11972.17465
57		-158.10248		11492.54702		-11808.75199
58		916.25575		9586.78729		-7754.27578
59		2300.46271		7916.19994		-3315.27452
60		5956.19283		11820.80527		91.58039
61		4294.4218		9832.42077		-1243.57717
62		5735.40251		12852.2135		-1381.40848
63		4684.17223		10803.8162		-1435.47173
64		3304.11282		9466.44096		-2858.21531
65		3508.88462		9578.52281		-2560.75356
66		5795.50278		13355.03077		-1764.0252
67		5286.69167		12371.30549		-1797.92215
68		5209.33327		11569.50412		-1150.83758
69		4554.64129		10221.1971		-1111.91452
70		4758.57413		11134.89024		-1617.74198
71		4162.72583		9362.46692		-1037.01526
72		3922.06985		8251.2358		-407.09611
73		2752.46881		7951.25649		-2446.31886
74		1555.50408		6913.52604		-3802.51787
75		2278.80799		6797.81562		-2240.19964
76		4174.10563		12387.70275		-4039.49149
77		3646.59563		11779.26809		-4486.07684
78		1918.56961		10234.14877		-6397.00955
79		2633.45268		9953.74407		-4686.83872
80		195.7478		8939.1627		-8547.6671
81		-451.8961		8774.26611		-9678.0583
82		-1425.46613		9602.46986		-12453.40212
83		-1851.23748		8419.25528		-12121.73024
84		-2479.98809		9608.48086		-14568.45705
85		-4343.2847		7776.49417		-16463.06358
86		-3484.45699		8571.59748		-15540.51146
87		-5015.18584		7469.06336		-17499.43504
88		-5166.27408		7281.09607		-17613.64423
89		-4037.23032		4807.97583		-12882.43648
90		-2556.9236		3347.54615		-8461.39335
91		-1305.90559		2717.04866		-5328.85984
92		-3140.43066		1507.46206		-7788.32339
93		-2283.53341		3910.54957		-8477.61639
94		-2754.4662		3483.61617		-8992.54856
95		-1734.94134		5382.9846		-8852.86728
96		-3879.5002		3581.13135		-11340.13175
97		-2946.71721		4405.96085		-10299.39527
98		-1777.93846		4447.68697		-8003.56388
99		-1197.33588		6929.873		-9324.54475
100		-2007.55332		5759.88442		-9774.99107
101		-3383.47529		4599.6307		-11366.58127
102		-2049.33065		8133.73099		-12232.39228
103		-4705.96825		6221.23854		-15633.17504
104		-3888.25383		7995.91872		-15772.42637
105		-4812.56898		6711.34991		-16336.48787
106		-5912.16166		6339.53785		-18163.86117
107		-5636.9519		6450.61895		-17724.52274
108		-6715.0276		7382.31258		-20812.36778
109		-9149.22582		5140.55346		-23439.00509
110		-10217.14018		5157.62382		-25591.90418
111		-10824.86378		3484.4014		-25134.12896
112		-7414.87012		3867.35006		-18697.0903
113		-6481.25731		2122.53955		-15085.05417
114		-3393.24383		5432.80428		-12219.29193
115		-2247.96648		4062.47249		-8558.40545
116		256.97031		9116.46068		-8602.52005
117		-423.09684		10781.7548		-11627.94847
118		-542.87402		11115.2182		-12200.96624
119		-2002.53121		8639.06031		-12644.12272
120		-100.17336		9772.93796		-9973.28468
121		-2059.592		7329.80191		-11448.9859
122		-551.17676		8599.03881		-9701.39233
123		-1543.24773		6552.21684		-9638.71231
124		-1821.08003		7862.66419		-11504.82424
125		-715.05359		8659.98605		-10090.09323
126		1958.36495		7594.05075		-3677.32085
127		2701.42082		8052.05525		-2649.2136
128		1412.516		7516.61488		-4691.58289
129		2321.86084		11255.89955		-6612.17787
130		1724.39382		10389.39207		-6940.60442
131		968.85182		9353.98925		-7416.28561
132		560.09721		10428.56521		-9308.3708
133		-1854.60956		8253.42609		-11962.64522
134		-1415.38999		8057.95249		-10888.73247
135		-1537.83889		9146.21333		-12221.89112
136		-895.04526		8373.8493		-10163.93982
137		-2162.85993		6350.86185		-10676.58171
138		-2528.34169		6878.26598		-11934.94936
139		-202.16683		10336.73478		-10741.06843
140		339.37472		10417.90788		-9739.15843
141		347.52974		11713.49783		-11018.43834
142		268.31185		10859.30763		-10322.68392
143		-1798.34218		10526.88973		-14123.57409
144		-2479.36793		9170.54367		-14129.27954
145		-1224.26804		7256.33613		-9704.87222
146		619.95123		6070.66712		-4830.76467
147		1487.58213		4982.51205		-2007.34779
148		1369.2672		6641.83567		-3903.30126
149		-478.61821		4822.37708		-5779.6135
150		-1712.3461		4153.78335		-7578.47555
151		-2878.88495		3782.11558		-9539.88549
152		-3666.32694		2459.08024		-9791.73412
153		-4076.74429		1709.27969		-9862.76827
154		-4949.25619		1157.2884		-11055.80078
155		-4045.24659		2426.20769		-10516.70087
156		-3556.44647		4353.86474		-11466.75768
157		-4463.29808		2884.19867		-11810.79482
158		-2013.23388		6478.73157		-10505.19933
159		-3683.57248		3728.38714		-11095.5321
160		-2519.38133		7993.74143		-13032.50409
161		-5094.99394		5029.73087		-15219.71876
162		-5140.18521		5685.56452		-15965.93494
163		-6472.88274		4684.41696		-17630.18244
164		-7372.4074		4712.21896		-19457.03376
165		-5047.92467		9147.78046		-19243.62979
166		-4745.19112		5583.35411		-15073.73636
167		-3482.71573		4614.92647		-11580.35794
168		-1890.65619		6399.24688		-10180.55925
169		667.28066		10682.65531		-9348.09398
170		819.32324		7279.05486		-5640.40837
171		-18.04831		8972.19567		-9008.29228
172		-116.50715		8439.36859		-8672.38288
173		551.53919		6113.27433		-5010.19595
174		2588.32179		6990.72201		-1814.07842
175		3398.72755		11583.1598		-4785.70471
176		2830.40817		9425.45734		-3764.641
177		536.36343		8196.38977		-7123.66292
178		1079.399		7822.87537		-5664.07737
179		416.53926		8674.94904		-7841.87053
180		-281.20784		7378.76501		-7941.1807
181		-2188.43081		6824.98097		-11201.84259
182		-3380.02675		6011.32472		-12771.37823
183		-3312.93191		6415.07192		-13040.93574
184		459.41297		13056.32429		-12137.49834
185		2407.60701		15586.68161		-10771.46758
186		3907.74654		13693.39675		-5877.90367
187		1559.13444		12753.24004		-9634.97115
188		1528.33391		13216.01371		-10159.34588
189		1490.41957		12568.9127		-9588.07356
190		2981.9852		11059.98472		-5096.01433
191		5075.11577		11145.13804		-994.90651
192		7250.88155		12743.14131		1758.6218
193		6885.30713		12861.62907		908.98518
194		5977.43045		13481.97536		-1527.11446
195		4922.67099		11522.69139		-1677.34941
196		6318.72615		12496.97386		140.47843
197		8624.85066		12840.85476		4408.84655
198		9718.7742		14512.60508		4924.94331
199		7626.45143		11750.58469		3502.31817
200		8118.68784		10460.63855		5776.73712
201		7043.33208		12241.20109		1845.46307
202		8027.93949		14018.38732		2037.49166
203		6397.21646		12138.80926		655.62366
204		6048.4361		12084.31106		12.56115
205		6457.61907		10967.34089		1947.89726
206		4771.77715		10870.90852		-1327.35421
207		5537.72924		11563.61009		-488.1516
208		6922.942		13210.00603		635.87797
209		5283.61545		11307.6623		-740.43141
210		6874.85126		12556.36358		1193.33895
211		4967.57748		12038.22142		-2103.06646
212		5220.77336		11487.94342		-1046.3967
213		8604.48722		13181.18092		4027.79352
214		7626.2701		13941.03203		1311.50817
215		7930.14381		13581.16739		2279.12022
216		5743.6826		11815.29417		-327.92898
217		5360.50572		12239.02828		-1518.01684
218		5606.85247		12057.93058		-844.22563
219		5182.27975		13442.77692		-3078.21742
220		4085.67026		12018.57372		-3847.2332
221		4914.61125		12652.04779		-2822.82528
222		6106.20472		11483.71231		728.69714
223		7277.94579		15347.9169		-792.02532
224		6075.77261		12818.87986		-667.33464
225		6387.29455		14128.65518		-1354.06609
226		6554.38877		12627.4422		481.33534
227		5006.93405		12217.42518		-2203.55709
228		6308.3243		14358.7825		-1742.1339
229		5893.1416		15110.79427		-3324.51108
230		6105.79802		16278.79189		-4067.19586
231		6295.45262		15024.71852		-2433.81327
232		8848.97794		13850.10126		3847.85461
233		6738.40597		12617.42607		859.38587
234		5493.58205		12546.31189		-1559.1478
235		6765.54706		15031.72993		-1500.63581
236		6302.85847		13437.24423		-831.5273
237		6725.43209		14733.33829		-1282.47411
238		5053.68559		12561.18809		-2453.81691
239		5834.47497		12612.03937		-943.08944
240		5421.88238		14413.30685		-3569.5421
241		4337.88354		14713.969		-6038.20191
242		3462.24828		15157.09711		-8232.60055
243		4698.87124		16732.53567		-7334.7932
244		3542.62493		15763.15559		-8677.90573
245		3009.40866		16073.65984		-10054.84253
246		2321.49902		14398.11429		-9755.11626
247		1207.61617		13687.59852		-11272.36619
248		1235.38979		13108.83069		-10638.05111
249		3335.69408		12112.35537		-5440.9672
250		4212.96477		9376.0143		-950.08476
251		5820.2927		8705.33785		2935.24755
252		4465.42322		9683.28715		-752.44071
253		2962.16971		7458.08612		-1533.74671
254		3572.33613		8352.66687		-1207.9946
255		5740.59931		13679.27404		-2198.07543
256		4044.54906		10746.61631		-2657.51819
257		3627.0032		10158.97549		-2904.96909
258		5532.98592		12291.1783		-1225.20647
259		4943.70188		10577.01967		-689.61592
260		3933.63545		11570.2053		-3702.9344
261		3002.52971		11344.16057		-5339.10115
262		2462.91205		9929.65216		-5003.82806
263		2313.36243		11051.49199		-6424.76713
264		2365.13897		10931.66329		-6201.38536
265		3841.01865		9787.6184		-2105.5811
266		1989.93137		9257.80772		-5277.94498
267		2058.87948		10416.25099		-6298.49204
268		1029.10237		8663.67198		-6605.46724
269		385.62012		9826.12895		-9054.88872
270		126.73934		9895.31702		-9641.83834
271		-2282.07421		7249.36492		-11813.51335
272		-1859.84791		8426.90002		-12146.59584
273		-3068.34427		6249.2905		-12385.97905
274		-726.5291		8235.64132		-9688.69952
275		487.53141		8582.2683		-7607.20547
276		-729.54075		6178.61178		-7637.69328
277		-2005.17661		5933.96074		-9944.31396
278		-1997.84331		8018.85548		-12014.5421
279		-3583.62339		5314.02825		-12481.27504
280		-3136.30475		4743.22807		-11015.83757
281		-4033.21321		6881.00905		-14947.43548
282		-5208.54926		5010.54794		-15427.64647
283		-3865.86862		3717.91927		-11449.6565
284		-2927.1339		3883.94921		-9738.21701
285		-1045.9098		6503.54036		-8595.35995
286		-3154.20384		4105.04877		-10413.45645
287		-3355.99969		4168.32853		-10880.32792
288		-324.59514		9143.42765		-9792.61793
289		-2456.64906		5775.13535		-10688.43347
290		-1101.25364		5358.95991		-7561.4672
291		-2039.70819		4821.83179		-8901.24816
292		1160.07466		10561.44452		-8241.29519
293		1177.23016		10995.6095		-8641.14917
294		3212.74962		9994.72006		-3569.22082
295		5604.02741		7782.43342		3425.6214
296		3322.66857		5991.3535		653.98364
297		3362.66094		7965.89989		-1240.57801
298		2854.16713		7651.49111		-1943.15686
299		1795.849		6263.63366		-2671.93566
300		1463.64283		6386.19472		-3458.90906
301		347.49919		5918.3341		-5223.33573
302		-276.79781		5321.24929		-5874.84492
303		2344.06294		11008.59742		-6320.47154
304		986.80424		7979.81622		-6006.20774
305		1674.67171		7796.81219		-4447.46878
306		2905.01381		8350.67514		-2540.64752
307		2987.9299		8197.97102		-2222.11123
308		4496.58805		8796.10209		197.074
309		2261.53546		7399.11583		-2876.04492
310		2366.8032		7585.73545		-2852.12906
311		945.72656		8511.93997		-6620.48686
312		342.48766		7274.6131		-6589.63777
313		-507.86666		6462.57425		-7478.30757
314		928.98775		9360.11783		-7502.14232
315		1074.63043		9381.1766		-7231.91573
316		450.6464		8080.80083		-7179.50803
317		1376.02277		10169.69261		-7417.64707
318		145.74021		8670.74333		-8379.26291
319		1032.28156		9276.58608		-7212.02296
320		3039.3281		8774.47006		-2695.81385
321		4033.12266		7851.36696		214.87837
322		3872.49938		8303.1861		-558.18734
323		2062.19567		5729.56675		-1605.17541
324		1975.95056		6146.3792		-2194.47807
325		1828.30094		6421.52079		-2764.91891
326		1882.07748		5816.76035		-2052.60538
327		3360.06243		11029.63258		-4309.50773
328		5438.89754		12714.12971		-1836.33462
329		6426.86315		10482.9861		2370.7402
330		6568.51038		11696.63676		1440.384
331		5643.96019		10661.55788		626.3625
332		4571.64966		10123.1362		-979.83688
333		4649.84833		10044.14834		-744.45168
334		4957.89187		10448.28083		-532.4971
335		2119.4644		8208.98408		-3970.05528
336		763.66037		7797.21695		-6269.8962
337		217.48553		7568.25794		-7133.28688
338		61.0336		7869.59333		-7747.52613
339		-21.08479		8688.94894		-8731.11852
340		1164.32693		11001.27929		-8672.62543
341		262.54563		9736.37026		-9211.27901
342		79.75509		9438.12117		-9278.611
343		-13.55621		8408.83528		-8435.94769
344		659.9086		6603.22858		-5283.41138
345		-52.55914		7750.85889		-7855.97717
346		-802.52518		5701.33442		-7306.38478
347		1939.31107		6646.63828		-2768.01614
348		1375.31772		3657.88203		-907.24658
349		959.25453		3018.38695		-1099.8779
350		2383.16497		6311.8449		-1545.51496
351		895.84219		4588.81733		-2797.13294
352		1430.26815		6754.60362		-3894.06732
353		1408.03649		6787.08357		-3971.01059
354		700.74965		6169.88491		-4768.38561
355		2711.19119		7309.44799		-1887.06562
356		738.91549		7056.42146		-5578.59047
357		-492.45548		6003.75382		-6988.66478
358		-714.98292		6181.19641		-7611.16225
359		-3195.62719		3941.82414		-10333.07853
360		-2849.01218		3376.19913		-9074.22349
361		-3195.56892		3230.24067		-9621.3785
362		-56.62084		4947.24798		-5060.48966
363		-753.19279		8428.41454		-9934.80012
364		-240.6526		7273.56492		-7754.87012
365		-263.02534		6222.60137		-6748.65204
366		-1024.06855		6199.28588		-8247.42297
367		-2348.22815		3480.30848		-8176.76479
368		-3318.11868		4580.50791		-11216.74527
369		-3556.07118		5914.19901		-13026.34137
370		-3840.74175		3771.27904		-11452.76254
371		-613.75376		5373.20122		-6600.70875
372		28.1217		6675.91545		-6619.67206
373		2037.35601		10950.72262		-6876.0106
374		63.80957		9115.75778		-8988.13865
375		653.54413		9288.09479		-7981.00652
376		-1392.83452		8637.025		-11422.69404
377		-2052.51777		8415.03358		-12520.06911
378		-648.32273		8630.14426		-9926.78972
379		569.85391		9754.46915		-8614.76133
380		939.31618		12735.37359		-10856.74123
381		847.20425		11259.07398		-9564.66548
382		199.65328		10609.61556		-10210.309
383		-1550.13913		10171.91186		-13272.19012
384		-1094.8948		11178.48519		-13368.27478
385		904.78763		13976.37846		-12166.80321
386		-1078.81345		12075.96104		-14233.58793
387		-2322.10588		11319.6702		-15963.88195
388		-2849.02183		11435.7433		-17133.78695
389		-2810.12372		11481.45938		-17101.70683
390		-372.15015		12138.27213		-12882.57243
391		959.66168		9718.51113		-7799.18776
392		3943.77055		8849.68987		-962.14878
393		1602.55932		7245.98286		-4040.86421
394		1287.70957		5855.39381		-3279.97467
395		3990.91282		7572.3332		409.49243
396		3370.02127		8474.47597		-1734.43344
397		2849.74527		6835.00981		-1135.51927
398		1652.39549		6028.5017		-2723.71073
399		1329.1711		4863.70439		-2205.3622
400		2700.98059		8828.83361		-3426.87243
401		1523.33063		7248.92505		-4202.26379
402		1942.02772		9347.08659		-5463.03116
403		382.58796		6682.99343		-5917.81751
404		-106.5682		6780.87022		-6994.00662
405		-1404.45432		5099.79168		-7908.70033
406		-1437.0743		6104.52233		-8978.67094
407		-2804.98706		4420.28787		-10030.26199
408		-2911.31929		4222.45302		-10045.0916
409		-429.11759		7810.65694		-8668.89211
410		299.55936		10211.13384		-9612.01511
411		-62.95085		8612.80655		-8738.70825
412		547.64164		9104.20729		-8008.924
413		3100.61583		7908.0229		-1706.79123
414		1148.83616		8078.59789		-5780.92556
415		1111.79226		6881.71017		-4658.12565
416		5249.13073		11402.13768		-903.87621
417		6165.38478		12744.15912		-413.38957
418		5058.79381		10871.259		-753.67138
419		6809.73894		12545.52179		1073.95609
420		5764.59091		12654.35848		-1125.17665
421		6521.07226		12670.47527		371.66924
422		5433.20165		12868.66539		-2002.26208
423		5621.65057		14390.6322		-3147.33107
424		3836.75115		11831.82812		-4158.32581
425		4102.00029		13631.41798		-5427.4174
426		2264.64888		11201.4575		-6672.15974
427		1824.99472		11129.09615		-7479.10671
428		1878.59708		10262.18254		-6504.98837
429		5984.72252		14054.52557		-2085.08052
430		4246.46174		12481.00598		-3988.08249
431		3261.42324		12754.45012		-6231.60365
432		3424.82121		14107.50615		-7257.86373
433		3562.62473		14492.32143		-7367.07196
434		5002.4281		15146.32569		-5141.46949
435		5069.10205		15957.62401		-5819.41991
436		4588.69612		16015.04476		-6837.65252
437		3433.31503		14819.657		-7953.02693
438		4850.08008		17936.14782		-8235.98766
439		2990.37679		14400.63127		-8419.8777
440		5805.2068		14073.06616		-2462.65256
441		6101.0362		11953.94492		248.12748
442		5674.94078		13470.60025		-2120.7187
443		4703.36702		11812.52634		-2405.79231
444		6567.75269		15302.02545		-2166.52006
445		6181.58473		14106.33059		-1743.16112
446		7126.04904		11608.15275		2643.94533
447		7981.69199		13584.10907		2379.27491
448		6348.53451		11084.51426		1612.55476
449		6123.83978		10639.70689		1607.97267
450		6277.03146		11593.19548		960.86745
451		6119.03783		14046.69639		-1808.62073
452		3886.86835		11102.29522		-3328.55852
453		4231.89167		11729.09197		-3265.30863
454		2478.4932		9796.52807		-4839.54167
455		1895.86106		10016.58321		-6224.86108
456		1915.73678		10481.91554		-6650.44198
457		1909.10123		10318.96691		-6500.76444
458		2524.22757		10063.79362		-5015.33848
459		3519.73279		11576.43836		-4536.97277
460		1422.26851		8947.4522		-6102.91518
461		365.95657		8366.66369		-7634.75055
462		3.41628		8843.40618		-8836.57363
463		1757.36209		10960.92318		-7446.199
464		485.66123		9312.66086		-8341.33841
465		480.55566		9686.19034		-8725.07901
466		-858.24851		8988.68607		-10705.18309
467		1493.60427		13731.19204		-10743.9835
468		-331.52282		10581.74727		-11244.79291
469		1735.92021		10662.9412		-7191.10077
470		473.56919		11062.80183		-10115.66345
471		478.14487		10389.13644		-9432.8467
472		-1499.80992		8388.93327		-11388.55312
473		-1043.53983		9518.26601		-11605.34568
474		722.5151		11660.97749		-10215.94729
475		689.71564		11313.97716		-9934.54588
476		-1327.27231		10826.35852		-13480.90314
477		-1953.60469		9793.13219		-13700.34157
478		765.53215		10101.53285		-8570.46855
479		1496.09975		6630.9624		-3638.76289
480		1998.8812		8666.41354		-4668.65114
481		262.41047		6308.10796		-5783.28702
482		-46.32099		8003.07861		-8095.72059
483		-1195.54852		6308.04327		-8699.1403
484		-315.17438		6934.74816		-7565.09692
485		-1164.93144		7452.27362		-9782.1365
486		-1773.08444		6387.96394		-9934.13282
487		-2560.43972		7486.92538		-12607.80482
488		-2245.35557		8081.21654		-12571.92767
489		-1665.24263		5442.98481		-8773.47008
490		-214.96017		5327.04741		-5756.96775
491		504.79267		7606.00722		-6596.42188
492		-163.61472		6391.96725		-6719.19669
493		-866.93764		6820.53546		-8554.41075
494		-1172.44203		5176.94982		-7521.83387
495		768.23041		6935.67829		-5399.21747
496		2133.80701		4804.00901		-536.39498
497		501.70065		4333.93881		-3330.53751
498		-755.915		2639.11128		-4150.94128
499		-445.0		3816.45515		-4706.45515
500		-1400.0		1400.0		-4200.0
