step	mediator-max-opt_cov_err_sq_T_mean	mediator-max-opt_cov_err_sq_T_std_up	mediator-max-opt_cov_err_sq_T_std_down
1		6.84667		7.5112		6.18214
2		6.18		6.94988		5.41012
3		5.84667		6.56271		5.13063
4		5.68		6.40682		4.95318
5		5.68		6.40682		4.95318
6		5.68		6.40682		4.95318
7		5.68		6.40682		4.95318
8		5.68		6.40682		4.95318
9		5.68		6.40682		4.95318
10		5.68		6.40682		4.95318
11		5.68		6.40682		4.95318
12		5.68		6.40682		4.95318
13		5.68		6.40682		4.95318
14		5.68		6.40682		4.95318
15		5.68		6.40682		4.95318
16		5.68		6.40682		4.95318
17		5.68		6.40682		4.95318
18		5.68		6.40682		4.95318
19		5.68		6.40682		4.95318
20		5.68		6.40682		4.95318
21		5.68		6.40682		4.95318
22		5.68		6.40682		4.95318
23		5.68		6.40682		4.95318
24		5.68		6.40682		4.95318
25		5.68		6.40682		4.95318
26		5.68		6.40682		4.95318
27		5.68		6.40682		4.95318
28		5.68		6.40682		4.95318
29		5.68		6.40682		4.95318
30		5.68		6.40682		4.95318
31		5.68		6.40682		4.95318
32		5.68		6.40682		4.95318
33		5.68		6.40682		4.95318
34		5.68		6.40682		4.95318
35		5.68		6.40682		4.95318
36		5.68		6.40682		4.95318
37		5.68		6.40682		4.95318
38		5.68		6.40682		4.95318
39		5.68		6.40682		4.95318
40		5.68		6.40682		4.95318
41		5.68		6.40682		4.95318
42		5.68		6.40682		4.95318
43		5.68		6.40682		4.95318
44		5.68		6.40682		4.95318
45		5.68		6.40682		4.95318
46		5.68		6.40682		4.95318
47		5.68		6.40682		4.95318
48		5.68		6.40682		4.95318
49		5.68		6.40682		4.95318
50		5.68		6.40682		4.95318
51		5.68		6.40682		4.95318
52		5.68		6.40682		4.95318
53		5.68		6.40682		4.95318
54		5.68		6.40682		4.95318
55		5.68		6.40682		4.95318
56		5.68		6.40682		4.95318
57		5.68		6.40682		4.95318
58		5.68		6.40682		4.95318
59		5.68		6.40682		4.95318
60		5.68		6.40682		4.95318
61		5.68		6.40682		4.95318
62		5.68		6.40682		4.95318
63		5.68		6.40682		4.95318
64		5.68		6.40682		4.95318
65		5.68		6.40682		4.95318
66		5.68		6.40682		4.95318
67		5.68		6.40682		4.95318
68		5.68		6.40682		4.95318
69		5.68		6.40682		4.95318
70		5.68		6.40682		4.95318
71		5.68		6.40682		4.95318
72		5.68		6.40682		4.95318
73		5.68		6.40682		4.95318
74		5.68		6.40682		4.95318
75		5.68		6.40682		4.95318
76		5.68		6.40682		4.95318
77		5.68		6.40682		4.95318
78		5.68		6.40682		4.95318
79		5.68		6.40682		4.95318
80		5.68		6.40682		4.95318
81		5.68		6.40682		4.95318
82		5.68		6.40682		4.95318
83		5.68		6.40682		4.95318
84		5.68		6.40682		4.95318
85		5.68		6.40682		4.95318
86		5.68		6.40682		4.95318
87		5.68		6.40682		4.95318
88		5.68		6.40682		4.95318
89		5.68		6.40682		4.95318
90		5.68		6.40682		4.95318
91		5.68		6.40682		4.95318
92		5.68		6.40682		4.95318
93		5.68		6.40682		4.95318
94		5.68		6.40682		4.95318
95		5.68		6.40682		4.95318
96		5.68		6.40682		4.95318
97		5.68		6.40682		4.95318
98		5.68		6.40682		4.95318
99		5.68		6.40682		4.95318
100		5.68		6.40682		4.95318
101		5.68		6.40682		4.95318
102		5.68		6.40682		4.95318
103		5.68		6.40682		4.95318
104		5.68		6.40682		4.95318
105		5.68		6.40682		4.95318
106		5.68		6.40682		4.95318
107		5.68		6.40682		4.95318
108		5.68		6.40682		4.95318
109		5.68		6.40682		4.95318
110		5.68		6.40682		4.95318
111		5.68		6.40682		4.95318
112		5.68		6.40682		4.95318
113		5.68		6.40682		4.95318
114		5.68		6.40682		4.95318
115		5.68		6.40682		4.95318
116		5.68		6.40682		4.95318
117		5.68		6.40682		4.95318
118		5.68		6.40682		4.95318
119		5.68		6.40682		4.95318
120		5.68		6.40682		4.95318
121		5.68		6.40682		4.95318
122		5.68		6.40682		4.95318
123		5.68		6.40682		4.95318
124		5.68		6.40682		4.95318
125		5.68		6.40682		4.95318
126		5.68		6.40682		4.95318
127		5.68		6.40682		4.95318
128		5.68		6.40682		4.95318
129		5.68		6.40682		4.95318
130		5.68		6.40682		4.95318
131		5.68		6.40682		4.95318
132		5.68		6.40682		4.95318
133		5.68		6.40682		4.95318
134		5.68		6.40682		4.95318
135		5.68		6.40682		4.95318
136		5.68		6.40682		4.95318
137		5.68		6.40682		4.95318
138		5.68		6.40682		4.95318
139		5.68		6.40682		4.95318
140		5.68		6.40682		4.95318
141		5.68		6.40682		4.95318
142		5.68		6.40682		4.95318
143		5.68		6.40682		4.95318
144		5.68		6.40682		4.95318
145		5.68		6.40682		4.95318
146		5.68		6.40682		4.95318
147		5.68		6.40682		4.95318
148		5.68		6.40682		4.95318
149		5.68		6.40682		4.95318
150		5.68		6.40682		4.95318
151		5.68		6.40682		4.95318
152		5.68		6.40682		4.95318
153		5.68		6.40682		4.95318
154		5.68		6.40682		4.95318
155		5.68		6.40682		4.95318
156		5.68		6.40682		4.95318
157		5.68		6.40682		4.95318
158		5.68		6.40682		4.95318
159		5.68		6.40682		4.95318
160		5.68		6.40682		4.95318
161		5.68		6.40682		4.95318
162		5.68		6.40682		4.95318
163		5.68		6.40682		4.95318
164		5.68		6.40682		4.95318
165		5.68		6.40682		4.95318
166		5.68		6.40682		4.95318
167		5.68		6.40682		4.95318
168		5.68		6.40682		4.95318
169		5.68		6.40682		4.95318
170		5.68		6.40682		4.95318
171		5.68		6.40682		4.95318
172		5.68		6.40682		4.95318
173		5.68		6.40682		4.95318
174		5.68		6.40682		4.95318
175		5.68		6.40682		4.95318
176		5.68		6.40682		4.95318
177		5.68		6.40682		4.95318
178		5.68		6.40682		4.95318
179		5.68		6.40682		4.95318
180		5.68		6.40682		4.95318
181		5.68		6.40682		4.95318
182		5.68		6.40682		4.95318
183		5.68		6.40682		4.95318
184		5.68		6.40682		4.95318
185		5.68		6.40682		4.95318
186		5.68		6.40682		4.95318
187		5.68		6.40682		4.95318
188		5.68		6.40682		4.95318
189		5.68		6.40682		4.95318
190		5.68		6.40682		4.95318
191		5.68		6.40682		4.95318
192		5.68		6.40682		4.95318
193		5.68		6.40682		4.95318
194		5.68		6.40682		4.95318
195		5.68		6.40682		4.95318
196		5.68		6.40682		4.95318
197		5.68		6.40682		4.95318
198		5.68		6.40682		4.95318
199		5.68		6.40682		4.95318
200		5.68		6.40682		4.95318
201		5.68		6.40682		4.95318
202		5.68		6.40682		4.95318
203		5.68		6.40682		4.95318
204		5.68		6.40682		4.95318
205		5.68		6.40682		4.95318
206		5.68		6.40682		4.95318
207		5.68		6.40682		4.95318
208		5.68		6.40682		4.95318
209		5.68		6.40682		4.95318
210		5.68		6.40682		4.95318
211		5.68		6.40682		4.95318
212		5.68		6.40682		4.95318
213		5.68		6.40682		4.95318
214		5.68		6.40682		4.95318
215		5.68		6.40682		4.95318
216		5.68		6.40682		4.95318
217		5.68		6.40682		4.95318
218		5.68		6.40682		4.95318
219		5.68		6.40682		4.95318
220		5.68		6.40682		4.95318
221		5.68		6.40682		4.95318
222		5.68		6.40682		4.95318
223		5.68		6.40682		4.95318
224		5.68		6.40682		4.95318
225		5.68		6.40682		4.95318
226		5.68		6.40682		4.95318
227		5.68		6.40682		4.95318
228		5.68		6.40682		4.95318
229		5.68		6.40682		4.95318
230		5.68		6.40682		4.95318
231		5.68		6.40682		4.95318
232		5.68		6.40682		4.95318
233		5.68		6.40682		4.95318
234		5.68		6.40682		4.95318
235		5.68		6.40682		4.95318
236		5.68		6.40682		4.95318
237		5.68		6.40682		4.95318
238		5.68		6.40682		4.95318
239		5.68		6.40682		4.95318
240		5.68		6.40682		4.95318
241		5.68		6.40682		4.95318
242		5.68		6.40682		4.95318
243		5.68		6.40682		4.95318
244		5.68		6.40682		4.95318
245		5.68		6.40682		4.95318
246		5.68		6.40682		4.95318
247		5.68		6.40682		4.95318
248		5.68		6.40682		4.95318
249		5.68		6.40682		4.95318
250		5.68		6.40682		4.95318
