episode	mbie_cov_err_sq_T_mean	mbie_cov_err_sq_T_std_up	mbie_cov_err_sq_T_std_down
1		7.48667		8.28266		6.69068
2		6.65333		7.44932		5.85734
3		6.06		6.78		5.34
4		5.84		6.42856		5.25144
5		5.50667		6.29952		4.71381
6		5.29333		6.30337		4.28329
7		5.24667		6.31886		4.17447
8		5.24667		6.31886		4.17447
9		5.24667		6.31886		4.17447
10		5.19111		6.31362		4.06861
11		5.08711		6.14061		4.03361
12		4.73211		5.48332		3.9809
13		4.75744		5.48175		4.03314
14		4.64856		5.38688		3.91023
15		4.65472		5.40344		3.90601
16		4.66449		5.42324		3.90574
17		4.68617		5.43182		3.94051
18		4.51594		5.36761		3.66428
19		4.71703		5.47582		3.95824
20		4.4237		4.93177		3.91563
21		4.37801		4.87304		3.88298
22		4.16012		4.61281		3.70743
23		4.1405		4.60631		3.67469
24		3.95319		4.65138		3.255
25		3.92401		4.61584		3.23219
26		3.91636		4.60723		3.22548
27		3.90459		4.64634		3.16285
28		3.9053		4.64801		3.16259
29		3.91452		4.65479		3.17426
30		3.82742		4.67898		2.97586
31		3.82306		4.63875		3.00738
32		3.81776		4.63441		3.0011
33		3.81087		4.6202		3.00153
34		3.79919		4.65558		2.9428
35		3.80484		4.66312		2.94655
36		3.80971		4.65953		2.95988
37		3.79188		4.66426		2.9195
38		3.78592		4.66897		2.90287
39		3.77613		4.64941		2.90285
40		3.77887		4.65245		2.90528
41		3.76789		4.64716		2.88861
42		3.77027		4.65554		2.885
43		3.7719		4.65647		2.88732
44		3.77263		4.66155		2.88371
45		3.77692		4.66221		2.89163
46		3.75188		4.64121		2.86255
47		3.74601		4.63737		2.85465
48		3.60936		4.50594		2.71279
49		3.72032		4.60677		2.83388
50		3.55356		4.47518		2.63193
51		3.55427		4.47696		2.63157
52		3.54624		4.46644		2.62603
53		3.557		4.47525		2.63875
54		3.49121		4.4636		2.51882
55		3.46907		4.43433		2.50382
56		3.30241		4.28947		2.31534
57		3.3056		4.29387		2.31732
58		3.30647		4.29569		2.31725
59		3.50805		4.47293		2.54318
60		3.50868		4.47449		2.54287
61		3.50721		4.4727		2.54172
62		3.51		4.47227		2.54772
63		3.49439		4.45686		2.53192
64		3.50305		4.46317		2.54293
65		3.48269		4.41796		2.54742
66		3.48163		4.41783		2.54543
67		3.44781		4.40427		2.49135
68		3.41527		4.35378		2.47677
69		3.24948		3.99689		2.50207
70		3.24897		3.98752		2.51043
71		3.24711		3.98457		2.50966
72		3.24322		3.98054		2.50589
73		3.24126		3.97991		2.50261
74		3.24193		3.98686		2.49699
75		3.2426		3.99406		2.49113
76		3.24309		3.99969		2.48649
77		3.24309		3.99969		2.48649
78		3.24102		3.99621		2.48583
79		3.22654		3.97431		2.47876
80		3.34135		4.21319		2.46951
81		3.17248		3.87888		2.46608
82		3.16223		3.86216		2.46229
83		3.15354		3.84336		2.46372
84		3.15129		3.84025		2.46233
85		3.15148		3.84		2.46296
86		3.15012		3.83743		2.46281
87		3.14974		3.8351		2.46439
88		3.14473		3.83803		2.45143
89		3.14526		3.83875		2.45177
90		3.13849		3.83709		2.43989
91		3.10198		3.86384		2.34013
92		3.21865		3.82755		2.60974
93		3.21264		3.82843		2.59684
94		3.21676		3.8345		2.59903
95		3.07686		3.64375		2.50996
96		2.94521		3.59807		2.29235
97		2.97117		3.59878		2.34356
98		2.93126		3.58589		2.27663
99		2.92995		3.58585		2.27405
100		2.79985		3.59433		2.00538
101		2.82485		3.5904		2.05931
102		2.81647		3.57856		2.05439
103		2.81639		3.57915		2.05363
104		2.81486		3.58188		2.04783
105		2.80865		3.57346		2.04384
106		2.80798		3.57068		2.04529
107		2.79264		3.54272		2.04256
108		2.7839		3.53806		2.02974
109		2.65058		3.30846		1.9927
110		2.61927		3.26971		1.96883
111		2.63866		3.29153		1.9858
112		2.59827		3.16939		2.02714
113		2.43261		2.76937		2.09584
114		2.35043		2.74609		1.95477
115		2.32344		2.70032		1.94655
116		2.43432		2.73107		2.13757
117		2.26491		2.70983		1.82
118		2.25821		2.6934		1.82302
119		2.25518		2.68638		1.82397
120		2.25827		2.69116		1.82538
121		2.25616		2.6933		1.81902
122		2.25053		2.68791		1.81314
123		2.25162		2.6913		1.81195
124		2.25359		2.69608		1.8111
125		2.25273		2.69772		1.80774
126		2.25247		2.69721		1.80773
127		2.25079		2.69675		1.80483
128		2.25276		2.69924		1.80628
129		2.25153		2.6957		1.80735
130		2.25006		2.69234		1.80778
131		2.25201		2.69516		1.80887
132		2.25269		2.69689		1.80849
133		2.25598		2.70085		1.81112
134		2.2548		2.70221		1.80738
135		2.2556		2.70072		1.81048
136		2.25746		2.70025		1.81467
137		2.26207		2.69935		1.82478
138		2.26114		2.69763		1.82464
139		2.23464		2.71074		1.75855
140		2.22212		2.72172		1.72252
141		2.22173		2.72355		1.7199
142		2.21971		2.72351		1.7159
143		2.21952		2.72635		1.7127
144		2.22057		2.72906		1.71208
145		2.21793		2.71918		1.71668
146		2.21533		2.71431		1.71635
147		2.21367		2.71065		1.7167
148		2.21143		2.70548		1.71737
149		2.21263		2.71113		1.71413
150		2.21296		2.71109		1.71484
151		2.21371		2.71163		1.71578
152		2.21503		2.7121		1.71796
153		2.2155		2.71123		1.71977
154		2.21315		2.71159		1.71472
155		2.17412		2.70295		1.64529
156		2.18797		2.70285		1.67309
157		2.18601		2.69918		1.67283
158		2.18383		2.69553		1.67212
159		2.14117		2.6967		1.58563
160		1.97667		2.76423		1.18911
161		1.98216		2.76454		1.19977
162		1.98706		2.76467		1.20946
163		1.98553		2.76356		1.2075
164		1.98708		2.76415		1.21002
165		1.98541		2.76092		1.2099
166		1.98548		2.76074		1.21021
167		1.99137		2.76252		1.22022
168		1.83137		2.77165		0.89109
169		1.86389		2.76399		0.96378
170		1.97695		2.75743		1.19647
171		1.79758		2.78403		0.81113
172		1.76585		2.7971		0.73461
173		1.7413		2.71775		0.76485
174		1.55942		2.49402		0.62481
175		1.55654		2.4963		0.61677
176		1.59622		2.60252		0.58991
177		1.5858		2.58497		0.58663
178		1.64711		2.64758		0.64664
179		1.30573		2.12834		0.48311
180		1.28687		2.08818		0.48556
181		1.29577		2.11492		0.47662
182		1.40826		2.16212		0.6544
183		1.2546		1.82978		0.67943
184		1.14127		1.75604		0.52649
185		1.13318		1.76527		0.50109
186		1.12803		1.75175		0.50431
187		1.11754		1.72255		0.51253
188		1.12345		1.71987		0.52704
189		1.0957		1.70992		0.48149
190		1.08652		1.70569		0.46735
191		1.08416		1.70977		0.45856
192		1.0868		1.70741		0.46619
193		1.07023		1.67023		0.47024
194		1.0857		1.70324		0.46817
195		1.08562		1.70409		0.46715
196		1.07195		1.67798		0.46592
197		1.07162		1.67802		0.46521
198		1.07162		1.67802		0.46521
199		1.0714		1.67813		0.46466
200		1.07146		1.67816		0.46476
201		1.07022		1.67821		0.46224
202		1.07005		1.6788		0.4613
203		1.06892		1.67889		0.45895
204		1.06853		1.67862		0.45843
205		1.06874		1.67821		0.45928
206		1.06941		1.67876		0.46007
207		1.06959		1.67822		0.46097
208		1.06935		1.67719		0.46152
209		1.06674		1.67195		0.46154
210		1.06661		1.67274		0.46049
211		1.0654		1.67142		0.45938
212		1.06701		1.67375		0.46027
213		1.06845		1.67573		0.46118
214		1.06659		1.67172		0.46146
215		1.0643		1.66612		0.46248
216		1.06701		1.67059		0.46344
217		1.06977		1.6749		0.46464
218		1.0703		1.67487		0.46572
219		1.07022		1.67637		0.46406
220		1.07081		1.67758		0.46403
221		1.07168		1.67822		0.46513
222		1.07001		1.67692		0.46311
223		1.07061		1.67773		0.4635
224		1.0626		1.66134		0.46386
225		1.25603		2.12448		0.38759
226		1.25572		2.12459		0.38685
227		1.25547		2.12464		0.38629
228		1.25576		2.12497		0.38655
229		1.25646		2.12508		0.38784
230		1.25752		2.1267		0.38835
231		1.25815		2.12745		0.38886
232		1.25727		2.12786		0.38668
233		1.25655		2.12796		0.38514
234		1.25025		2.12859		0.37191
235		1.25074		2.12886		0.37262
236		1.25059		2.12909		0.37209
237		1.23893		2.12944		0.34843
238		1.24635		2.13087		0.36183
239		1.24839		2.13185		0.36493
240		1.2507		2.13243		0.36897
241		1.24638		2.13199		0.36076
242		1.2078		2.12863		0.28698
243		1.20102		2.12919		0.27285
244		1.19643		2.12896		0.2639
245		1.20025		2.12768		0.27283
246		1.1976		2.12868		0.26652
247		1.1999		2.12764		0.27215
248		1.20155		2.12802		0.27508
249		1.20445		2.12597		0.28292
250		1.20637		2.12815		0.28459
251		1.19613		2.11121		0.28105
252		1.20303		2.1361		0.26997
253		1.19923		2.13337		0.26509
254		1.19682		2.13203		0.2616
255		1.19207		2.12694		0.25721
256		1.19517		2.13116		0.25918
257		1.15583		2.08043		0.23122
258		0.98746		1.94073		0.03418
259		0.97719		1.93445		0.01993
260		0.93162		1.9183		-0.05506
261		0.93542		1.92122		-0.05038
262		0.93981		1.9242		-0.04457
263		0.93799		1.92576		-0.04978
264		0.93703		1.92487		-0.05081
265		0.9383		1.92476		-0.04816
266		0.94079		1.92638		-0.0448
267		0.941		1.9268		-0.04479
268		0.94039		1.92524		-0.04447
269		0.94185		1.92763		-0.04393
270		0.93737		1.91686		-0.04212
271		0.90222		1.90969		-0.10525
272		0.91348		1.93326		-0.10629
273		0.91429		1.93597		-0.10739
274		0.91452		1.93566		-0.10661
275		0.90963		1.9332		-0.11394
276		0.91408		1.93255		-0.10439
277		0.9139		1.93031		-0.10251
278		0.91197		1.93034		-0.1064
279		0.90683		1.92907		-0.11541
280		0.92972		1.9362		-0.07676
281		0.90944		1.92847		-0.1096
282		0.91011		1.92798		-0.10776
283		0.91275		1.92783		-0.10233
284		0.92701		1.93265		-0.07863
285		0.90904		1.92666		-0.10857
286		0.91146		1.92737		-0.10445
287		0.91789		1.92896		-0.09317
288		0.9147		1.92841		-0.09901
289		0.91739		1.92865		-0.09388
290		0.91497		1.92796		-0.09802
291		0.9062		1.92548		-0.11307
292		0.91329		1.92747		-0.10088
293		0.90957		1.92513		-0.106
294		0.90083		1.92156		-0.11989
295		0.89891		1.92023		-0.12241
296		0.89775		1.91907		-0.12356
297		0.89344		1.91846		-0.13159
298		0.89429		1.91935		-0.13078
299		0.89658		1.92219		-0.12903
300		0.90214		1.92568		-0.1214
301		0.90287		1.92786		-0.12212
302		0.90419		1.92854		-0.12016
303		0.90549		1.92885		-0.11787
304		0.90445		1.92857		-0.11966
305		0.90556		1.92833		-0.11721
306		0.90156		1.92736		-0.12424
307		0.90051		1.9263		-0.12528
308		0.90216		1.92662		-0.1223
309		0.90147		1.92682		-0.12389
310		0.90109		1.92672		-0.12453
311		0.9022		1.92664		-0.12224
312		0.90178		1.92624		-0.12267
313		0.90118		1.92628		-0.12392
314		0.90146		1.92577		-0.12286
315		0.89438		1.92376		-0.135
316		0.89708		1.924		-0.12984
317		0.90201		1.92733		-0.1233
318		0.90241		1.92784		-0.12302
319		0.90058		1.92769		-0.12653
320		0.89333		1.92584		-0.13919
321		0.89248		1.92581		-0.14085
322		0.89954		1.92748		-0.12839
323		0.90687		1.9296		-0.11586
324		0.91508		1.93314		-0.10297
325		0.90598		1.93093		-0.11897
326		0.90774		1.93341		-0.11793
327		0.908		1.93216		-0.11617
328		0.9079		1.93249		-0.11668
329		0.90616		1.93282		-0.1205
330		0.9052		1.93331		-0.12291
331		0.90734		1.93427		-0.1196
332		0.90446		1.93192		-0.12299
333		0.9038		1.93284		-0.12524
334		0.90407		1.93366		-0.12551
335		0.90415		1.93396		-0.12566
336		0.90367		1.93381		-0.12647
337		0.90358		1.93374		-0.12658
338		0.90332		1.93346		-0.12681
339		0.90653		1.93385		-0.12079
340		0.90613		1.93382		-0.12156
341		0.90587		1.9333		-0.12155
342		0.90137		1.93305		-0.13032
343		0.89778		1.93149		-0.13594
344		0.89431		1.93068		-0.14206
345		0.89673		1.93123		-0.13777
346		0.89103		1.92839		-0.14633
347		0.89088		1.92754		-0.14577
348		0.89971		1.95085		-0.15144
349		0.89204		1.93899		-0.1549
350		0.89244		1.93913		-0.15424
351		0.88666		1.93073		-0.1574
352		0.727		1.74727		-0.29327
353		0.71769		1.73974		-0.30436
354		0.72637		1.74701		-0.29428
355		0.67992		1.71228		-0.35245
356		0.69558		1.72311		-0.33195
357		0.69588		1.72383		-0.33207
358		0.67995		1.7133		-0.35339
359		0.69026		1.71932		-0.3388
360		0.65502		1.69735		-0.3873
361		0.65657		1.69849		-0.38535
362		0.64894		1.69441		-0.39652
363		0.64283		1.69032		-0.40467
364		0.63653		1.67887		-0.4058
365		0.63621		1.67832		-0.40591
366		0.6286		1.65603		-0.39884
367		0.62128		1.6485		-0.40595
368		0.41809		1.04733		-0.21114
369		0.39398		0.97971		-0.19174
370		0.39284		0.97222		-0.18653
371		0.39389		0.9728		-0.18502
372		0.38921		0.95656		-0.17813
373		0.38145		0.94145		-0.17856
374		0.37751		0.93077		-0.17574
375		0.38189		0.94475		-0.18096
376		0.38201		0.94489		-0.18086
377		0.38468		0.94592		-0.17655
378		0.38451		0.94588		-0.17686
379		0.3843		0.94571		-0.17712
380		0.38075		0.94367		-0.18217
381		0.38457		0.94559		-0.17644
382		0.38533		0.94573		-0.17507
383		0.38703		0.94628		-0.17221
384		0.38775		0.94655		-0.17104
385		0.3856		0.94533		-0.17413
386		0.37885		0.94115		-0.18345
387		0.37879		0.94101		-0.18344
388		0.37697		0.93989		-0.18595
389		0.37224		0.93731		-0.19284
390		0.37307		0.93758		-0.19145
391		0.36984		0.93596		-0.19628
392		0.37455		0.93844		-0.18934
393		0.37947		0.9413		-0.18236
394		0.37445		0.93832		-0.18943
395		0.37356		0.93777		-0.19065
396		0.3695		0.93552		-0.19652
397		0.36968		0.93561		-0.19626
398		0.36943		0.9356		-0.19674
399		0.37064		0.93605		-0.19478
400		0.36735		0.93418		-0.19948
401		0.3673		0.93412		-0.19952
402		0.3687		0.93487		-0.19747
403		0.37226		0.93677		-0.19226
404		0.37043		0.93576		-0.19491
405		0.36717		0.93402		-0.19969
406		0.36777		0.93437		-0.19883
407		0.36103		0.93079		-0.20873
408		0.36353		0.93209		-0.20503
409		0.3618		0.93155		-0.20796
410		0.36133		0.9317		-0.20904
411		0.36215		0.9325		-0.2082
412		0.36288		0.93329		-0.20753
413		0.36265		0.9336		-0.2083
414		0.36226		0.93386		-0.20933
415		0.36205		0.93265		-0.20854
416		0.36055		0.93233		-0.21123
417		0.36149		0.93201		-0.20904
418		0.36182		0.93219		-0.20856
419		0.36242		0.93211		-0.20727
420		0.36072		0.92888		-0.20743
421		0.37072		0.9564		-0.21496
422		0.36719		0.94667		-0.21228
423		0.36281		0.93796		-0.21234
424		0.36313		0.93702		-0.21075
425		0.34468		0.87897		-0.1896
426		0.1762		0.37848		-0.02609
427		0.17214		0.36739		-0.02312
428		0.12292		0.22696		0.01889
429		0.11431		0.20852		0.0201
430		0.11559		0.20282		0.02837
431		0.1153		0.20114		0.02945
432		0.11563		0.20145		0.02981
433		0.11544		0.2073		0.02358
434		0.11468		0.20704		0.02232
435		0.11253		0.19793		0.02713
436		0.11297		0.20889		0.01706
437		0.11159		0.20274		0.02044
438		0.10872		0.19732		0.02013
439		0.10665		0.19381		0.01948
440		0.10957		0.19591		0.02322
441		0.11271		0.19859		0.02682
442		0.10797		0.19613		0.01982
443		0.10786		0.19741		0.0183
444		0.10423		0.19523		0.01323
445		0.10601		0.196		0.01602
446		0.1036		0.19393		0.01326
447		0.10133		0.19205		0.01062
448		0.09955		0.19063		0.00846
449		0.09855		0.18987		0.00722
450		0.09955		0.19086		0.00823
451		0.09866		0.19054		0.00678
452		0.09789		0.18911		0.00667
453		0.09863		0.18988		0.00738
454		0.10062		0.19125		0.00999
455		0.10155		0.1923		0.01081
456		0.10183		0.19287		0.01079
457		0.10115		0.1925		0.0098
458		0.10078		0.19251		0.00905
459		0.10027		0.1916		0.00894
460		0.09981		0.1918		0.00781
461		0.09942		0.1912		0.00765
462		0.09919		0.19082		0.00757
463		0.0994		0.19093		0.00786
464		0.0993		0.19074		0.00786
465		0.09976		0.1913		0.00822
466		0.09859		0.19036		0.00681
467		0.09811		0.18989		0.00634
468		0.09764		0.18952		0.00576
469		0.09707		0.18898		0.00516
470		0.09678		0.18872		0.00484
471		0.09651		0.1885		0.00453
472		0.09636		0.18833		0.0044
473		0.09613		0.188		0.00427
474		0.09577		0.18715		0.00439
475		0.09566		0.18751		0.0038
476		0.09539		0.18765		0.00313
477		0.09503		0.18777		0.00228
478		0.09469		0.18761		0.00176
479		0.09355		0.18736		-0.00025
480		0.09352		0.18794		-0.0009
481		0.09398		0.18824		-0.00029
482		0.09425		0.18839		0.00011
483		0.09401		0.18845		-0.00043
484		0.09407		0.18861		-0.00046
485		0.0944		0.1887		0.0001
486		0.09438		0.18862		0.00014
487		0.09482		0.18864		0.001
488		0.09544		0.18891		0.00197
489		0.09557		0.18884		0.00229
490		0.09411		0.18829		-8e-05
491		0.09355		0.18805		-0.00096
492		0.09353		0.18792		-0.00086
493		0.09375		0.18802		-0.00053
494		0.09428		0.18853		3e-05
495		0.09448		0.18775		0.00122
496		0.09487		0.18834		0.00139
497		0.0948		0.18886		0.00073
498		0.09443		0.18767		0.00119
499		0.09273		0.18384		0.00163
500		0.09356		0.1831		0.00401
