episode	mbie-eb_reward_mean	mbie-eb_reward_std_up	mbie-eb_reward_std_down
1		1.0		3.0		-1.0
2		2.0		4.44949		-0.44949
3		1.0		3.0		-1.0
4		2.0		4.44949		-0.44949
5		2.0		4.44949		-0.44949
6		3.0		5.44949		0.55051
7		1.0		3.0		-1.0
8		2.0		4.44949		-0.44949
9		2.0		4.44949		-0.44949
10		2.0		4.44949		-0.44949
11		0.0		0.0		0.0
12		1.0		3.0		-1.0
13		0.0		0.0		0.0
14		0.0		0.0		0.0
15		0.0		0.0		0.0
16		0.0		0.0		0.0
17		0.0		0.0		0.0
18		0.0		0.0		0.0
19		0.0		0.0		0.0
20		1.0		3.0		-1.0
21		0.0		0.0		0.0
22		0.0		0.0		0.0
23		0.0		0.0		0.0
24		0.0		0.0		0.0
25		1.0		3.0		-1.0
26		0.0		0.0		0.0
27		0.0		0.0		0.0
28		0.0		0.0		0.0
29		0.0		0.0		0.0
30		0.0		0.0		0.0
31		2.0		4.44949		-0.44949
32		1.0		3.0		-1.0
33		0.0		0.0		0.0
34		0.0		0.0		0.0
35		1.0		3.0		-1.0
36		1.0		3.0		-1.0
37		0.0		0.0		0.0
38		0.0		0.0		0.0
39		0.0		0.0		0.0
40		0.0		0.0		0.0
41		1.0		3.0		-1.0
42		1.0		3.0		-1.0
43		1.0		3.0		-1.0
44		1.0		3.0		-1.0
45		1.0		3.0		-1.0
46		0.0		0.0		0.0
47		0.0		0.0		0.0
48		0.0		0.0		0.0
49		0.0		0.0		0.0
50		0.0		0.0		0.0
51		0.0		0.0		0.0
52		1.0		3.0		-1.0
53		1.0		3.0		-1.0
54		0.0		0.0		0.0
55		2000.0		6000.0		-2000.0
56		2000.0		6000.0		-2000.0
57		2002.0		6001.00063		-1997.00063
58		1.0		3.0		-1.0
59		2.0		4.44949		-0.44949
60		0.0		0.0		0.0
61		0.0		0.0		0.0
62		0.0		0.0		0.0
63		0.0		0.0		0.0
64		1.0		3.0		-1.0
65		0.0		0.0		0.0
66		0.0		0.0		0.0
67		1.0		3.0		-1.0
68		0.0		0.0		0.0
69		0.0		0.0		0.0
70		0.0		0.0		0.0
71		0.0		0.0		0.0
72		0.0		0.0		0.0
73		0.0		0.0		0.0
74		2.0		4.44949		-0.44949
75		2.0		4.44949		-0.44949
76		1.0		3.0		-1.0
77		1.0		3.0		-1.0
78		0.0		0.0		0.0
79		0.0		0.0		0.0
80		1.0		3.0		-1.0
81		1.0		3.0		-1.0
82		1.0		3.0		-1.0
83		1.0		3.0		-1.0
84		0.0		0.0		0.0
85		0.0		0.0		0.0
86		0.0		0.0		0.0
87		0.0		0.0		0.0
88		1.0		3.0		-1.0
89		0.0		0.0		0.0
90		1.0		3.0		-1.0
91		0.0		0.0		0.0
92		1.0		3.0		-1.0
93		0.0		0.0		0.0
94		2.0		4.44949		-0.44949
95		2.0		4.44949		-0.44949
96		0.0		0.0		0.0
97		0.0		0.0		0.0
98		2.0		4.44949		-0.44949
99		1.0		3.0		-1.0
100		0.0		0.0		0.0
101		0.0		0.0		0.0
102		0.0		0.0		0.0
103		0.0		0.0		0.0
104		0.0		0.0		0.0
105		1.0		3.0		-1.0
106		1.0		3.0		-1.0
107		0.0		0.0		0.0
108		0.0		0.0		0.0
109		0.0		0.0		0.0
110		0.0		0.0		0.0
111		0.0		0.0		0.0
112		1.0		3.0		-1.0
113		1.0		3.0		-1.0
114		0.0		0.0		0.0
115		0.0		0.0		0.0
116		0.0		0.0		0.0
117		0.0		0.0		0.0
118		0.0		0.0		0.0
119		0.0		0.0		0.0
120		1.0		3.0		-1.0
121		1.0		3.0		-1.0
122		1.0		3.0		-1.0
123		1.0		3.0		-1.0
124		1.0		3.0		-1.0
125		1.0		3.0		-1.0
126		0.0		0.0		0.0
127		1.0		3.0		-1.0
128		0.0		0.0		0.0
129		0.0		0.0		0.0
130		1.0		3.0		-1.0
131		1.0		3.0		-1.0
132		0.0		0.0		0.0
133		0.0		0.0		0.0
134		0.0		0.0		0.0
135		0.0		0.0		0.0
136		0.0		0.0		0.0
137		0.0		0.0		0.0
138		1.0		3.0		-1.0
139		2000.0		6000.0		-2000.0
140		2000.0		6000.0		-2000.0
141		2000.0		6000.0		-2000.0
142		2000.0		6000.0		-2000.0
143		0.0		0.0		0.0
144		0.0		0.0		0.0
145		0.0		0.0		0.0
146		1.0		3.0		-1.0
147		1.0		3.0		-1.0
148		3.0		5.44949		0.55051
149		2.0		4.44949		-0.44949
150		1.0		3.0		-1.0
151		0.0		0.0		0.0
152		1.0		3.0		-1.0
153		0.0		0.0		0.0
154		0.0		0.0		0.0
155		0.0		0.0		0.0
156		0.0		0.0		0.0
157		0.0		0.0		0.0
158		0.0		0.0		0.0
159		0.0		0.0		0.0
160		0.0		0.0		0.0
161		0.0		0.0		0.0
162		1.0		3.0		-1.0
163		1.0		3.0		-1.0
164		1.0		3.0		-1.0
165		1.0		3.0		-1.0
166		0.0		0.0		0.0
167		0.0		0.0		0.0
168		0.0		0.0		0.0
169		1.0		3.0		-1.0
170		1.0		3.0		-1.0
171		1.0		3.0		-1.0
172		0.0		0.0		0.0
173		0.0		0.0		0.0
174		1.0		3.0		-1.0
175		2001.0		6000.50047		-1998.50047
176		0.0		0.0		0.0
177		0.0		0.0		0.0
178		0.0		0.0		0.0
179		1.0		3.0		-1.0
180		0.0		0.0		0.0
181		0.0		0.0		0.0
182		0.0		0.0		0.0
183		2002.0		6001.00063		-1997.00063
184		2.0		4.44949		-0.44949
185		1.0		3.0		-1.0
186		0.0		0.0		0.0
187		0.0		0.0		0.0
188		0.0		0.0		0.0
189		0.0		0.0		0.0
190		0.0		0.0		0.0
191		0.0		0.0		0.0
192		0.0		0.0		0.0
193		0.0		0.0		0.0
194		2000.0		6000.0		-2000.0
195		1.0		3.0		-1.0
196		0.0		0.0		0.0
197		0.0		0.0		0.0
198		0.0		0.0		0.0
199		0.0		0.0		0.0
200		0.0		0.0		0.0
201		0.0		0.0		0.0
202		1.0		3.0		-1.0
203		1.0		3.0		-1.0
204		0.0		0.0		0.0
205		0.0		0.0		0.0
206		0.0		0.0		0.0
207		1.0		3.0		-1.0
208		0.0		0.0		0.0
209		1.0		3.0		-1.0
210		1.0		3.0		-1.0
211		0.0		0.0		0.0
212		1.0		3.0		-1.0
213		2.0		4.44949		-0.44949
214		1.0		3.0		-1.0
215		2.0		4.44949		-0.44949
216		3.0		5.44949		0.55051
217		0.0		0.0		0.0
218		0.0		0.0		0.0
219		0.0		0.0		0.0
220		0.0		0.0		0.0
221		0.0		0.0		0.0
222		0.0		0.0		0.0
223		2.0		4.44949		-0.44949
224		0.0		0.0		0.0
225		0.0		0.0		0.0
226		0.0		0.0		0.0
227		0.0		0.0		0.0
228		0.0		0.0		0.0
229		0.0		0.0		0.0
230		0.0		0.0		0.0
231		0.0		0.0		0.0
232		1.0		3.0		-1.0
233		0.0		0.0		0.0
234		0.0		0.0		0.0
235		0.0		0.0		0.0
236		0.0		0.0		0.0
237		0.0		0.0		0.0
238		1.0		3.0		-1.0
239		2.0		4.44949		-0.44949
240		2.0		4.44949		-0.44949
241		1.0		3.0		-1.0
242		1.0		3.0		-1.0
243		1.0		3.0		-1.0
244		2.0		4.44949		-0.44949
245		2.0		4.44949		-0.44949
246		2.0		4.44949		-0.44949
247		1.0		3.0		-1.0
248		0.0		0.0		0.0
249		1.0		3.0		-1.0
250		1.0		3.0		-1.0
251		1.0		3.0		-1.0
252		0.0		0.0		0.0
253		0.0		0.0		0.0
254		0.0		0.0		0.0
255		0.0		0.0		0.0
256		1.0		3.0		-1.0
257		0.0		0.0		0.0
258		0.0		0.0		0.0
259		0.0		0.0		0.0
260		0.0		0.0		0.0
261		0.0		0.0		0.0
262		0.0		0.0		0.0
263		2.0		4.44949		-0.44949
264		1.0		3.0		-1.0
265		1.0		3.0		-1.0
266		0.0		0.0		0.0
267		1.0		3.0		-1.0
268		0.0		0.0		0.0
269		0.0		0.0		0.0
270		0.0		0.0		0.0
271		1.0		3.0		-1.0
272		1.0		3.0		-1.0
273		0.0		0.0		0.0
274		1.0		3.0		-1.0
275		1.0		3.0		-1.0
276		0.0		0.0		0.0
277		0.0		0.0		0.0
278		2001.0		6000.50047		-1998.50047
279		0.0		0.0		0.0
280		0.0		0.0		0.0
281		0.0		0.0		0.0
282		0.0		0.0		0.0
283		0.0		0.0		0.0
284		0.0		0.0		0.0
285		0.0		0.0		0.0
286		2001.0		6000.50047		-1998.50047
287		3.0		5.44949		0.55051
288		1.0		3.0		-1.0
289		2.0		4.44949		-0.44949
290		0.0		0.0		0.0
291		1.0		3.0		-1.0
292		2.0		4.44949		-0.44949
293		1.0		3.0		-1.0
294		1.0		3.0		-1.0
295		0.0		0.0		0.0
296		0.0		0.0		0.0
297		0.0		0.0		0.0
298		0.0		0.0		0.0
299		0.0		0.0		0.0
300		0.0		0.0		0.0
301		0.0		0.0		0.0
302		1.0		3.0		-1.0
303		1.0		3.0		-1.0
304		0.0		0.0		0.0
305		0.0		0.0		0.0
306		0.0		0.0		0.0
307		2001.0		6000.50047		-1998.50047
308		2001.0		6000.50047		-1998.50047
309		0.0		0.0		0.0
310		0.0		0.0		0.0
311		1.0		3.0		-1.0
312		1.0		3.0		-1.0
313		1.0		3.0		-1.0
314		1.0		3.0		-1.0
315		1.0		3.0		-1.0
316		1.0		3.0		-1.0
317		1.0		3.0		-1.0
318		0.0		0.0		0.0
319		0.0		0.0		0.0
320		0.0		0.0		0.0
321		1.0		3.0		-1.0
322		2001.0		6000.50047		-1998.50047
323		1.0		3.0		-1.0
324		1.0		3.0		-1.0
325		1.0		3.0		-1.0
326		1.0		3.0		-1.0
327		1.0		3.0		-1.0
328		1.0		3.0		-1.0
329		0.0		0.0		0.0
330		1.0		3.0		-1.0
331		0.0		0.0		0.0
332		1.0		3.0		-1.0
333		0.0		0.0		0.0
334		0.0		0.0		0.0
335		0.0		0.0		0.0
336		0.0		0.0		0.0
337		0.0		0.0		0.0
338		0.0		0.0		0.0
339		0.0		0.0		0.0
340		1.0		3.0		-1.0
341		1.0		3.0		-1.0
342		2.0		4.44949		-0.44949
343		1.0		3.0		-1.0
344		1.0		3.0		-1.0
345		0.0		0.0		0.0
346		0.0		0.0		0.0
347		0.0		0.0		0.0
348		0.0		0.0		0.0
349		1.0		3.0		-1.0
350		1.0		3.0		-1.0
351		0.0		0.0		0.0
352		1.0		3.0		-1.0
353		0.0		0.0		0.0
354		1.0		3.0		-1.0
355		1.0		3.0		-1.0
356		2.0		4.44949		-0.44949
357		1.0		3.0		-1.0
358		2.0		4.44949		-0.44949
359		1.0		3.0		-1.0
360		0.0		0.0		0.0
361		1.0		3.0		-1.0
362		0.0		0.0		0.0
363		0.0		0.0		0.0
364		1.0		3.0		-1.0
365		0.0		0.0		0.0
366		0.0		0.0		0.0
367		1.0		3.0		-1.0
368		1.0		3.0		-1.0
369		1.0		3.0		-1.0
370		0.0		0.0		0.0
371		0.0		0.0		0.0
372		0.0		0.0		0.0
373		0.0		0.0		0.0
374		0.0		0.0		0.0
375		1.0		3.0		-1.0
376		1.0		3.0		-1.0
377		1.0		3.0		-1.0
378		0.0		0.0		0.0
379		1.0		3.0		-1.0
380		0.0		0.0		0.0
381		1.0		3.0		-1.0
382		2.0		4.44949		-0.44949
383		1.0		3.0		-1.0
384		0.0		0.0		0.0
385		0.0		0.0		0.0
386		0.0		0.0		0.0
387		1.0		3.0		-1.0
388		0.0		0.0		0.0
389		2001.0		6000.50047		-1998.50047
390		0.0		0.0		0.0
391		0.0		0.0		0.0
392		0.0		0.0		0.0
393		0.0		0.0		0.0
394		0.0		0.0		0.0
395		1.0		3.0		-1.0
396		1.0		3.0		-1.0
397		0.0		0.0		0.0
398		3.0		5.44949		0.55051
399		2.0		4.44949		-0.44949
400		2.0		4.44949		-0.44949
401		0.0		0.0		0.0
402		0.0		0.0		0.0
403		0.0		0.0		0.0
404		0.0		0.0		0.0
405		1.0		3.0		-1.0
406		0.0		0.0		0.0
407		2001.0		6000.50047		-1998.50047
408		0.0		0.0		0.0
409		1.0		3.0		-1.0
410		0.0		0.0		0.0
411		0.0		0.0		0.0
412		0.0		0.0		0.0
413		1.0		3.0		-1.0
414		0.0		0.0		0.0
415		0.0		0.0		0.0
416		0.0		0.0		0.0
417		0.0		0.0		0.0
418		0.0		0.0		0.0
419		0.0		0.0		0.0
420		0.0		0.0		0.0
421		3.0		5.44949		0.55051
422		1.0		3.0		-1.0
423		1.0		3.0		-1.0
424		0.0		0.0		0.0
425		1.0		3.0		-1.0
426		2.0		4.44949		-0.44949
427		1.0		3.0		-1.0
428		0.0		0.0		0.0
429		0.0		0.0		0.0
430		0.0		0.0		0.0
431		0.0		0.0		0.0
432		1.0		3.0		-1.0
433		0.0		0.0		0.0
434		0.0		0.0		0.0
435		1.0		3.0		-1.0
436		0.0		0.0		0.0
437		1.0		3.0		-1.0
438		1.0		3.0		-1.0
439		1.0		3.0		-1.0
440		0.0		0.0		0.0
441		0.0		0.0		0.0
442		0.0		0.0		0.0
443		1.0		3.0		-1.0
444		0.0		0.0		0.0
445		0.0		0.0		0.0
446		0.0		0.0		0.0
447		1.0		3.0		-1.0
448		0.0		0.0		0.0
449		0.0		0.0		0.0
450		0.0		0.0		0.0
451		2001.0		6000.50047		-1998.50047
452		0.0		0.0		0.0
453		1.0		3.0		-1.0
454		1.0		3.0		-1.0
455		1.0		3.0		-1.0
456		1.0		3.0		-1.0
457		0.0		0.0		0.0
458		1.0		3.0		-1.0
459		1.0		3.0		-1.0
460		1.0		3.0		-1.0
461		1.0		3.0		-1.0
462		1.0		3.0		-1.0
463		1.0		3.0		-1.0
464		1.0		3.0		-1.0
465		0.0		0.0		0.0
466		2000.0		6000.0		-2000.0
467		1.0		3.0		-1.0
468		0.0		0.0		0.0
469		0.0		0.0		0.0
470		0.0		0.0		0.0
471		0.0		0.0		0.0
472		0.0		0.0		0.0
473		0.0		0.0		0.0
474		0.0		0.0		0.0
475		0.0		0.0		0.0
476		1.0		3.0		-1.0
477		1.0		3.0		-1.0
478		1.0		3.0		-1.0
479		0.0		0.0		0.0
480		0.0		0.0		0.0
481		1.0		3.0		-1.0
482		2.0		4.44949		-0.44949
483		2.0		4.44949		-0.44949
484		1.0		3.0		-1.0
485		1.0		3.0		-1.0
486		1.0		3.0		-1.0
487		1.0		3.0		-1.0
488		0.0		0.0		0.0
489		0.0		0.0		0.0
490		1.0		3.0		-1.0
491		0.0		0.0		0.0
492		1.0		3.0		-1.0
493		0.0		0.0		0.0
494		0.0		0.0		0.0
495		1.0		3.0		-1.0
496		2.0		4.44949		-0.44949
497		0.0		0.0		0.0
498		0.0		0.0		0.0
499		0.0		0.0		0.0
500		0.0		0.0		0.0
