step	mediator-random_runtime_mean	mediator-random_runtime_std_up	mediator-random_runtime_std_down
1		0.00018		0.00022		0.00015
2		0.66706		1.04312		0.291
3		0.89487		1.43911		0.35063
4		1.01853		1.464		0.57306
5		1.08657		1.55293		0.6202
6		1.09774		1.5654		0.63008
7		1.22115		1.86791		0.57439
8		1.23237		1.882		0.58274
9		1.30494		1.95202		0.65786
10		1.37665		1.94366		0.80965
11		1.38796		1.95846		0.81745
12		1.59936		2.31237		0.88635
13		1.6586		2.36542		0.95178
14		1.80096		2.66099		0.94092
15		1.86127		2.71998		1.00256
16		2.06475		3.08447		1.04504
17		2.21767		3.40221		1.03313
18		2.47644		3.75102		1.20186
19		2.54315		3.81082		1.27548
20		2.80354		4.15842		1.44865
21		3.00848		4.30611		1.71085
22		3.23215		4.69891		1.7654
23		3.69634		5.36027		2.0324
24		4.08658		5.76793		2.40524
25		4.53281		6.3256		2.74003
26		4.89308		6.6382		3.14795
27		5.26582		7.08779		3.44386
28		5.68138		7.41708		3.94569
29		6.0503		7.86209		4.23852
30		6.45838		8.18471		4.73206
31		6.80621		8.62381		4.98861
32		7.1352		8.91239		5.358
33		7.57667		9.39358		5.75977
34		7.88943		9.66997		6.1089
35		8.29577		10.13168		6.45987
36		8.65229		10.41134		6.89324
37		9.004		10.759		7.249
38		9.3811		11.14301		7.61919
39		9.69444		11.44084		7.94803
40		10.11667		11.88294		8.35039
41		10.4284		12.18064		8.67616
42		10.85561		12.62128		9.08994
43		11.17359		12.92523		9.42195
44		11.60102		13.36925		9.83279
45		11.92228		13.68313		10.16143
46		12.34334		14.12004		10.56664
47		12.60472		14.38269		10.82675
48		13.01756		14.79242		11.2427
49		13.32054		15.08991		11.55116
50		13.72517		15.50557		11.94477
51		14.01602		15.78401		12.24803
52		14.37826		16.0787		12.67782
53		14.69685		16.4739		12.91981
54		15.02266		16.75808		13.28723
55		15.34353		17.06472		13.62233
56		15.65735		17.44121		13.87349
57		15.94566		17.73638		14.15494
58		16.33756		18.13473		14.54039
59		16.61536		18.40653		14.82418
60		16.96691		18.69424		15.23958
61		17.24602		19.03717		15.45487
62		17.59639		19.34354		15.84924
63		17.91837		19.72394		16.1128
64		18.22771		19.98184		16.47358
65		18.50597		20.25854		16.75341
66		18.85544		20.61997		17.09092
67		19.19489		20.96439		17.42539
68		19.55404		21.3495		17.75858
69		19.94993		21.75258		18.14728
70		20.3016		22.13002		18.47318
71		20.69743		22.53321		18.86166
72		20.98213		22.79885		19.16541
73		21.35585		23.1814		19.5303
74		21.66529		23.54757		19.78301
75		22.00384		23.92928		20.0784
76		22.34189		24.27248		20.4113
77		22.67016		24.64754		20.69278
78		22.9974		24.98401		21.01078
79		23.31504		25.3709		21.25918
80		23.67691		25.74984		21.60399
81		23.97483		26.10115		21.84852
82		24.33994		26.48301		22.19687
83		24.65566		26.87728		22.43404
84		25.02844		27.2853		22.77157
85		25.33194		27.64795		23.01594
86		25.70853		28.03644		23.38062
87		26.01636		28.40491		23.62781
88		26.34902		28.76614		23.9319
89		26.65695		29.13237		24.18154
90		26.9997		29.50095		24.49844
91		27.33771		29.88358		24.79183
92		27.70154		30.25429		25.1488
93		28.05203		30.6554		25.44866
94		28.42107		31.04426		25.79787
95		28.75415		31.41101		26.09729
96		29.11813		31.79551		26.44076
97		29.41416		32.13721		26.69112
98		29.78623		32.53252		27.03994
99		30.14211		32.90338		27.38085
100		30.50463		33.31604		27.69321
101		30.82452		33.69192		27.95712
102		31.17196		34.07807		28.26585
103		31.49738		34.45714		28.53762
104		31.88635		34.8587		28.914
105		32.22147		35.24012		29.20282
106		32.59437		35.61194		29.5768
107		32.91689		35.99234		29.84144
108		33.29061		36.37407		30.20716
109		33.62074		36.75826		30.48321
110		33.97109		37.13909		30.80309
111		34.31148		37.50691		31.11605
112		34.69963		37.88415		31.51512
113		35.04694		38.26458		31.82931
114		35.42184		38.63706		32.20662
115		35.78121		39.02123		32.54118
116		36.14903		39.38723		32.91083
117		36.48856		39.74884		33.22827
118		36.82433		40.10569		33.54297
119		37.20647		40.50949		33.90346
120		37.5463		40.88716		34.20543
121		37.90718		41.24823		34.56612
122		38.2594		41.63779		34.88101
123		38.627		42.01609		35.23792
124		38.95531		42.38758		35.52303
125		39.31321		42.75182		35.8746
126		39.64176		43.12482		36.15871
127		40.02196		43.51846		36.52546
128		40.38525		43.94409		36.82642
129		40.76862		44.35505		37.18219
130		41.09832		44.72017		37.47647
131		41.45		45.08302		37.81698
132		41.77571		45.43944		38.11199
133		42.11		45.81388		38.40611
134		42.47787		46.18629		38.76945
135		42.83251		46.60646		39.05857
136		43.20614		46.98049		39.4318
137		43.53342		47.34967		39.71716
138		43.90085		47.72246		40.07925
139		44.24049		48.10582		40.37516
140		44.59245		48.4611		40.72381
141		44.92954		48.84342		41.01566
142		45.27684		49.19802		41.35567
143		45.62674		49.5837		41.66978
144		45.98088		49.94224		42.01951
145		46.32736		50.33587		42.31885
146		46.68895		50.69567		42.68223
147		47.0078		51.05912		42.95647
148		47.35617		51.4151		43.29724
149		47.6823		51.79245		43.57215
150		48.04165		52.16635		43.91695
151		48.36735		52.54121		44.19349
152		48.70631		52.88679		44.52583
153		49.02834		53.25165		44.80504
154		49.3727		53.59984		45.14556
155		49.6992		53.96962		45.42878
156		50.05013		54.32645		45.7738
157		50.39929		54.72003		46.07855
158		50.74194		55.0694		46.41448
159		51.07067		55.45978		46.68156
160		51.39871		55.83319		46.96423
161		51.71954		56.18407		47.25501
162		52.07436		56.5453		47.60341
163		52.43671		56.88429		47.98914
164		52.7917		57.24721		48.3362
165		53.12708		57.57565		48.67851
166		53.57177		57.93062		49.21292
167		53.93707		58.25998		49.61416
168		54.39139		58.56332		50.21946
169		54.82331		58.93242		50.71419
170		55.19444		59.27912		51.10977
171		55.5317		59.60568		51.45771
172		55.91856		59.98828		51.84884
173		56.26651		60.32724		52.20578
174		56.62404		60.66535		52.58273
175		56.98411		60.99956		52.96865
176		57.3437		61.33679		53.3506
177		57.68383		61.67505		53.69261
178		58.03581		62.03216		54.03946
179		58.41005		62.47054		54.34955
180		58.82202		63.02059		54.62346
181		59.22138		63.54121		54.90155
182		59.63953		64.12979		55.14927
183		60.02729		64.62497		55.42961
184		60.42847		65.16465		55.69228
185		60.8137		65.66149		55.96591
186		61.21229		66.19527		56.22932
187		61.61426		66.73844		56.49008
188		62.0455		67.36085		56.73015
189		62.45076		67.90936		56.99216
190		62.89095		68.56044		57.22147
191		63.29508		69.10001		57.49015
192		63.716		69.70236		57.72965
193		64.15105		70.3045		57.9976
194		64.64478		71.04783		58.24172
195		65.108		71.72713		58.48888
196		65.53921		72.3226		58.75582
197		66.00145		72.93236		59.07054
198		66.46893		73.59881		59.33904
199		66.86628		74.13901		59.59356
200		67.29383		74.759		59.82866
201		67.68102		75.24735		60.11468
202		68.09836		75.82948		60.36725
203		68.48769		76.35764		60.61774
204		68.89116		76.88491		60.89742
205		69.34106		77.51202		61.17011
206		69.75899		78.07787		61.44011
207		70.17559		78.64888		61.7023
208		70.56912		79.163		61.97525
209		70.99522		79.80512		62.18533
210		71.39856		80.33578		62.46135
211		71.78306		80.84938		62.71674
212		72.32277		81.5366		63.10895
213		72.77084		82.1156		63.42608
214		73.20625		82.66605		63.74644
215		73.68058		83.27915		64.08201
216		74.10989		83.86049		64.35929
217		74.54029		84.45123		64.62935
218		74.94445		84.96289		64.92601
219		75.33833		85.49341		65.18326
220		75.71478		85.98136		65.4482
221		76.11074		86.51633		65.70516
222		76.50985		87.04839		65.97131
223		76.92702		87.65237		66.20167
224		77.39134		88.17032		66.61236
225		77.82743		88.71617		66.93869
226		78.24911		89.21735		67.28088
227		78.68439		89.81474		67.55404
228		79.12881		90.36958		67.88805
229		79.52448		90.85901		68.18995
230		79.92069		91.38781		68.45357
231		80.32273		91.97145		68.67401
232		80.7454		92.62175		68.86905
233		81.16378		93.26447		69.06309
234		81.56408		93.85086		69.27729
235		81.93459		94.35147		69.5177
236		82.34383		94.94635		69.7413
237		82.72851		95.47129		69.98573
238		83.13473		96.09872		70.17074
239		83.54407		96.65902		70.42912
240		83.96676		97.31541		70.61811
241		84.34964		97.85005		70.84923
242		84.75404		98.4401		71.06798
243		85.15249		98.97356		71.33143
244		85.65206		99.66462		71.6395
245		86.10072		100.27697		71.92447
246		86.50831		100.82618		72.19045
247		86.95668		101.43753		72.47582
248		87.41163		101.98759		72.83566
249		87.86341		102.57719		73.14964
250		88.28064		103.09795		73.46333
