step	mediator-random_inst_loss_mean	mediator-random_inst_loss_std_up	mediator-random_inst_loss_std_down
1		77.99234		127.84522		28.13946
2		26.51108		77.33943		-24.31728
3		24.4973		106.40811		-57.4135
4		32.60482		113.98135		-48.77172
5		10.45722		105.22127		-84.30682
6		24.64397		119.42387		-70.13593
7		12.30466		94.89405		-70.28474
8		12.95227		87.63021		-61.72567
9		17.04306		97.0316		-62.94548
10		-2.51448		60.81736		-65.84633
11		7.58045		79.60048		-64.43958
12		-2.24785		75.16772		-79.66343
13		11.2702		96.97712		-74.43671
14		15.27246		101.26465		-70.71973
15		12.66718		91.13916		-65.80479
16		3.1066		77.69731		-71.4841
17		16.90647		99.39332		-65.58037
18		21.20538		104.05356		-61.64281
19		35.95782		127.13766		-55.22203
20		41.25942		133.25819		-50.73935
21		40.02188		145.91433		-65.87057
22		48.94648		155.13319		-57.24024
23		61.74988		178.79498		-55.29522
24		71.81806		189.74445		-46.10834
25		34.68886		141.73382		-72.3561
26		36.51459		116.49246		-43.46327
27		41.8455		132.48566		-48.79465
28		40.63881		136.75319		-55.47558
29		49.59587		154.99109		-55.79934
30		45.388		156.82147		-66.04547
31		40.95866		127.33537		-45.41805
32		36.2962		97.06349		-24.47109
33		14.34289		67.63661		-38.95083
34		28.73414		85.19739		-27.72911
35		33.65556		92.7053		-25.39419
36		14.97236		58.10087		-28.15616
37		8.94219		77.44454		-59.56015
38		2.59465		64.6626		-59.4733
39		12.95849		85.19454		-59.27757
40		20.45869		89.58686		-48.66947
41		14.71728		76.81045		-47.37589
42		8.6737		65.38156		-48.03417
43		-14.73343		37.33436		-66.80122
44		-1.87251		49.88204		-53.62706
45		1.43803		58.95315		-56.07709
46		-1.89538		42.15049		-45.94124
47		4.82305		56.92713		-47.28104
48		-1.74129		70.06638		-73.54896
49		-8.65112		50.94529		-68.24752
50		1.12083		67.04716		-64.80549
51		7.99801		74.1772		-58.18119
52		18.64623		91.50403		-54.21158
53		26.44579		99.9214		-47.02983
54		38.06494		118.60511		-42.47522
55		46.88654		128.44906		-34.67597
56		42.53608		146.53163		-61.45948
57		37.95664		132.83918		-56.92591
58		33.13617		131.54028		-65.26794
59		45.10745		142.11788		-51.90297
60		54.29971		162.98238		-54.38295
61		50.33941		178.80685		-78.12803
62		63.21612		200.3078		-73.87555
63		56.31602		196.18851		-83.55648
64		38.82547		167.72168		-90.07074
65		17.00528		146.30538		-112.29482
66		14.4912		134.23436		-105.25195
67		22.07208		150.46729		-106.32312
68		16.41559		126.6705		-93.83933
69		10.46138		119.11159		-98.18882
70		4.1938		106.11311		-97.72551
71		-2.40365		86.02418		-90.83149
72		7.69711		97.83473		-82.44051
73		-2.12505		95.03334		-99.28344
74		-5.64599		69.47069		-80.76267
75		0.87504		87.83427		-86.0842
76		-5.89709		86.8695		-98.66368
77		4.01981		107.20926		-99.16964
78		11.04956		114.11966		-92.02054
79		4.81294		100.25		-90.62413
80		15.29352		113.32789		-82.74084
81		5.87117		88.12451		-76.38217
82		19.81654		109.17979		-69.54671
83		24.26861		115.54323		-67.00601
84		22.13681		106.11373		-61.84011
85		13.07464		96.06255		-69.91328
86		27.39914		116.8717		-62.07342
87		15.20483		121.90914		-91.49947
88		16.00509		132.41057		-100.40039
89		20.25655		141.1665		-100.65339
90		0.86814		103.43363		-101.69735
91		11.14111		122.50622		-100.224
92		18.54566		132.35721		-95.26589
93		29.74902		152.95313		-93.45509
94		38.13294		164.40688		-88.141
95		33.32176		137.16082		-70.5173
96		28.25735		109.26732		-52.75261
97		5.88095		72.28017		-60.51828
98		2.78138		70.35942		-64.79666
99		-7.29951		72.08425		-86.68326
100		-11.09278		40.49673		-62.6823
101		-4.85843		56.28336		-66.00022
102		-11.93232		62.0761		-85.94074
103		-36.42397		13.74389		-86.59184
104		-24.70466		32.56611		-81.97543
105		-22.59581		33.21419		-78.40582
106		-10.1487		53.06266		-73.36007
107		-7.27376		54.78927		-69.33678
108		5.97978		75.77456		-63.815
109		9.70359		78.69638		-59.28919
110		-10.24024		73.46698		-93.94745
111		-0.55192		81.51188		-82.61572
112		6.23721		98.65978		-86.18535
113		16.79276		108.03046		-74.44494
114		7.44931		78.50418		-63.60555
115		-12.61316		58.94876		-84.17508
116		-20.09519		40.55874		-80.74913
117		-10.92556		55.93741		-77.78853
118		-21.72787		37.72259		-81.17833
119		-26.28053		28.43978		-81.00083
120		-20.84553		31.89364		-73.58471
121		-11.71539		48.64058		-72.07136
122		-5.51381		53.15698		-64.1846
123		-12.62219		40.00972		-65.2541
124		-3.05925		49.49497		-55.61346
125		-13.44753		49.06764		-75.96271
126		-0.51893		62.55135		-63.58921
127		2.86285		71.97293		-66.24724
128		-0.39557		67.41642		-68.20756
129		6.40179		80.35151		-67.54793
130		16.966		92.21706		-58.28505
131		-9.41378		68.13483		-86.96238
132		-9.90924		70.39304		-90.21152
133		-7.02169		76.59761		-90.64098
134		-10.80034		46.46579		-68.06647
135		-4.5506		61.32302		-70.42421
136		5.43717		69.16846		-58.29413
137		12.54152		85.22259		-60.13956
138		6.38342		80.69236		-67.92553
139		-0.0988		87.83224		-88.02984
140		10.12328		97.19659		-76.95003
141		0.42881		63.9081		-63.05049
142		14.08774		81.98644		-53.81096
143		18.23829		88.61527		-52.13869
144		15.78911		57.50528		-25.92706
145		6.39284		67.82966		-55.04398
146		20.36567		78.88337		-38.15203
147		7.80119		47.07602		-31.47365
148		25.25723		66.59916		-16.0847
149		26.58656		70.10438		-16.93127
150		-23.15051		4.60981		-50.91084
151		-10.7326		19.849		-41.3142
152		-7.88838		22.90445		-38.68121
153		5.3328		39.10996		-28.44435
154		9.02257		43.17946		-25.13432
155		6.08835		24.39185		-12.21515
156		13.22697		32.89847		-6.44453
157		24.1504		44.36221		3.93859
158		32.23966		53.92612		10.55319
159		44.16375		66.49892		21.82858
160		36.26089		74.73367		-2.21189
161		34.76026		59.90457		9.61596
162		43.40793		73.56154		13.25432
163		55.91983		83.92184		27.91783
164		48.63571		77.07323		20.19819
165		13.69548		71.47083		-44.07986
166		11.00721		74.9508		-52.93638
167		1.35926		54.58454		-51.86602
168		15.06717		73.65055		-43.51622
169		19.26927		78.36142		-39.82289
170		16.87435		83.1143		-49.3656
171		7.5352		88.36586		-73.29547
172		4.5227		60.25044		-51.20505
173		-5.46654		34.64238		-45.57545
174		-9.16334		34.68386		-53.01054
175		-2.82744		42.43712		-48.092
176		-9.79444		42.93736		-62.52624
177		-0.08266		53.77693		-53.94225
178		6.73117		65.04281		-51.58047
179		17.31272		77.04649		-42.42106
180		25.04209		89.53931		-39.45512
181		36.58737		102.83297		-29.65823
182		45.3312		116.6849		-26.0225
183		57.94433		131.40796		-15.5193
184		67.81221		146.76554		-11.14112
185		81.60855		163.07246		0.14464
186		75.67646		139.82566		11.52727
187		42.15943		85.98621		-1.66734
188		23.92381		82.9118		-35.06418
189		18.36477		84.98937		-48.25982
190		29.55861		101.5764		-42.45917
191		37.93251		111.83051		-35.96549
192		33.11078		86.97104		-20.74949
193		28.03527		74.37941		-18.30888
194		5.64717		75.68884		-64.3945
195		19.58075		91.01994		-51.85844
196		24.02041		101.49443		-53.45362
197		21.87555		115.14677		-71.39568
198		29.84508		126.88326		-67.19311
199		41.64314		144.91321		-61.62694
200		50.65307		158.21704		-56.9109
201		63.54628		177.89713		-50.80457
202		73.70901		192.9376		-45.51957
203		70.77027		204.20735		-62.66682
204		67.67682		194.84978		-59.49615
205		64.4206		174.01086		-45.16967
206		60.99294		150.38461		-28.39873
207		57.38496		136.58055		-21.81064
208		70.63257		152.15106		-10.88593
209		47.07761		133.63052		-39.4753
210		15.46403		74.61631		-43.68825
211		9.45986		59.1408		-40.22108
212		3.13941		62.72582		-56.44699
213		13.53161		76.91996		-49.85673
214		21.06225		87.0934		-44.96889
215		15.35296		65.3002		-34.59429
216		9.34237		61.96789		-43.28315
217		-31.07139		45.49345		-107.63624
218		-15.65929		64.93528		-96.25386
219		-16.48346		68.35293		-101.31985
220		-34.39991		28.98732		-97.78714
221		-29.39406		41.22708		-100.0152
222		-20.71027		49.7075		-91.12803
223		-32.02285		16.2088		-80.2545
224		-20.06364		33.23502		-73.36231
225		-17.71325		35.84542		-71.27192
226		-22.05819		50.60839		-94.72476
227		-16.41037		54.74075		-87.56148
228		-7.02824		73.21209		-87.26857
229		-0.59624		78.53045		-79.72294
230		9.63177		98.27848		-79.01494
231		16.92871		104.9104		-71.05298
232		10.96444		86.4538		-64.52493
233		4.77212		69.09866		-59.55442
234		-19.06504		24.11128		-62.24135
235		-40.26961		3.92473		-84.46394
236		-31.99507		12.83515		-76.8253
237		-27.00708		21.7487		-75.76287
238		-17.91261		31.76243		-67.58764
239		-12.29038		41.46949		-66.05024
240		-20.08855		33.41013		-73.58724
241		-11.57607		46.36021		-69.51235
242		-4.7904		54.37619		-63.957
243		-11.10182		33.06943		-55.27308
244		-19.50285		17.0223		-56.028
245		-12.27284		24.73134		-49.27702
246		-4.37183		37.22788		-45.97154
247		2.21331		44.25837		-39.83175
248		12.141		60.85503		-36.57303
249		17.1		66.79145		-32.59145
250		0.0		0.0		0.0
