step	mediator-random_reward_mean	mediator-random_reward_std_up	mediator-random_reward_std_down
1		-0.8		-0.4		-1.2
2		18.6		43.42418		-6.22418
3		27.8		52.54187		3.05813
4		26.8		51.54187		2.05813
5		46.0		101.32088		-9.32088
6		45.0		100.32088		-10.32088
7		44.0		99.32088		-11.32088
8		43.0		98.32088		-12.32088
9		42.0		97.32088		-13.32088
10		41.0		96.32088		-14.32088
11		40.0		95.32088		-15.32088
12		39.0		94.32088		-16.32088
13		38.0		93.32088		-17.32088
14		37.0		92.32088		-18.32088
15		36.0		91.32088		-19.32088
16		95.4		202.88321		-12.08321
17		94.4		201.88321		-13.08321
18		93.4		200.88321		-14.08321
19		92.4		199.88321		-15.08321
20		91.4		198.88321		-16.08321
21		110.6		255.25628		-34.05628
22		109.6		254.25628		-35.05628
23		108.6		253.25628		-36.05628
24		107.6		252.25628		-37.05628
25		106.6		251.25628		-38.05628
26		105.6		250.25628		-39.05628
27		104.6		249.25628		-40.05628
28		123.8		307.00087		-59.40087
29		122.8		306.00087		-60.40087
30		172.2		349.63213		-5.23213
31		171.2		348.63213		-6.23213
32		170.2		347.63213		-7.23213
33		169.2		346.63213		-8.23213
34		168.2		345.63213		-9.23213
35		167.2		344.63213		-10.23213
36		166.2		343.63213		-11.23213
37		185.4		398.34938		-27.54938
38		214.6		446.55569		-17.35569
39		223.8		449.95782		-2.35782
40		222.8		448.95782		-3.35782
41		221.8		447.95782		-4.35782
42		220.8		446.95782		-5.35782
43		219.8		445.95782		-6.35782
44		218.8		444.95782		-7.35782
45		217.8		443.95782		-8.35782
46		247.0		466.46207		27.53793
47		246.0		465.46207		26.53793
48		275.2		468.05995		82.34005
49		274.2		467.05995		81.34005
50		273.2		466.05995		80.34005
51		292.4		516.57011		68.22989
52		291.4		515.57011		67.22989
53		290.4		514.57011		66.22989
54		319.8		572.17543		67.42457
55		318.8		571.17543		66.42457
56		317.8		570.17543		65.42457
57		316.8		569.17543		64.42457
58		315.8		568.17543		63.42457
59		335.0		580.85606		89.14394
60		334.0		579.85606		88.14394
61		333.0		578.85606		87.14394
62		332.0		577.85606		86.14394
63		341.2		584.15135		98.24865
64		340.2		583.15135		97.24865
65		339.2		582.15135		96.24865
66		338.2		581.15135		95.24865
67		387.6		674.56104		100.63896
68		406.8		689.49163		124.10837
69		405.8		688.49163		123.10837
70		425.0		678.8212		171.1788
71		424.0		677.8212		170.1788
72		423.0		676.8212		169.1788
73		432.2		681.16859		183.23141
74		431.2		680.16859		182.23141
75		430.2		679.16859		181.23141
76		429.2		678.16859		180.23141
77		448.4		696.5722		200.2278
78		477.6		684.20165		270.99835
79		476.6		683.20165		269.99835
80		475.6		682.20165		268.99835
81		474.6		681.20165		267.99835
82		473.6		680.20165		266.99835
83		472.6		679.20165		265.99835
84		501.8		678.08205		325.51795
85		500.8		677.08205		324.51795
86		540.2		691.51081		388.88919
87		539.2		690.51081		387.88919
88		538.2		689.51081		386.88919
89		547.4		695.31565		399.48435
90		546.4		694.31565		398.48435
91		545.4		693.31565		397.48435
92		544.4		692.31565		396.48435
93		543.4		691.31565		395.48435
94		542.4		690.31565		394.48435
95		551.6		718.50189		384.69811
96		550.6		717.50189		383.69811
97		579.8		749.89221		409.70779
98		578.8		748.89221		408.70779
99		577.8		747.89221		407.70779
100		597.0		763.32138		430.67862
101		596.0		762.32138		429.67862
102		595.0		761.32138		428.67862
103		594.0		760.32138		427.67862
104		643.4		835.52558		451.27442
105		672.6		824.32422		520.87578
106		691.8		881.80463		501.79537
107		690.8		880.80463		500.79537
108		689.8		879.80463		499.79537
109		709.0		938.01441		479.98559
110		708.0		937.01441		478.98559
111		747.4		972.93634		521.86366
112		746.4		971.93634		520.86366
113		745.4		970.93634		519.86366
114		774.6		987.46108		561.73892
115		773.6		986.46108		560.73892
116		802.8		1019.70864		585.89136
117		832.0		1055.43769		608.56231
118		851.2		1104.66037		597.73963
119		880.4		1095.04818		665.75182
120		899.6		1099.6346		699.5654
121		908.8		1096.18666		721.41334
122		907.8		1095.18666		720.41334
123		927.0		1116.3811		737.6189
124		926.0		1115.3811		736.6189
125		925.0		1114.3811		735.6189
126		924.0		1113.3811		734.6189
127		923.0		1112.3811		733.6189
128		952.2		1159.7499		744.6501
129		951.2		1158.7499		743.6501
130		950.2		1157.7499		742.6501
131		949.2		1156.7499		741.6501
132		978.4		1191.29396		765.50604
133		977.4		1190.29396		764.50604
134		976.4		1189.29396		763.50604
135		1005.6		1246.44817		764.75183
136		1004.6		1245.44817		763.75183
137		1003.6		1244.44817		762.75183
138		1002.6		1243.44817		761.75183
139		1031.8		1311.0636		752.5364
140		1030.8		1310.0636		751.5364
141		1029.8		1309.0636		750.5364
142		1028.8		1308.0636		749.5364
143		1058.0		1302.63033		813.36967
144		1057.0		1301.63033		812.36967
145		1056.0		1300.63033		811.36967
146		1055.0		1299.63033		810.36967
147		1054.0		1298.63033		809.36967
148		1053.0		1297.63033		808.36967
149		1052.0		1296.63033		807.36967
150		1071.2		1332.08572		810.31428
151		1070.2		1331.08572		809.31428
152		1069.2		1330.08572		808.31428
153		1118.6		1377.62401		859.57599
154		1117.6		1376.62401		858.57599
155		1116.6		1375.62401		857.57599
156		1115.6		1374.62401		856.57599
157		1134.8		1371.81764		897.78236
158		1133.8		1370.81764		896.78236
159		1132.8		1369.81764		895.78236
160		1152.0		1372.28527		931.71473
161		1151.0		1371.28527		930.71473
162		1150.0		1370.28527		929.71473
163		1169.2		1406.55829		931.84171
164		1198.4		1481.18515		915.61485
165		1197.4		1480.18515		914.61485
166		1196.4		1479.18515		913.61485
167		1195.4		1478.18515		912.61485
168		1214.6		1485.78968		943.41032
169		1213.6		1484.78968		942.41032
170		1212.6		1483.78968		941.41032
171		1211.6		1482.78968		940.41032
172		1210.6		1481.78968		939.41032
173		1229.8		1479.16592		980.43408
174		1228.8		1478.16592		979.43408
175		1258.2		1518.16415		998.23585
176		1257.2		1517.16415		997.23585
177		1276.4		1556.86219		995.93781
178		1275.4		1555.86219		994.93781
179		1274.4		1554.86219		993.93781
180		1273.4		1553.86219		992.93781
181		1302.6		1562.37883		1042.82117
182		1321.8		1605.71365		1037.88635
183		1351.0		1603.21102		1098.78898
184		1400.4		1666.17178		1134.62822
185		1399.4		1665.17178		1133.62822
186		1398.4		1664.17178		1132.62822
187		1427.8		1714.77275		1140.82725
188		1426.8		1713.77275		1139.82725
189		1425.8		1712.77275		1138.82725
190		1455.0		1768.10254		1141.89746
191		1454.0		1767.10254		1140.89746
192		1483.2		1774.45549		1191.94451
193		1492.4		1771.42874		1213.37126
194		1491.4		1770.42874		1212.37126
195		1510.6		1811.90556		1209.29444
196		1509.6		1810.90556		1208.29444
197		1508.6		1809.90556		1207.29444
198		1507.6		1808.90556		1206.29444
199		1506.6		1807.90556		1205.29444
200		1505.6		1806.90556		1204.29444
201		1504.6		1805.90556		1203.29444
202		1513.8		1809.3567		1218.2433
203		1512.8		1808.3567		1217.2433
204		1511.8		1807.3567		1216.2433
205		1551.2		1864.53841		1237.86159
206		1550.2		1863.53841		1236.86159
207		1549.2		1862.53841		1235.86159
208		1548.2		1861.53841		1234.86159
209		1557.4		1858.39209		1256.40791
210		1556.4		1857.39209		1255.40791
211		1555.4		1856.39209		1254.40791
212		1564.6		1862.97131		1266.22869
213		1563.6		1861.97131		1265.22869
214		1562.6		1860.97131		1264.22869
215		1571.8		1858.26982		1285.33018
216		1570.8		1857.26982		1284.33018
217		1569.8		1856.26982		1283.33018
218		1568.8		1855.26982		1282.33018
219		1567.8		1854.26982		1281.33018
220		1566.8		1853.26982		1280.33018
221		1565.8		1852.26982		1279.33018
222		1564.8		1851.26982		1278.33018
223		1584.0		1899.05428		1268.94572
224		1623.4		1902.34845		1344.45155
225		1622.4		1901.34845		1343.45155
226		1631.6		1898.97285		1364.22715
227		1630.6		1897.97285		1363.22715
228		1629.6		1896.97285		1362.22715
229		1628.6		1895.97285		1361.22715
230		1627.6		1894.97285		1360.22715
231		1626.6		1893.97285		1359.22715
232		1635.8		1898.66377		1372.93623
233		1634.8		1897.66377		1371.93623
234		1633.8		1896.66377		1370.93623
235		1632.8		1895.66377		1369.93623
236		1631.8		1894.66377		1368.93623
237		1651.0		1931.60078		1370.39922
238		1650.0		1930.60078		1369.39922
239		1659.2		1936.26707		1382.13293
240		1658.2		1935.26707		1381.13293
241		1677.4		1932.46517		1422.33483
242		1676.4		1931.46517		1421.33483
243		1675.4		1930.46517		1420.33483
244		1674.4		1929.46517		1419.33483
245		1693.6		1970.60874		1416.59126
246		1692.6		1969.60874		1415.59126
247		1691.6		1968.60874		1414.59126
248		1700.8		1974.24352		1427.35648
249		1730.0		1978.03145		1481.96855
250		1729.0		1977.03145		1480.96855
