step	mediator-random_reward_mean	mediator-random_reward_std_up	mediator-random_reward_std_down
1		0.0		0.0		0.0
2		30.0		54.4949		5.5051
3		90.0		138.98979		41.01021
4		180.0		204.4949		155.5051
5		240.0		288.98979		191.01021
6		330.0		354.4949		305.5051
7		390.0		438.98979		341.01021
8		450.0		504.77226		395.22774
9		510.0		601.65151		418.34849
10		570.0		630.0		510.0
11		600.0		654.77226		545.22774
12		690.0		763.48469		616.51531
13		720.0		780.0		660.0
14		780.0		904.89996		655.10004
15		870.0		930.0		810.0
16		900.0		1009.54451		790.45549
17		990.0		1096.77078		883.22922
18		1050.0		1159.54451		940.45549
19		1140.0		1246.77078		1033.22922
20		1170.0		1230.0		1110.0
21		1230.0		1311.24038		1148.75962
22		1320.0		1380.0		1260.0
23		1350.0		1444.86833		1255.13167
24		1440.0		1513.48469		1366.51531
25		1500.0		1594.86833		1405.13167
26		1560.0		1666.77078		1453.22922
27		1620.0		1732.24972		1507.75028
28		1710.0		1816.77078		1603.22922
29		1770.0		1882.24972		1657.75028
30		1860.0		1966.77078		1753.22922
31		1920.0		2032.24972		1807.75028
32		1980.0		2104.89996		1855.10004
33		2040.0		2113.48469		1966.51531
34		2130.0		2254.89996		2005.10004
35		2190.0		2263.48469		2116.51531
36		2250.0		2344.86833		2155.13167
37		2310.0		2416.77078		2203.22922
38		2400.0		2494.86833		2305.13167
39		2430.0		2554.89996		2305.10004
40		2550.0		2644.86833		2455.13167
41		2580.0		2704.89996		2455.10004
42		2610.0		2741.90906		2478.09094
43		2730.0		2854.89996		2605.10004
44		2730.0		2854.89996		2605.10004
45		2850.0		2944.86833		2755.13167
46		2850.0		2944.86833		2755.13167
47		2970.0		3030.0		2910.0
48		3000.0		3094.86833		2905.13167
49		3090.0		3196.77078		2983.22922
50		3150.0		3244.86833		3055.13167
51		3240.0		3346.77078		3133.22922
52		3240.0		3346.77078		3133.22922
53		3390.0		3496.77078		3283.22922
54		3390.0		3496.77078		3283.22922
55		3510.0		3616.77078		3403.22922
56		3510.0		3616.77078		3403.22922
57		3630.0		3766.38182		3493.61818
58		3660.0		3766.77078		3553.22922
59		3750.0		3894.91377		3605.08623
60		3750.0		3894.91377		3605.08623
61		3900.0		4044.91377		3755.08623
62		3900.0		4044.91377		3755.08623
63		3990.0		4185.95918		3794.04082
64		4020.0		4194.92856		3845.07144
65		4140.0		4335.95918		3944.04082
66		4170.0		4344.92856		3995.07144
67		4230.0		4428.99749		4031.00251
68		4290.0		4432.82857		4147.17143
69		4380.0		4578.99749		4181.00251
70		4440.0		4582.82857		4297.17143
71		4530.0		4728.99749		4331.00251
72		4590.0		4732.82857		4447.17143
73		4650.0		4862.13203		4437.86797
74		4740.0		4882.82857		4597.17143
75		4800.0		5012.13203		4587.86797
76		4860.0		5048.14888		4671.85112
77		4920.0		5172.1904		4667.8096
78		4980.0		5186.39767		4773.60233
79		5040.0		5257.71541		4822.28459
80		5070.0		5290.45408		4849.54592
81		5160.0		5427.20778		4892.79222
82		5220.0		5440.45408		4999.54592
83		5310.0		5577.20778		5042.79222
84		5340.0		5612.76363		5067.23637
85		5460.0		5727.20778		5192.79222
86		5490.0		5762.76363		5217.23637
87		5610.0		5877.20778		5342.79222
88		5640.0		5912.76363		5367.23637
89		5760.0		6027.20778		5492.79222
90		5790.0		6062.76363		5517.23637
91		5880.0		6200.31235		5559.68765
92		5910.0		6237.71939		5582.28061
93		6030.0		6350.31235		5709.68765
94		6060.0		6387.71939		5732.28061
95		6180.0		6500.31235		5859.68765
96		6210.0		6537.71939		5882.28061
97		6300.0		6600.0		6000.0
98		6330.0		6640.80541		6019.19459
99		6450.0		6750.0		6150.0
100		6450.0		6750.0		6150.0
101		6540.0		6807.20778		6272.79222
102		6600.0		6900.0		6300.0
103		6660.0		6909.79992		6410.20008
104		6720.0		7020.99834		6419.00166
105		6810.0		7059.79992		6560.20008
106		6870.0		7170.99834		6569.00166
107		6960.0		7209.79992		6710.20008
108		6990.0		7257.20778		6722.79222
109		7050.0		7275.8318		6824.1682
110		7110.0		7353.72115		6866.27885
111		7200.0		7425.8318		6974.1682
112		7260.0		7503.72115		7016.27885
113		7320.0		7526.39767		7113.60233
114		7380.0		7600.45408		7159.54592
115		7440.0		7701.53394		7178.46606
116		7530.0		7750.45408		7309.54592
117		7590.0		7851.53394		7328.46606
118		7680.0		7900.45408		7459.54592
119		7710.0		7953.72115		7466.27885
120		7800.0		8004.93902		7595.06098
121		7860.0		8103.72115		7616.27885
122		7950.0		8154.93902		7745.06098
123		8010.0		8253.72115		7766.27885
124		8100.0		8304.93902		7895.06098
125		8130.0		8363.66643		7896.33357
126		8220.0		8426.39767		8013.60233
127		8250.0		8488.74673		8011.25327
128		8370.0		8576.39767		8163.60233
129		8400.0		8638.74673		8161.25327
130		8520.0		8726.39767		8313.60233
131		8550.0		8788.74673		8311.25327
132		8640.0		8864.49944		8415.50056
133		8670.0		8928.06976		8411.93024
134		8730.0		8976.17067		8483.82933
135		8820.0		9078.06976		8561.93024
136		8880.0		9126.17067		8633.82933
137		8970.0		9228.06976		8711.93024
138		8970.0		9228.06976		8711.93024
139		9120.0		9378.06976		8861.93024
140		9120.0		9378.06976		8861.93024
141		9210.0		9427.71541		8992.28459
142		9270.0		9528.06976		9011.93024
143		9360.0		9577.71541		9142.28459
144		9420.0		9678.06976		9161.93024
145		9510.0		9727.71541		9292.28459
146		9570.0		9828.06976		9311.93024
147		9630.0		9893.81812		9366.18188
148		9690.0		9993.97368		9386.02632
149		9780.0		10043.81812		9516.18188
150		9840.0		10143.97368		9536.02632
151		9930.0		10193.81812		9666.18188
152		9990.0		10293.97368		9686.02632
153		10080.0		10343.81812		9816.18188
154		10140.0		10443.97368		9836.02632
155		10200.0		10484.60499		9915.39501
156		10290.0		10593.97368		9986.02632
157		10350.0		10634.60499		10065.39501
158		10440.0		10743.97368		10136.02632
159		10500.0		10784.60499		10215.39501
160		10590.0		10893.97368		10286.02632
161		10650.0		10934.60499		10365.39501
162		10740.0		11043.97368		10436.02632
163		10800.0		11084.60499		10515.39501
164		10890.0		11193.97368		10586.02632
165		10890.0		11193.97368		10586.02632
166		11010.0		11364.11862		10655.88138
167		11040.0		11343.97368		10736.02632
168		11130.0		11477.27511		10782.72489
169		11160.0		11514.11862		10805.88138
170		11280.0		11627.27511		10932.72489
171		11310.0		11664.11862		10955.88138
172		11430.0		11777.27511		11082.72489
173		11460.0		11814.11862		11105.88138
174		11520.0		11810.86079		11229.13921
175		11580.0		11918.52622		11241.47378
176		11640.0		11985.54305		11294.45695
177		11730.0		12068.52622		11391.47378
178		11790.0		12135.54305		11444.45695
179		11880.0		12218.52622		11541.47378
180		11940.0		12285.54305		11594.45695
181		12030.0		12368.52622		11691.47378
182		12090.0		12435.54305		11744.45695
183		12150.0		12478.63353		11821.36647
184		12240.0		12585.54305		11894.45695
185		12300.0		12628.63353		11971.36647
186		12360.0		12692.26495		12027.73505
187		12420.0		12740.31235		12099.68765
188		12510.0		12842.26495		12177.73505
189		12540.0		12910.67506		12169.32494
190		12600.0		12979.47332		12220.52668
191		12690.0		13060.67506		12319.32494
192		12750.0		13129.47332		12370.52668
193		12840.0		13210.67506		12469.32494
194		12900.0		13279.47332		12520.52668
195		12960.0		13292.26495		12627.73505
196		13020.0		13367.27511		12672.72489
197		13050.0		13409.1657		12690.8343
198		13140.0		13463.10989		12816.89011
199		13170.0		13508.52622		12831.47378
200		13290.0		13613.10989		12966.89011
201		13320.0		13658.52622		12981.47378
202		13410.0		13718.8689		13101.1311
203		13470.0		13808.52622		13131.47378
204		13560.0		13868.8689		13251.1311
205		13620.0		13958.52622		13281.47378
206		13710.0		14018.8689		13401.1311
207		13740.0		14063.10989		13416.89011
208		13830.0		14120.86079		13539.13921
209		13860.0		14168.8689		13551.1311
210		13950.0		14229.2848		13670.7152
211		14010.0		14318.8689		13701.1311
212		14100.0		14379.2848		13820.7152
213		14130.0		14430.99834		13829.00166
214		14250.0		14529.2848		13970.7152
215		14280.0		14580.99834		13979.00166
216		14340.0		14667.71939		14012.28061
217		14430.0		14730.99834		14129.00166
218		14490.0		14817.71939		14162.28061
219		14550.0		14909.1657		14190.8343
220		14640.0		14967.71939		14312.28061
221		14670.0		15008.52622		14331.47378
222		14790.0		15117.71939		14462.28061
223		14820.0		15158.52622		14481.47378
224		14910.0		15223.68774		14596.31226
225		14970.0		15308.52622		14631.47378
226		15060.0		15373.68774		14746.31226
227		15090.0		15417.71939		14762.28061
228		15180.0		15552.29021		14807.70979
229		15240.0		15567.71939		14912.28061
230		15270.0		15625.80894		14914.19106
231		15360.0		15683.10989		15036.89011
232		15390.0		15717.71939		15062.28061
233		15420.0		15758.52622		15081.47378
234		15510.0		15896.52296		15123.47704
235		15540.0		15867.71939		15212.28061
236		15630.0		16010.26307		15249.73693
237		15690.0		16017.71939		15362.28061
238		15780.0		16160.26307		15399.73693
239		15810.0		16133.10989		15486.89011
240		15900.0		16283.40579		15516.59421
241		15960.0		16283.10989		15636.89011
242		16050.0		16433.40579		15666.59421
243		16110.0		16433.10989		15786.89011
244		16170.0		16530.0		15810.0
245		16230.0		16530.99834		15929.00166
246		16320.0		16680.0		15960.0
247		16380.0		16680.99834		16079.00166
248		16470.0		16830.0		16110.0
249		16530.0		16830.99834		16229.00166
250		16620.0		16980.0		16260.0
