step	mediator-random_runtime_mean	mediator-random_runtime_std_up	mediator-random_runtime_std_down
1		0.0004		0.0009		-9e-05
2		0.67106		1.03301		0.30911
3		1.14752		1.58509		0.70994
4		1.71399		2.16314		1.26484
5		2.00466		2.46284		1.54647
6		2.01563		2.47347		1.55779
7		2.08905		2.50434		1.67375
8		2.16046		2.56702		1.75391
9		2.17324		2.57599		1.7705
10		2.18502		2.58599		1.78405
11		2.33055		2.76442		1.89668
12		2.51373		3.06253		1.96493
13		2.77193		3.61883		1.92504
14		2.84039		3.6499		2.03089
15		3.01524		3.79871		2.23178
16		3.19459		3.9072		2.48197
17		3.44377		4.13633		2.7512
18		3.777		4.38531		3.16869
19		4.01668		4.51748		3.51587
20		4.22665		4.73023		3.72308
21		4.24899		4.75816		3.73982
22		4.26624		4.77994		3.75254
23		4.34049		4.91516		3.76582
24		4.41919		5.06115		3.77724
25		4.49284		5.20903		3.77665
26		4.55696		5.31846		3.79546
27		4.7119		5.55419		3.86961
28		4.76237		5.57641		3.94833
29		4.86534		5.6407		4.08999
30		4.97005		5.75059		4.1895
31		4.9814		5.76262		4.20019
32		5.16076		6.01323		4.30829
33		5.36585		6.36036		4.37133
34		5.4949		6.54885		4.44096
35		5.66244		6.85167		4.47321
36		5.74584		6.95487		4.53681
37		5.93488		7.30194		4.56782
38		6.07215		7.45213		4.69217
39		6.2335		7.73106		4.73594
40		6.37739		7.89601		4.85878
41		6.4716		8.04133		4.90188
42		6.55639		8.15897		4.95381
43		6.69986		8.40193		4.9978
44		6.82689		8.58851		5.06527
45		6.83867		8.60017		5.07717
46		6.97653		8.80767		5.14539
47		6.9869		8.8188		5.15501
48		7.06931		8.90985		5.22876
49		7.19547		9.1442		5.24673
50		7.40384		9.47674		5.33094
51		7.52743		9.66978		5.38508
52		7.61408		9.76383		5.46433
53		7.74325		9.99523		5.49127
54		7.88537		10.17085		5.5999
55		8.00068		10.35674		5.64462
56		8.12426		10.54577		5.70275
57		8.37768		11.00266		5.75269
58		8.46845		11.10923		5.82766
59		8.58769		11.32485		5.85053
60		8.84363		11.75495		5.93231
61		8.97218		12.01784		5.92652
62		9.15079		12.32228		5.9793
63		9.28418		12.52658		6.04178
64		9.49962		12.90363		6.09562
65		9.55708		12.99214		6.12201
66		9.68306		13.2171		6.14903
67		9.86217		13.56508		6.15926
68		9.99922		13.78991		6.20853
69		10.21623		14.19206		6.24039
70		10.46124		14.62046		6.30202
71		10.57431		14.8237		6.32492
72		10.70584		15.08045		6.33124
73		10.82296		15.24362		6.4023
74		10.8489		15.25219		6.44561
75		10.92454		15.35187		6.4972
76		11.1621		15.73758		6.58661
77		11.17345		15.74795		6.59896
78		11.3117		15.96165		6.66176
79		11.47894		16.24597		6.71191
80		11.62721		16.47072		6.78371
81		11.91291		16.9947		6.83111
82		12.04635		17.25175		6.84094
83		12.16422		17.46789		6.86055
84		12.34872		17.81362		6.88381
85		12.52664		18.12305		6.93023
86		12.66219		18.33602		6.98836
87		12.81698		18.69954		6.93441
88		13.03909		19.13747		6.94071
89		13.15597		19.29261		7.01933
90		13.40713		19.74214		7.07211
91		13.6458		20.20541		7.0862
92		13.77596		20.41053		7.14139
93		13.99648		20.82055		7.17241
94		14.20271		21.17401		7.23142
95		14.36594		21.50162		7.23026
96		14.59105		21.89153		7.29056
97		14.7269		22.15674		7.29706
98		14.89723		22.40936		7.3851
99		14.96106		22.54996		7.37217
100		15.14657		22.83304		7.46009
101		15.25936		22.97658		7.54214
102		15.33934		23.11278		7.5659
103		15.46459		23.34606		7.58313
104		15.6279		23.59724		7.65856
105		15.77528		23.89175		7.65881
106		15.94015		24.19359		7.68671
107		16.09931		24.52081		7.67781
108		16.29414		24.84841		7.73987
109		16.48022		25.18707		7.77337
110		16.60097		25.32419		7.87775
111		16.79516		25.62812		7.96221
112		17.0452		26.03265		8.05775
113		17.11863		26.19753		8.03974
114		17.32783		26.51115		8.14451
115		17.48883		26.72785		8.24981
116		17.69464		27.03783		8.35145
117		17.79963		27.18184		8.41742
118		17.99906		27.48076		8.51735
119		18.13091		27.73786		8.52396
120		18.29833		28.00348		8.59318
121		18.48966		28.36505		8.61426
122		18.68261		28.69511		8.67011
123		18.86831		29.03708		8.69955
124		19.02151		29.3149		8.72811
125		19.10283		29.45288		8.75278
126		19.30997		29.81461		8.80532
127		19.39496		30.00728		8.78263
128		19.50644		30.18513		8.82774
129		19.6003		30.35134		8.84926
130		19.71731		30.5431		8.89151
131		19.91876		30.91813		8.91939
132		20.06531		31.18204		8.94858
133		20.14766		31.36966		8.92566
134		20.25011		31.5303		8.96992
135		20.30618		31.65452		8.95783
136		20.39932		31.77876		9.01988
137		20.5337		32.03973		9.02766
138		20.55764		32.0484		9.06688
139		20.70584		32.28782		9.12386
140		20.85447		32.55334		9.15559
141		21.03103		32.87579		9.18628
142		21.09407		32.98558		9.20256
143		21.22252		33.24216		9.20288
144		21.28954		33.31652		9.26257
145		21.39546		33.45651		9.33441
146		21.54307		33.68086		9.40528
147		21.67773		33.94008		9.41538
148		21.82347		34.16967		9.47727
149		21.92271		34.30193		9.54349
150		22.07721		34.53546		9.61896
151		22.21441		34.76597		9.66285
152		22.32323		34.89849		9.74796
153		22.45053		35.10457		9.79649
154		22.656		35.47262		9.83938
155		22.78787		35.73639		9.83935
156		22.98107		36.07552		9.88662
157		23.16749		36.42877		9.9062
158		23.273		36.64915		9.89685
159		23.32024		36.75082		9.88967
160		23.39144		36.82418		9.95869
161		23.52936		37.0551		10.00362
162		23.68119		37.32447		10.03791
163		23.77801		37.4949		10.06113
164		23.95967		37.80851		10.11084
165		24.03856		37.98863		10.08849
166		24.10338		38.05709		10.14967
167		24.25905		38.30727		10.21083
168		24.39012		38.46698		10.31326
169		24.44762		38.53846		10.35677
170		24.51186		38.65062		10.37309
171		24.52221		38.66137		10.38306
172		24.63747		38.8014		10.47355
173		24.75514		38.9871		10.52319
174		24.98212		39.36672		10.59753
175		25.14483		39.6696		10.62006
176		25.16357		39.67909		10.64805
177		25.17316		39.68862		10.6577
178		25.28882		39.88082		10.69681
179		25.34387		39.95407		10.73367
180		25.41006		40.03047		10.78966
181		25.50272		40.2009		10.80453
182		25.65557		40.44077		10.87037
183		25.79351		40.66929		10.91773
184		25.81449		40.67904		10.94994
185		25.87123		40.75273		10.98973
186		25.97219		40.91397		11.03041
187		26.06985		41.08718		11.05251
188		26.17377		41.25068		11.09687
189		26.23112		41.37473		11.08752
190		26.3273		41.52103		11.13357
191		26.46659		41.7595		11.17368
192		26.57294		41.89199		11.25388
193		26.66542		42.06262		11.26822
194		26.87618		42.40858		11.34378
195		27.01678		42.605		11.42855
196		27.12878		42.74672		11.51083
197		27.1937		42.83532		11.55207
198		27.34087		43.06923		11.61251
199		27.39201		43.13858		11.64544
200		27.45526		43.25168		11.65884
201		27.52036		43.34137		11.69935
202		27.57669		43.43556		11.71782
203		27.66144		43.58496		11.73791
204		27.75567		43.73717		11.77417
205		27.85296		43.91209		11.79384
206		27.99039		44.12186		11.85892
207		28.07995		44.27904		11.88086
208		28.1837		44.44725		11.92015
209		28.27465		44.60766		11.94164
210		28.3854		44.79408		11.97672
211		28.39598		44.80441		11.98755
212		28.45951		44.87928		12.03973
213		28.55214		45.04702		12.05726
214		28.61917		45.15258		12.08575
215		28.63142		45.16359		12.09925
216		28.73362		45.32487		12.14238
217		28.82989		45.45752		12.20225
218		28.93694		45.58991		12.28397
219		29.07294		45.82221		12.32367
220		29.12945		45.92278		12.33612
221		29.18874		46.0505		12.32697
222		29.29413		46.18208		12.40618
223		29.38841		46.35366		12.42317
224		29.40639		46.36357		12.44922
225		29.4586		46.47072		12.44647
226		29.55136		46.61989		12.48283
227		29.685		46.88139		12.48861
228		29.81155		47.10485		12.51826
229		29.82211		47.11469		12.52953
230		29.93646		47.29751		12.57542
231		29.99158		47.3692		12.61396
232		30.11924		47.53359		12.70489
233		30.17901		47.61811		12.7399
234		30.2883		47.79777		12.77884
235		30.33868		47.89967		12.77769
236		30.35965		47.91059		12.80871
237		30.37061		47.9214		12.81982
238		30.48679		48.07499		12.89858
239		30.54982		48.16811		12.93153
240		30.73688		48.43531		13.03845
241		30.89152		48.7124		13.07064
242		31.09819		49.04671		13.14966
243		31.26408		49.33105		13.19711
244		31.32505		49.3983		13.2518
245		31.33561		49.40985		13.26138
246		31.35533		49.42087		13.28979
247		31.42805		49.51532		13.34078
248		31.56012		49.69898		13.42126
249		31.64568		49.83377		13.45758
250		31.66642		49.84651		13.48633
