step	mediator-random_reward_mean	mediator-random_reward_std_up	mediator-random_reward_std_down
1		-0.8		-0.4		-1.2
2		18.6		43.42418		-6.22418
3		27.8		52.54187		3.05813
4		26.8		51.54187		2.05813
5		25.8		50.54187		1.05813
6		55.0		129.02972		-19.02972
7		84.2		157.98455		10.41545
8		83.2		156.98455		9.41545
9		82.2		155.98455		8.41545
10		81.2		154.98455		7.41545
11		90.4		161.39465		19.40535
12		109.6		177.68994		41.51006
13		108.6		176.68994		40.51006
14		148.0		168.01		127.99
15		147.0		167.01		126.99
16		146.0		166.01		125.99
17		155.2		195.60495		114.79505
18		154.2		194.60495		113.79505
19		163.4		203.85541		122.94459
20		182.6		227.32404		137.87596
21		181.6		226.32404		136.87596
22		180.6		225.32404		135.87596
23		210.0		234.09149		185.90851
24		209.0		233.09149		184.90851
25		248.4		299.63124		197.16876
26		247.4		298.63124		196.16876
27		246.4		297.63124		195.16876
28		245.4		296.63124		194.16876
29		244.4		295.63124		193.16876
30		243.4		294.63124		192.16876
31		242.4		293.63124		191.16876
32		241.4		292.63124		190.16876
33		250.6		290.91178		210.28822
34		259.8		297.17058		222.42942
35		258.8		296.17058		221.42942
36		257.8		295.17058		220.42942
37		287.0		337.79764		236.20236
38		316.2		387.05591		245.34409
39		315.2		386.05591		244.34409
40		314.2		385.05591		243.34409
41		313.2		384.05591		242.34409
42		312.2		383.05591		241.34409
43		351.6		437.69437		265.50563
44		350.6		436.69437		264.50563
45		369.8		466.87811		272.72189
46		368.8		465.87811		271.72189
47		398.0		534.08968		261.91032
48		407.2		529.92147		284.47853
49		406.2		528.92147		283.47853
50		405.2		527.92147		282.47853
51		404.2		526.92147		281.47853
52		403.2		525.92147		280.47853
53		402.2		524.92147		279.47853
54		401.2		523.92147		278.47853
55		410.4		521.90354		298.89646
56		409.4		520.90354		297.89646
57		408.4		519.90354		296.89646
58		407.4		518.90354		295.89646
59		457.0		559.37969		354.62031
60		456.0		558.37969		353.62031
61		455.0		557.37969		352.62031
62		454.0		556.37969		351.62031
63		463.2		571.43013		354.96987
64		472.4		565.22801		379.57199
65		471.4		564.22801		378.57199
66		470.4		563.22801		377.57199
67		469.4		562.22801		376.57199
68		468.4		561.22801		375.57199
69		477.6		584.71228		370.48772
70		476.6		583.71228		369.48772
71		485.8		586.20797		385.39203
72		484.8		585.20797		384.39203
73		483.8		584.20797		383.39203
74		513.2		594.49797		431.90203
75		522.4		602.33147		442.46853
76		521.4		601.33147		441.46853
77		550.6		617.80595		483.39405
78		549.6		616.80595		482.39405
79		589.0		695.58518		482.41482
80		588.0		694.58518		481.41482
81		587.0		693.58518		480.41482
82		586.0		692.58518		479.41482
83		585.0		691.58518		478.41482
84		584.0		690.58518		477.41482
85		583.0		689.58518		476.41482
86		582.0		688.58518		475.41482
87		581.0		687.58518		474.41482
88		580.0		686.58518		473.41482
89		579.0		685.58518		472.41482
90		578.0		684.58518		471.41482
91		577.0		683.58518		470.41482
92		576.0		682.58518		469.41482
93		575.0		681.58518		468.41482
94		574.0		680.58518		467.41482
95		623.6		766.73853		480.46147
96		622.6		765.73853		479.46147
97		621.6		764.73853		478.46147
98		671.0		817.76921		524.23079
99		670.0		816.76921		523.23079
100		679.2		826.6902		531.7098
101		678.2		825.6902		530.7098
102		687.4		838.38954		536.41046
103		716.6		841.54095		591.65905
104		725.8		863.24293		588.35707
105		724.8		862.24293		587.35707
106		723.8		861.24293		586.35707
107		722.8		860.24293		585.35707
108		742.0		849.33872		634.66128
109		741.0		848.33872		633.66128
110		770.4		874.15857		666.64143
111		769.4		873.15857		665.64143
112		768.4		872.15857		664.64143
113		767.4		871.15857		663.64143
114		766.4		870.15857		662.64143
115		765.4		869.15857		661.64143
116		764.4		868.15857		660.64143
117		763.4		867.15857		659.64143
118		762.4		866.15857		658.64143
119		781.6		855.30916		707.89084
120		780.6		854.30916		706.89084
121		779.6		853.30916		705.89084
122		788.8		878.80756		698.79244
123		787.8		877.80756		697.79244
124		786.8		876.80756		696.79244
125		826.2		893.02335		759.37665
126		825.2		892.02335		758.37665
127		824.2		891.02335		757.37665
128		853.4		975.07925		731.72075
129		882.8		983.40497		782.19503
130		881.8		982.40497		781.19503
131		880.8		981.40497		780.19503
132		890.0		987.4741		792.5259
133		889.0		986.4741		791.5259
134		888.0		985.4741		790.5259
135		897.2		990.54752		803.85248
136		896.2		989.54752		802.85248
137		895.2		988.54752		801.85248
138		894.2		987.54752		800.85248
139		903.4		996.76937		810.03063
140		902.4		995.76937		809.03063
141		901.4		994.76937		808.03063
142		940.8		1084.98516		796.61484
143		939.8		1083.98516		795.61484
144		959.0		1098.71686		819.28314
145		958.0		1097.71686		818.28314
146		957.0		1096.71686		817.28314
147		956.0		1095.71686		816.28314
148		955.0		1094.71686		815.28314
149		994.4		1186.54016		802.25984
150		993.4		1185.54016		801.25984
151		1002.6		1191.52813		813.67187
152		1001.6		1190.52813		812.67187
153		1000.6		1189.52813		811.67187
154		999.6		1188.52813		810.67187
155		998.6		1187.52813		809.67187
156		997.6		1186.52813		808.67187
157		996.6		1185.52813		807.67187
158		995.6		1184.52813		806.67187
159		994.6		1183.52813		805.67187
160		993.6		1182.52813		804.67187
161		1002.8		1190.68869		814.91131
162		1001.8		1189.68869		813.91131
163		1031.0		1194.58973		867.41027
164		1030.0		1193.58973		866.41027
165		1029.0		1192.58973		865.41027
166		1048.2		1200.45689		895.94311
167		1067.4		1211.22434		923.57566
168		1066.4		1210.22434		922.57566
169		1075.6		1215.90624		935.29376
170		1074.6		1214.90624		934.29376
171		1073.6		1213.90624		933.29376
172		1072.6		1212.90624		932.29376
173		1081.8		1241.85674		921.74326
174		1111.0		1274.52859		947.47141
175		1110.0		1273.52859		946.47141
176		1109.0		1272.52859		945.47141
177		1118.2		1275.45826		960.94174
178		1137.4		1275.24571		999.55429
179		1166.6		1360.9858		972.2142
180		1165.6		1359.9858		971.2142
181		1194.8		1377.79005		1011.80995
182		1193.8		1376.79005		1010.80995
183		1192.8		1375.79005		1009.80995
184		1202.0		1385.4688		1018.5312
185		1201.0		1384.4688		1017.5312
186		1210.2		1385.15417		1035.24583
187		1229.4		1411.06078		1047.73922
188		1228.4		1410.06078		1046.73922
189		1227.4		1409.06078		1045.73922
190		1246.8		1451.22348		1042.37652
191		1266.0		1451.85263		1080.14737
192		1265.0		1450.85263		1079.14737
193		1284.2		1504.9663		1063.4337
194		1283.2		1503.9663		1062.4337
195		1292.4		1506.65742		1078.14258
196		1291.4		1505.65742		1077.14258
197		1290.4		1504.65742		1076.14258
198		1289.4		1503.65742		1075.14258
199		1298.6		1517.5663		1079.6337
200		1327.8		1536.57107		1119.02893
201		1326.8		1535.57107		1118.02893
202		1325.8		1534.57107		1117.02893
203		1324.8		1533.57107		1116.02893
204		1344.0		1555.52021		1132.47979
205		1383.4		1549.42723		1217.37277
206		1382.4		1548.42723		1216.37277
207		1381.4		1547.42723		1215.37277
208		1410.6		1555.24107		1265.95893
209		1409.6		1554.24107		1264.95893
210		1408.6		1553.24107		1263.95893
211		1407.6		1552.24107		1262.95893
212		1406.6		1551.24107		1261.95893
213		1415.8		1547.27532		1284.32468
214		1414.8		1546.27532		1283.32468
215		1413.8		1545.27532		1282.32468
216		1412.8		1544.27532		1281.32468
217		1411.8		1543.27532		1280.32468
218		1431.0		1566.79838		1295.20162
219		1430.0		1565.79838		1294.20162
220		1429.0		1564.79838		1293.20162
221		1428.0		1563.79838		1292.20162
222		1437.2		1579.55505		1294.84495
223		1436.2		1578.55505		1293.84495
224		1485.6		1591.8706		1379.3294
225		1494.8		1588.82851		1400.77149
226		1493.8		1587.82851		1399.77149
227		1503.0		1588.21972		1417.78028
228		1502.0		1587.21972		1416.78028
229		1511.2		1603.2552		1419.1448
230		1530.4		1654.13294		1406.66706
231		1529.4		1653.13294		1405.66706
232		1538.6		1652.01005		1425.18995
233		1537.6		1651.01005		1424.18995
234		1546.8		1678.5033		1415.0967
235		1556.0		1680.58732		1431.41268
236		1565.2		1681.52265		1448.87735
237		1564.2		1680.52265		1447.87735
238		1563.2		1679.52265		1446.87735
239		1562.2		1678.52265		1445.87735
240		1581.4		1736.45818		1426.34182
241		1631.0		1768.70258		1493.29742
242		1630.0		1767.70258		1492.29742
243		1629.0		1766.70258		1491.29742
244		1638.2		1794.65498		1481.74502
245		1667.4		1833.44409		1501.35591
246		1666.4		1832.44409		1500.35591
247		1665.4		1831.44409		1499.35591
248		1664.4		1830.44409		1498.35591
249		1683.8		1830.24644		1537.35356
250		1682.8		1829.24644		1536.35356
