step	mediator-random_reward_mean	mediator-random_reward_std_up	mediator-random_reward_std_down
1		-0.8		-0.4		-1.2
2		18.6		43.42418		-6.22418
3		17.6		42.42418		-7.22418
4		16.6		41.42418		-8.22418
5		15.6		40.42418		-9.22418
6		14.6		39.42418		-10.22418
7		33.8		92.76236		-25.16236
8		32.8		91.76236		-26.16236
9		52.0		111.16756		-7.16756
10		71.2		139.96743		2.43257
11		90.4		145.90351		34.89649
12		89.4		144.90351		33.89649
13		108.6		177.13204		40.06796
14		107.6		176.13204		39.06796
15		106.6		175.13204		38.06796
16		125.8		200.21075		51.38925
17		124.8		199.21075		50.38925
18		123.8		198.21075		49.38925
19		122.8		197.21075		48.38925
20		162.2		213.85811		110.54189
21		161.2		212.85811		109.54189
22		160.2		211.85811		108.54189
23		159.2		210.85811		107.54189
24		178.4		263.02293		93.77707
25		177.4		262.02293		92.77707
26		176.4		261.02293		91.77707
27		175.4		260.02293		90.77707
28		194.6		288.50122		100.69878
29		193.6		287.50122		99.69878
30		212.8		310.86814		114.73186
31		211.8		309.86814		113.73186
32		231.0		318.07009		143.92991
33		230.0		317.07009		142.92991
34		229.0		316.07009		141.92991
35		228.0		315.07009		140.92991
36		227.0		314.07009		139.92991
37		246.2		350.45814		141.94186
38		265.4		371.61601		159.18399
39		264.4		370.61601		158.18399
40		263.4		369.61601		157.18399
41		282.6		404.90388		160.29612
42		281.6		403.90388		159.29612
43		300.8		448.78297		152.81703
44		320.0		481.25632		158.74368
45		319.0		480.25632		157.74368
46		318.0		479.25632		156.74368
47		317.0		478.25632		155.74368
48		316.0		477.25632		154.74368
49		315.0		476.25632		153.74368
50		314.0		475.25632		152.74368
51		313.0		474.25632		151.74368
52		312.0		473.25632		150.74368
53		311.0		472.25632		149.74368
54		310.0		471.25632		148.74368
55		309.0		470.25632		147.74368
56		308.0		469.25632		146.74368
57		327.2		515.3291		139.0709
58		326.2		514.3291		138.0709
59		325.2		513.3291		137.0709
60		344.4		563.59361		125.20639
61		363.6		557.04415		170.15585
62		362.6		556.04415		169.15585
63		361.6		555.04415		168.15585
64		360.6		554.04415		167.15585
65		379.8		564.57056		195.02944
66		378.8		563.57056		194.02944
67		377.8		562.57056		193.02944
68		376.8		561.57056		192.02944
69		375.8		560.57056		191.02944
70		374.8		559.57056		190.02944
71		394.0		589.56278		198.43722
72		393.0		588.56278		197.43722
73		412.2		605.62327		218.77673
74		431.4		641.07937		221.72063
75		430.4		640.07937		220.72063
76		449.6		648.29836		250.90164
77		448.6		647.29836		249.90164
78		447.6		646.29836		248.90164
79		446.6		645.29836		247.90164
80		465.8		666.50117		265.09883
81		464.8		665.50117		264.09883
82		463.8		664.50117		263.09883
83		462.8		663.50117		262.09883
84		461.8		662.50117		261.09883
85		460.8		661.50117		260.09883
86		480.0		700.14995		259.85005
87		479.0		699.14995		258.85005
88		478.0		698.14995		257.85005
89		477.0		697.14995		256.85005
90		476.0		696.14995		255.85005
91		495.2		739.97614		250.42386
92		534.6		752.87011		316.32989
93		533.6		751.87011		315.32989
94		532.6		750.87011		314.32989
95		551.8		798.2211		305.3789
96		550.8		797.2211		304.3789
97		549.8		796.2211		303.3789
98		569.0		802.68098		335.31902
99		588.2		853.03308		323.36692
100		587.2		852.03308		322.36692
101		586.2		851.03308		321.36692
102		625.6		898.04273		353.15727
103		624.6		897.04273		352.15727
104		623.6		896.04273		351.15727
105		642.8		916.70685		368.89315
106		641.8		915.70685		367.89315
107		681.2		968.21526		394.18474
108		680.2		967.21526		393.18474
109		699.4		1023.82602		374.97398
110		718.6		1042.40278		394.79722
111		717.6		1041.40278		393.79722
112		716.6		1040.40278		392.79722
113		735.8		1063.98982		407.61018
114		755.0		1067.26847		442.73153
115		754.0		1066.26847		441.73153
116		773.2		1063.78245		482.61755
117		792.4		1119.98608		464.81392
118		811.6		1144.75018		478.44982
119		830.8		1200.00423		461.59577
120		829.8		1199.00423		460.59577
121		849.0		1204.12646		493.87354
122		848.0		1203.12646		492.87354
123		867.2		1203.41624		530.98376
124		866.2		1202.41624		529.98376
125		865.2		1201.41624		528.98376
126		864.2		1200.41624		527.98376
127		863.2		1199.41624		526.98376
128		882.4		1256.56071		508.23929
129		901.6		1266.91006		536.28994
130		900.6		1265.91006		535.28994
131		919.8		1272.03651		567.56349
132		939.0		1273.38481		604.61519
133		978.4		1293.28385		663.51615
134		977.4		1292.28385		662.51615
135		996.6		1304.28074		688.91926
136		1015.8		1304.28945		727.31055
137		1035.0		1319.93859		750.06141
138		1074.4		1332.21435		816.58565
139		1073.4		1331.21435		815.58565
140		1092.6		1337.39265		847.80735
141		1091.6		1336.39265		846.80735
142		1090.6		1335.39265		845.80735
143		1089.6		1334.39265		844.80735
144		1088.6		1333.39265		843.80735
145		1087.6		1332.39265		842.80735
146		1086.6		1331.39265		841.80735
147		1085.6		1330.39265		840.80735
148		1084.6		1329.39265		839.80735
149		1083.6		1328.39265		838.80735
150		1102.8		1340.79782		864.80218
151		1101.8		1339.79782		863.80218
152		1121.0		1345.78078		896.21922
153		1120.0		1344.78078		895.21922
154		1119.0		1343.78078		894.21922
155		1118.0		1342.78078		893.21922
156		1117.0		1341.78078		892.21922
157		1116.0		1340.78078		891.21922
158		1115.0		1339.78078		890.21922
159		1114.0		1338.78078		889.21922
160		1133.2		1351.54413		914.85587
161		1132.2		1350.54413		913.85587
162		1131.2		1349.54413		912.85587
163		1150.4		1360.17569		940.62431
164		1149.4		1359.17569		939.62431
165		1148.4		1358.17569		938.62431
166		1167.6		1361.14855		974.05145
167		1166.6		1360.14855		973.05145
168		1185.8		1376.17059		995.42941
169		1205.0		1434.31812		975.68188
170		1224.2		1442.54413		1005.85587
171		1223.2		1441.54413		1004.85587
172		1222.2		1440.54413		1003.85587
173		1221.2		1439.54413		1002.85587
174		1240.4		1459.68575		1021.11425
175		1239.4		1458.68575		1020.11425
176		1238.4		1457.68575		1019.11425
177		1237.4		1456.68575		1018.11425
178		1236.4		1455.68575		1017.11425
179		1235.4		1454.68575		1016.11425
180		1234.4		1453.68575		1015.11425
181		1253.6		1457.41717		1049.78283
182		1272.8		1515.08776		1030.51224
183		1292.0		1521.31812		1062.68188
184		1331.4		1589.21435		1073.58565
185		1350.6		1599.56554		1101.63446
186		1349.6		1598.56554		1100.63446
187		1348.6		1597.56554		1099.63446
188		1367.8		1614.30306		1121.29694
189		1366.8		1613.30306		1120.29694
190		1386.0		1628.33778		1143.66222
191		1385.0		1627.33778		1142.66222
192		1404.2		1649.05865		1159.34135
193		1423.4		1647.33445		1199.46555
194		1422.4		1646.33445		1198.46555
195		1441.6		1673.59793		1209.60207
196		1440.6		1672.59793		1208.60207
197		1459.8		1675.35083		1244.24917
198		1479.0		1708.31812		1249.68188
199		1498.2		1706.99119		1289.40881
200		1497.2		1705.99119		1288.40881
201		1516.4		1757.86934		1274.93066
202		1515.4		1756.86934		1273.93066
203		1514.4		1755.86934		1272.93066
204		1513.4		1754.86934		1271.93066
205		1512.4		1753.86934		1270.93066
206		1511.4		1752.86934		1269.93066
207		1530.6		1762.59793		1298.60207
208		1529.6		1761.59793		1297.60207
209		1528.6		1760.59793		1296.60207
210		1568.0		1797.31812		1338.68188
211		1567.0		1796.31812		1337.68188
212		1586.2		1804.54413		1367.85587
213		1585.2		1803.54413		1366.85587
214		1604.4		1854.17558		1354.62442
215		1623.6		1888.44833		1358.75167
216		1642.8		1885.08776		1400.51224
217		1662.0		1895.68098		1428.31902
218		1681.2		1946.03308		1416.36692
219		1680.2		1945.03308		1415.36692
220		1679.2		1944.03308		1414.36692
221		1698.4		1948.17558		1448.62442
222		1697.4		1947.17558		1447.62442
223		1716.6		1944.11404		1489.08596
224		1735.8		1955.98665		1515.61335
225		1755.0		1960.82906		1549.17094
226		1754.0		1959.82906		1548.17094
227		1773.2		1991.54413		1554.85587
228		1772.2		1990.54413		1553.85587
229		1791.4		1985.98941		1596.81059
230		1790.4		1984.98941		1595.81059
231		1809.6		2023.1927		1596.0073
232		1808.6		2022.1927		1595.0073
233		1827.8		2028.60179		1626.99821
234		1847.0		2037.32814		1656.67186
235		1846.0		2036.32814		1655.67186
236		1845.0		2035.32814		1654.67186
237		1844.0		2034.32814		1653.67186
238		1863.2		2051.3291		1675.0709
239		1862.2		2050.3291		1674.0709
240		1861.2		2049.3291		1673.0709
241		1880.4		2090.07937		1670.72063
242		1899.6		2082.1931		1717.0069
243		1939.0		2144.73089		1733.26911
244		1938.0		2143.73089		1732.26911
245		1957.2		2184.60748		1729.79252
246		1956.2		2183.60748		1728.79252
247		1955.2		2182.60748		1727.79252
248		1954.2		2181.60748		1726.79252
249		1953.2		2180.60748		1725.79252
250		1972.4		2226.10739		1718.69261
