step	mediator-random_reward_mean	mediator-random_reward_std_up	mediator-random_reward_std_down
1		-30.8		28.8		-90.4
2		-31.8		27.8		-91.4
3		-32.8		26.8		-92.4
4		-33.8		25.8		-93.4
5		-34.8		24.8		-94.4
6		-35.8		23.8		-95.4
7		-36.8		22.8		-96.4
8		-37.8		21.8		-97.4
9		-38.8		20.8		-98.4
10		-39.8		19.8		-99.4
11		-10.6		-9.8		-11.4
12		-11.6		-10.8		-12.4
13		-12.6		-11.8		-13.4
14		-13.6		-12.8		-14.4
15		45.8		119.45161		-27.85161
16		44.8		118.45161		-28.85161
17		43.8		117.45161		-29.85161
18		42.8		116.45161		-30.85161
19		41.8		115.45161		-31.85161
20		71.0		191.50228		-49.50228
21		70.0		190.50228		-50.50228
22		69.0		189.50228		-51.50228
23		68.0		188.50228		-52.50228
24		67.0		187.50228		-53.50228
25		66.0		186.50228		-54.50228
26		65.0		185.50228		-55.50228
27		94.2		207.30774		-18.90774
28		93.2		206.30774		-19.90774
29		92.2		205.30774		-20.90774
30		91.2		204.30774		-21.90774
31		90.2		203.30774		-22.90774
32		89.2		202.30774		-23.90774
33		118.4		253.90734		-17.10734
34		117.4		252.90734		-18.10734
35		116.4		251.90734		-19.10734
36		145.6		259.02769		32.17231
37		144.6		258.02769		31.17231
38		143.6		257.02769		30.17231
39		142.6		256.02769		29.17231
40		141.6		255.02769		28.17231
41		140.6		254.02769		27.17231
42		139.6		253.02769		26.17231
43		138.6		252.02769		25.17231
44		137.6		251.02769		24.17231
45		136.6		250.02769		23.17231
46		135.6		249.02769		22.17231
47		134.6		248.02769		21.17231
48		133.6		247.02769		20.17231
49		132.6		246.02769		19.17231
50		131.6		245.02769		18.17231
51		130.6		244.02769		17.17231
52		129.6		243.02769		16.17231
53		158.8		313.02762		4.57238
54		157.8		312.02762		3.57238
55		156.8		311.02762		2.57238
56		155.8		310.02762		1.57238
57		154.8		309.02762		0.57238
58		153.8		308.02762		-0.42762
59		153.2		378.98432		-72.58432
60		152.2		377.98432		-73.58432
61		121.4		397.18658		-154.38658
62		120.4		396.18658		-155.38658
63		89.6		418.60188		-239.40188
64		88.6		417.60188		-240.40188
65		57.8		441.89707		-326.29707
66		56.8		440.89707		-327.29707
67		56.2		504.61338		-392.21338
68		55.2		503.61338		-393.21338
69		24.4		530.73135		-481.93135
70		23.4		529.73135		-482.93135
71		-7.4		557.19954		-571.99954
72		-38.2		524.93032		-601.33032
73		-69.0		551.35893		-689.35893
74		-99.8		523.51097		-723.11097
75		-130.6		548.79255		-809.99255
76		-161.4		524.58385		-847.38385
77		-192.2		548.71819		-933.11819
78		-223.0		527.52488		-973.52488
79		-253.8		550.5642		-1058.1642
80		-314.4		485.6104		-1114.4104
81		-345.2		507.60886		-1198.00886
82		-405.8		447.07875		-1258.67875
83		-436.6		467.95549		-1341.15549
84		-497.2		411.33958		-1405.73958
85		-528.0		431.06976		-1487.06976
86		-558.4		439.41253		-1556.21253
87		-589.2		457.39092		-1635.79092
88		-619.6		473.36287		-1712.56287
89		-650.4		489.6187		-1790.4187
90		-740.8		388.3238		-1869.9238
91		-771.6		403.88775		-1947.08775
92		-862.0		305.20932		-2029.20932
93		-892.8		320.04977		-2105.64977
94		-983.2		223.83727		-2190.23727
95		-1014.0		237.9353		-2265.9353
96		-1104.4		144.04088		-2352.84088
97		-1135.2		157.38801		-2427.78801
98		-1225.6		65.66862		-2516.86862
99		-1256.4		78.26469		-2591.06469
100		-1346.8		-11.41655		-2682.18345
101		-1377.6		0.43492		-2755.63492
102		-1468.0		-87.33798		-2848.66202
103		-1498.8		-76.21961		-2921.38039
104		-1559.0		-84.08048		-3033.91952
105		-1589.8		-74.38885		-3105.21115
106		-1680.2		-157.11938		-3203.28062
107		-1711.0		-148.10717		-3273.89283
108		-1801.4		-229.37397		-3373.42603
109		-1802.0		-141.13456		-3462.86544
110		-1892.4		-219.72734		-3565.07266
111		-1923.2		-212.63128		-3633.76872
112		-2013.6		-290.01843		-3737.18157
113		-2044.4		-283.51356		-3805.28644
114		-2134.8		-359.76835		-3909.83165
115		-2165.6		-353.83262		-3977.36738
116		-2256.0		-429.02282		-4082.97718
117		-2286.8		-423.63459		-4149.96541
118		-2377.2		-497.82293		-4256.57707
119		-2408.0		-492.9611		-4323.0389
120		-2498.4		-566.20564		-4430.59436
121		-2529.2		-561.84976		-4496.55024
122		-2619.6		-634.20426		-4604.99574
123		-2620.2		-546.3314		-4694.0686
124		-2710.6		-617.04125		-4804.15875
125		-2741.4		-614.09367		-4868.70633
126		-2831.8		-684.05286		-4979.54714
127		-2862.6		-681.53653		-5043.66347
128		-2953.0		-750.78484		-5155.21516
129		-2983.8		-748.68305		-5218.91695
130		-3074.2		-817.25743		-5331.14257
131		-3105.0		-815.55422		-5394.44578
132		-3195.4		-883.48905		-5507.31095
133		-3226.2		-882.16916		-5570.23084
134		-3316.6		-949.49649		-5683.70351
135		-3347.4		-948.54539		-5746.25461
136		-3437.8		-1015.29507		-5860.30493
137		-3468.6		-1014.69889		-5922.50111
138		-3559.0		-1080.89879		-6037.10121
139		-3589.8		-1080.64433		-6098.95567
140		-3680.2		-1146.32049		-6214.07951
141		-3711.0		-1146.39516		-6275.60484
142		-3831.2		-1297.32049		-6365.07951
143		-3862.0		-1297.39516		-6426.60484
144		-3982.2		-1448.32049		-6516.07951
145		-4013.0		-1448.39516		-6577.60484
146		-4133.2		-1599.32049		-6667.07951
147		-4164.0		-1599.39516		-6728.60484
148		-4284.2		-1750.32049		-6818.07951
149		-4315.0		-1750.39516		-6879.60484
150		-4435.2		-1901.32049		-6969.07951
151		-4466.0		-1901.39516		-7030.60484
152		-4586.2		-2052.32049		-7120.07951
153		-4617.0		-2052.39516		-7181.60484
154		-4737.2		-2203.32049		-7271.07951
155		-4768.0		-2203.39516		-7332.60484
156		-4888.2		-2354.32049		-7422.07951
157		-4919.0		-2354.39516		-7483.60484
158		-5039.2		-2505.32049		-7573.07951
159		-5070.0		-2505.39516		-7634.60484
160		-5190.2		-2656.32049		-7724.07951
161		-5221.0		-2656.39516		-7785.60484
162		-5341.2		-2807.32049		-7875.07951
163		-5372.0		-2807.39516		-7936.60484
164		-5492.2		-2958.32049		-8026.07951
165		-5523.0		-2958.39516		-8087.60484
166		-5643.2		-3109.32049		-8177.07951
167		-5674.0		-3109.39516		-8238.60484
168		-5794.2		-3260.32049		-8328.07951
169		-5825.0		-3260.39516		-8389.60484
170		-5945.2		-3411.32049		-8479.07951
171		-5976.0		-3411.39516		-8540.60484
172		-6096.2		-3562.32049		-8630.07951
173		-6127.0		-3562.39516		-8691.60484
174		-6247.2		-3713.32049		-8781.07951
175		-6278.0		-3713.39516		-8842.60484
176		-6398.2		-3864.32049		-8932.07951
177		-6429.0		-3864.39516		-8993.60484
178		-6549.2		-4015.32049		-9083.07951
179		-6580.0		-4015.39516		-9144.60484
180		-6700.2		-4166.32049		-9234.07951
181		-6731.0		-4166.39516		-9295.60484
182		-6851.2		-4317.32049		-9385.07951
183		-6882.0		-4317.39516		-9446.60484
184		-7002.2		-4468.32049		-9536.07951
185		-7033.0		-4468.39516		-9597.60484
186		-7153.2		-4619.32049		-9687.07951
187		-7184.0		-4619.39516		-9748.60484
188		-7304.2		-4770.32049		-9838.07951
189		-7335.0		-4770.39516		-9899.60484
190		-7455.2		-4921.32049		-9989.07951
191		-7486.0		-4921.39516		-10050.60484
192		-7606.2		-5072.32049		-10140.07951
193		-7637.0		-5072.39516		-10201.60484
194		-7757.2		-5223.32049		-10291.07951
195		-7788.0		-5223.39516		-10352.60484
196		-7908.2		-5374.32049		-10442.07951
197		-7939.0		-5374.39516		-10503.60484
198		-8059.2		-5525.32049		-10593.07951
199		-8090.0		-5525.39516		-10654.60484
200		-8210.2		-5676.32049		-10744.07951
201		-8241.0		-5676.39516		-10805.60484
202		-8361.2		-5827.32049		-10895.07951
203		-8392.0		-5827.39516		-10956.60484
204		-8512.2		-5978.32049		-11046.07951
205		-8543.0		-5978.39516		-11107.60484
206		-8663.2		-6129.32049		-11197.07951
207		-8694.0		-6129.39516		-11258.60484
208		-8814.2		-6280.32049		-11348.07951
209		-8845.0		-6280.39516		-11409.60484
210		-8965.2		-6431.32049		-11499.07951
211		-8996.0		-6431.39516		-11560.60484
212		-9116.2		-6582.32049		-11650.07951
213		-9147.0		-6582.39516		-11711.60484
214		-9267.2		-6733.32049		-11801.07951
215		-9298.0		-6733.39516		-11862.60484
216		-9418.2		-6884.32049		-11952.07951
217		-9449.0		-6884.39516		-12013.60484
218		-9569.2		-7035.32049		-12103.07951
219		-9600.0		-7035.39516		-12164.60484
220		-9720.2		-7186.32049		-12254.07951
221		-9751.0		-7186.39516		-12315.60484
222		-9871.2		-7337.32049		-12405.07951
223		-9902.0		-7337.39516		-12466.60484
224		-10022.2		-7488.32049		-12556.07951
225		-10053.0		-7488.39516		-12617.60484
226		-10173.2		-7639.32049		-12707.07951
227		-10204.0		-7639.39516		-12768.60484
228		-10324.2		-7790.32049		-12858.07951
229		-10355.0		-7790.39516		-12919.60484
230		-10475.2		-7941.32049		-13009.07951
231		-10506.0		-7941.39516		-13070.60484
232		-10626.2		-8092.32049		-13160.07951
233		-10657.0		-8092.39516		-13221.60484
234		-10777.2		-8243.32049		-13311.07951
235		-10808.0		-8243.39516		-13372.60484
236		-10928.2		-8394.32049		-13462.07951
237		-10959.0		-8394.39516		-13523.60484
238		-11079.2		-8545.32049		-13613.07951
239		-11110.0		-8545.39516		-13674.60484
240		-11230.2		-8696.32049		-13764.07951
241		-11261.0		-8696.39516		-13825.60484
242		-11381.2		-8847.32049		-13915.07951
243		-11412.0		-8847.39516		-13976.60484
244		-11532.2		-8998.32049		-14066.07951
245		-11563.0		-8998.39516		-14127.60484
246		-11683.2		-9149.32049		-14217.07951
247		-11714.0		-9149.39516		-14278.60484
248		-11834.2		-9300.32049		-14368.07951
249		-11865.0		-9300.39516		-14429.60484
250		-11985.2		-9451.32049		-14519.07951
