step	mediator-random_inst_loss_mean	mediator-random_inst_loss_std_up	mediator-random_inst_loss_std_down
1		41.40734		62.94597		19.86872
2		-10.09753		12.5747		-32.76977
3		13.93723		42.9403		-15.06585
4		12.82602		45.59365		-19.94161
5		21.1723		71.05147		-28.70686
6		16.75239		73.09042		-39.58565
7		8.41035		67.71354		-50.89284
8		8.07674		69.8246		-53.67111
9		1.12284		66.57986		-64.33418
10		-8.04181		60.86032		-76.94393
11		-17.6888		54.83975		-90.21736
12		19.05144		56.28427		-18.1814
13		14.5199		53.03081		-23.99101
14		6.06036		46.59816		-34.47744
15		-2.84442		39.82695		-45.51579
16		16.22962		70.11656		-37.65732
17		9.70482		68.97183		-49.5622
18		19.43934		81.30767		-42.42899
19		13.08347		79.35061		-53.18367
20		4.54833		74.30321		-65.20656
21		-4.43603		68.99016		-77.86222
22		-13.89325		63.39748		-91.18398
23		-5.40073		55.09976		-65.90123
24		-13.06398		49.39545		-75.5234
25		-22.9753		42.77147		-88.72207
26		-33.40827		35.79886		-102.61539
27		-25.94285		44.93948		-96.82519
28		-6.23977		17.12202		-29.60156
29		-13.94718		8.14066		-36.03501
30		12.98999		90.36649		-64.38651
31		36.58692		122.76527		-49.59143
32		59.58104		133.7335		-14.57142
33		55.33789		133.59438		-22.9186
34		49.02666		131.40192		-33.34859
35		42.38327		129.09406		-44.32752
36		35.39022		126.66474		-55.8843
37		46.47661		117.77447		-24.82124
38		69.99124		135.15727		4.82521
39		66.296		136.04159		-3.44959
40		60.56151		133.97793		-12.8549
41		54.52522		131.80565		-22.75521
42		48.17122		129.51905		-33.1766
43		59.93029		121.69493		-1.83434
44		55.70553		119.05883		-7.64777
45		49.41365		116.10133		-17.27403
46		71.23811		132.59606		9.88017
47		67.60849		133.38626		1.83072
48		61.94309		131.18285		-7.29667
49		82.87449		137.89511		27.85386
50		81.70205		139.49141		23.9127
51		76.77842		137.60932		15.94752
52		71.59564		135.62817		7.56312
53		66.14009		133.54275		-1.26257
54		88.84489		131.19211		46.49768
55		86.14194		130.86764		41.41625
56		81.45199		128.53166		34.37231
57		84.96268		140.32237		29.60298
58		82.0554		142.17982		21.93099
59		77.15036		140.43922		13.8615
60		71.98716		138.60701		5.36731
61		66.55222		136.67838		-3.57394
62		60.83122		134.64823		-12.98579
63		54.80912		132.51124		-22.893
64		66.91755		120.73622		13.09889
65		63.06054		117.53028		8.59079
66		57.15577		114.49234		-0.18081
67		50.94022		111.29451		-9.41407
68		44.39754		107.92837		-19.13329
69		37.51051		104.38507		-29.36405
70		30.261		100.65528		-40.13327
71		22.62994		96.72918		-51.46929
72		14.59725		92.59644		-63.40195
73		23.03676		125.41524		-79.34173
74		18.71497		130.93039		-93.50045
75		37.3712		135.15316		-60.41076
76		33.80386		134.7582		-67.15047
77		34.80676		138.61947		-69.00596
78		29.25969		138.35613		-79.83674
79		21.57593		136.41429		-93.26242
80		13.48777		134.37025		-107.39471
81		13.42139		141.24669		-114.4039
82		35.19627		134.39492		-64.00237
83		48.1172		130.18327		-33.94886
84		43.27069		128.21789		-41.6765
85		44.77184		134.13318		-44.5895
86		39.74926		134.22168		-54.72316
87		41.06507		144.07449		-61.94435
88		35.84739		145.40287		-73.70808
89		28.51035		143.83191		-86.8112
90		20.78715		142.17826		-100.60395
91		12.65747		140.43758		-115.12264
92		4.09991		138.60529		-130.40547
93		13.53944		142.51491		-115.43603
94		6.87304		141.88994		-128.14385
95		-1.98896		140.13409		-144.11201
96		7.1301		154.27853		-140.01833
97		0.12637		155.2782		-155.02545
98		-9.09072		154.22699		-172.40843
99		-18.79292		153.12046		-190.7063
100		7.88921		138.0752		-122.29678
101		2.77019		137.49681		-131.95644
102		22.13973		111.7051		-67.42564
103		15.92598		107.01868		-75.16672
104		7.54045		103.4275		-88.34661
105		-1.28643		99.64731		-102.22017
106		-10.57788		95.66816		-116.82393
107		8.08913		77.50605		-61.32779
108		19.58337		75.48061		-36.31387
109		13.23508		71.68482		-45.21467
110		13.1554		76.39378		-50.08297
111		6.4688		73.9926		-61.055
112		6.03301		83.00912		-70.94311
113		-1.02846		81.70862		-83.76555
114		-1.85885		89.99755		-93.71524
115		-9.33568		88.76816		-107.43952
116		-19.05077		84.21642		-122.31797
117		-20.8297		95.57984		-137.23925
118		-29.305		95.16674		-153.77673
119		-40.07111		90.95177		-171.09399
120		-22.95637		71.52024		-117.43298
121		-3.09611		77.30442		-83.49664
122		-10.63806		74.18146		-95.45757
123		-20.4217		68.862		-109.7054
124		-30.72027		63.26257		-124.70311
125		-41.56087		57.36844		-140.49018
126		-16.07705		112.42755		-144.58165
127		5.99003		96.55065		-84.57059
128		-1.0737		91.5903		-93.7377
129		-10.35396		87.1871		-107.89501
130		-11.67516		92.20152		-115.55183
131		-19.66863		90.2967		-129.63397
132		25.4149		145.90264		-95.07285
133		51.51051		127.84726		-24.82623
134		46.8426		124.01728		-30.33208
135		40.08425		121.32076		-41.15225
136		32.97021		118.48232		-52.5419
137		25.48174		115.49449		-64.53101
138		17.59914		112.3494		-77.15113
139		17.74915		116.11283		-80.61453
140		11.30432		114.92557		-92.31692
141		2.67554		111.75054		-106.39945
142		-6.40738		108.4084		-121.22317
143		-15.96836		104.89036		-136.82708
144		2.41495		80.65379		-75.8239
145		-4.83695		74.72595		-84.39984
146		12.57971		93.43676		-68.27734
147		36.15504		71.64927		0.66081
148		30.67894		65.5424		-4.18452
149		23.06988		59.76826		-13.6285
150		15.06034		53.69021		-23.56953
151		25.07673		81.2814		-31.12793
152		19.01757		80.78819		-42.75306
153		10.79475		75.81645		-54.22696
154		2.13915		70.58305		-66.30476
155		-6.97201		65.0742		-79.01823
156		-16.5627		59.27542		-92.40083
157		-26.65817		53.17143		-106.48777
158		-37.28498		46.74618		-121.31613
159		-48.47109		39.98276		-136.92494
160		-31.79845		41.14439		-104.74129
161		-40.85105		35.96989		-117.67199
162		-5.32987		99.79548		-110.45523
163		7.30285		90.5015		-75.89581
164		28.7557		108.77047		-51.25906
165		31.33765		100.78181		-38.1065
166		25.60801		95.3155		-44.09948
167		17.73205		91.10836		-55.64425
168		9.44158		86.67979		-67.79664
169		9.16225		75.35522		-57.03073
170		20.71296		92.36125		-50.93532
171		14.42412		91.36488		-62.51664
172		5.95954		86.94982		-75.03073
173		-2.95054		82.30238		-88.20346
174		-12.32958		77.41034		-102.0695
175		-22.20225		72.26082		-116.66532
176		-4.14704		48.3976		-56.69168
177		-11.7443		41.24002		-64.72863
178		-3.13868		45.28069		-51.55805
179		7.76462		32.47664		-16.9474
180		19.24178		72.9248		-34.44125
181		12.87551		72.78025		-47.02924
182		22.77691		97.11773		-51.56392
183		16.5967		96.86936		-63.67596
184		36.69395		106.15221		-32.76431
185		31.24622		104.88164		-42.38921
186		23.66701		101.17798		-53.84396
187		15.6889		97.2794		-65.9016
188		7.29089		93.17562		-78.59385
189		-1.54913		88.85586		-91.95411
190		-10.8544		84.30874		-106.01755
191		-20.64943		79.52229		-120.82116
192		-22.5125		75.31379		-120.3388
193		-12.62888		63.87624		-89.13399
194		-20.67255		57.88505		-99.23015
195		-30.98432		51.70789		-113.67653
196		5.05616		46.5743		-36.46199
197		-0.21198		41.16225		-41.5862
198		9.00061		77.12234		-59.12112
199		20.54282		87.31839		-46.23275
200		14.24503		84.80557		-56.31552
201		5.77102		80.04527		-68.50323
202		33.74599		92.83695		-25.34497
203		29.98785		93.28654		-33.31084
204		22.34241		88.97261		-44.28779
205		14.29458		84.43164		-55.84247
206		24.27068		99.67152		-51.13017
207		18.16908		98.67429		-62.33612
208		28.3491		81.66785		-24.96966
209		22.46216		75.84986		-30.92554
210		14.42063		70.61821		-41.77695
211		24.40336		65.51144		-16.70472
212		18.30875		61.19075		-24.57325
213		10.04862		55.18757		-35.09032
214		1.35375		48.86843		-46.16093
215		49.09624		98.6196		-0.42712
216		46.146		101.51783		-9.22583
217		39.351		97.63713		-18.93514
218		60.64584		107.28979		14.0019
219		56.45874		106.82574		6.09174
220		50.2065		103.2244		-2.81139
221		52.0727		107.59663		-3.45124
222		47.43437		106.49293		-11.62419
223		40.70717		102.87407		-21.45973
224		33.62591		99.06475		-31.81294
225		26.17195		95.05494		-42.71105
226		18.32568		90.83409		-54.18274
227		28.51393		79.10975		-22.08189
228		22.63567		74.11049		-28.83916
229		14.60327		68.7873		-39.58075
230		6.14812		63.18394		-50.88769
231		-2.75204		57.28566		-62.78974
232		-12.12063		51.07695		-75.3182
233		-21.9823		44.54147		-88.50606
234		-32.363		37.66201		-102.38802
235		-43.29006		30.42048		-117.00061
236		-54.79223		22.79781		-132.38228
237		-20.0048		19.51837		-59.52797
238		-26.59193		13.4703		-66.65416
239		-8.76776		44.77536		-62.31089
240		1.83927		58.04673		-54.36819
241		-5.44292		54.7497		-65.63555
242		-14.95314		48.40752		-78.3138
243		-6.5164		42.19634		-55.22914
244		14.20912		40.63655		-12.21831
245		7.57798		37.25683		-22.10086
246		-1.24699		29.9939		-32.48788
247		-10.53562		22.34953		-43.42076
248		-11.85847		23.73321		-47.45015
249		-11.514		26.09057		-49.11857
250		0.0		0.0		0.0
