step	mediator-random_runtime_mean	mediator-random_runtime_std_up	mediator-random_runtime_std_down
1		0.0002		0.0006		-0.0002
2		0.00997		0.01137		0.00857
3		0.01962		0.02155		0.01769
4		0.0288		0.0317		0.0259
5		0.03937		0.04316		0.03557
6		0.04814		0.05249		0.04378
7		0.05752		0.06212		0.05293
8		0.06652		0.07168		0.06137
9		0.07532		0.08022		0.07042
10		0.08413		0.08968		0.07858
11		0.09308		0.09888		0.08728
12		0.10207		0.10831		0.09583
13		0.11088		0.11831		0.10345
14		0.11985		0.12735		0.11235
15		0.13029		0.13722		0.12335
16		0.13966		0.14666		0.13265
17		0.14898		0.15695		0.14102
18		0.15836		0.16653		0.15019
19		0.16714		0.17531		0.15896
20		0.17681		0.18611		0.16752
21		0.18619		0.19584		0.17655
22		0.196		0.20556		0.18644
23		0.20637		0.21682		0.19592
24		0.21594		0.22691		0.20497
25		0.22592		0.23943		0.2124
26		0.23769		0.25617		0.21921
27		0.24966		0.27309		0.22623
28		0.26152		0.28859		0.23445
29		0.27252		0.30402		0.24101
30		0.28187		0.31468		0.24906
31		0.29049		0.32407		0.25691
32		0.30025		0.33427		0.26623
33		0.31042		0.34423		0.2766
34		0.3206		0.35433		0.28688
35		0.33031		0.36455		0.29607
36		0.33928		0.37356		0.305
37		0.34965		0.38399		0.31531
38		0.3585		0.39311		0.32389
39		0.36759		0.4022		0.33297
40		0.37678		0.41241		0.34114
41		0.38535		0.42083		0.34988
42		0.39433		0.43097		0.35769
43		0.40351		0.43997		0.36705
44		0.41194		0.4488		0.37508
45		0.42073		0.4574		0.38405
46		0.4297		0.46782		0.39157
47		0.43895		0.47713		0.40078
48		0.44872		0.48621		0.41124
49		0.4589		0.49575		0.42205
50		0.46746		0.50439		0.43052
51		0.47703		0.51473		0.43933
52		0.48559		0.52338		0.4478
53		0.49459		0.53252		0.45666
54		0.50415		0.54248		0.46582
55		0.51435		0.55396		0.47473
56		0.52396		0.56406		0.48386
57		0.53613		0.57891		0.49335
58		0.54532		0.58828		0.50236
59		0.5542		0.59758		0.51082
60		0.56318		0.60745		0.51892
61		0.57195		0.61641		0.52748
62		0.58073		0.62509		0.53637
63		0.58892		0.63348		0.54436
64		0.5981		0.64264		0.55355
65		0.60627		0.65055		0.56199
66		0.61506		0.65954		0.57058
67		0.62344		0.66807		0.5788
68		0.63262		0.67728		0.58795
69		0.64101		0.68608		0.59595
70		0.65098		0.69672		0.60524
71		0.6594		0.70516		0.61364
72		0.6681		0.71339		0.62281
73		0.67675		0.72177		0.63172
74		0.68513		0.72988		0.64038
75		0.69398		0.73872		0.64925
76		0.70238		0.74714		0.65762
77		0.7115		0.75612		0.66687
78		0.72067		0.76499		0.67635
79		0.72945		0.77358		0.68532
80		0.73842		0.78211		0.69473
81		0.74839		0.79256		0.70422
82		0.75737		0.80133		0.71342
83		0.76634		0.81023		0.72245
84		0.77491		0.81881		0.73102
85		0.7835		0.82811		0.73889
86		0.79287		0.83784		0.74791
87		0.80145		0.84689		0.75602
88		0.81062		0.85645		0.7648
89		0.81946		0.86497		0.77394
90		0.82863		0.87401		0.78325
91		0.83721		0.88239		0.79204
92		0.84644		0.89133		0.80155
93		0.85561		0.90016		0.81107
94		0.86399		0.90868		0.8193
95		0.87417		0.91892		0.82942
96		0.88417		0.92793		0.84041
97		0.89353		0.93753		0.84953
98		0.90233		0.9465		0.85816
99		0.9105		0.95492		0.86607
100		0.91937		0.96338		0.87536
101		0.92794		0.97192		0.88397
102		0.93632		0.98006		0.89258
103		0.94529		0.98981		0.90076
104		0.95348		0.99734		0.90963
105		0.96245		1.00649		0.91842
106		0.97102		1.01475		0.92728
107		0.97979		1.02367		0.93592
108		0.98838		1.03228		0.94448
109		0.99754		1.04201		0.95307
110		1.00663		1.05083		0.96242
111		1.01519		1.05968		0.9707
112		1.02319		1.06724		0.97915
113		1.03198		1.07663		0.98733
114		1.04004		1.08461		0.99548
115		1.04902		1.09383		1.00421
116		1.0572		1.10224		1.01217
117		1.0654		1.11068		1.02012
118		1.07398		1.11878		1.02917
119		1.08196		1.1272		1.03672
120		1.09072		1.13592		1.04553
121		1.09932		1.14481		1.05382
122		1.10789		1.15323		1.06255
123		1.11617		1.16182		1.07051
124		1.12533		1.17119		1.07948
125		1.13371		1.17972		1.08769
126		1.14288		1.18946		1.0963
127		1.15127		1.19837		1.10416
128		1.16043		1.20844		1.11242
129		1.1688		1.2169		1.12071
130		1.17744		1.22599		1.12888
131		1.18602		1.23455		1.13749
132		1.19499		1.24421		1.14577
133		1.20376		1.25248		1.15505
134		1.21293		1.26205		1.16381
135		1.22256		1.27103		1.17409
136		1.23233		1.28156		1.1831
137		1.2419		1.29077		1.19303
138		1.25142		1.30129		1.20156
139		1.2606		1.31116		1.21005
140		1.26999		1.31969		1.22029
141		1.2785		1.32854		1.22845
142		1.28699		1.33666		1.23732
143		1.29556		1.34565		1.24548
144		1.30455		1.35464		1.25445
145		1.31232		1.36245		1.26218
146		1.32069		1.37129		1.27009
147		1.32894		1.37941		1.27847
148		1.33792		1.38813		1.28771
149		1.34629		1.39695		1.29563
150		1.35506		1.40566		1.30446
151		1.36524		1.4159		1.31459
152		1.3738		1.4242		1.32341
153		1.383		1.43384		1.33217
154		1.39215		1.44274		1.34156
155		1.40123		1.45249		1.34996
156		1.40965		1.46052		1.35878
157		1.41781		1.46871		1.36692
158		1.42621		1.47665		1.37578
159		1.43481		1.48548		1.38413
160		1.44397		1.494		1.39394
161		1.45296		1.50252		1.4034
162		1.46313		1.51137		1.41489
163		1.47372		1.52093		1.4265
164		1.49045		1.53066		1.45023
165		1.50085		1.54055		1.46116
166		1.50951		1.54884		1.47018
167		1.51831		1.55774		1.47888
168		1.52677		1.56678		1.48676
169		1.53576		1.57624		1.49527
170		1.54453		1.5851		1.50396
171		1.55278		1.59367		1.5119
172		1.56097		1.60177		1.52016
173		1.56996		1.61106		1.52886
174		1.57891		1.62008		1.53774
175		1.58827		1.63067		1.54588
176		1.59666		1.63919		1.55413
177		1.60525		1.6477		1.5628
178		1.61443		1.65709		1.57177
179		1.62263		1.6652		1.58006
180		1.6311		1.67441		1.58779
181		1.63949		1.68202		1.59695
182		1.64868		1.69268		1.60467
183		1.65688		1.69992		1.61384
184		1.66542		1.70863		1.62221
185		1.67379		1.71671		1.63087
186		1.68203		1.72465		1.63941
187		1.69084		1.73321		1.64847
188		1.70022		1.74303		1.65741
189		1.7088		1.7512		1.6664
190		1.71817		1.76068		1.67567
191		1.72714		1.76877		1.68551
192		1.73572		1.77776		1.69368
193		1.74409		1.78623		1.70196
194		1.7527		1.7947		1.7107
195		1.76358		1.80402		1.72314
196		1.77257		1.8129		1.73223
197		1.78156		1.82141		1.7417
198		1.78952		1.82937		1.74967
199		1.79899		1.83961		1.75837
200		1.80778		1.84821		1.76734
201		1.81734		1.85861		1.77608
202		1.82593		1.86806		1.78379
203		1.83451		1.87658		1.79244
204		1.84328		1.88614		1.80043
205		1.85174		1.8945		1.80898
206		1.86056		1.90314		1.81798
207		1.86945		1.91141		1.82749
208		1.87809		1.92025		1.83592
209		1.88668		1.92834		1.84503
210		1.89555		1.93713		1.85397
211		1.90473		1.94618		1.86328
212		1.9137		1.95499		1.87241
213		1.92248		1.96342		1.88154
214		1.93225		1.97203		1.89247
215		1.94049		1.98087		1.90012
216		1.95028		1.98964		1.91092
217		1.95844		1.99809		1.91879
218		1.96723		2.00683		1.92762
219		1.9756		2.01531		1.93588
220		1.98398		2.02383		1.94412
221		1.99253		2.03266		1.9524
222		2.00112		2.04118		1.96105
223		2.00998		2.05053		1.96943
224		2.01876		2.05946		1.97805
225		2.02792		2.06851		1.98732
226		2.0368		2.07731		1.9963
227		2.04508		2.08541		2.00475
228		2.0541		2.09357		2.01463
229		2.06448		2.10303		2.02593
230		2.07287		2.11141		2.03433
231		2.08185		2.11992		2.04377
232		2.09103		2.12876		2.05329
233		2.1006		2.13803		2.06318
234		2.10897		2.14645		2.07149
235		2.11775		2.15491		2.08059
236		2.12712		2.16437		2.08987
237		2.13568		2.17291		2.09846
238		2.14475		2.18256		2.10694
239		2.1544		2.19257		2.11623
240		2.16417		2.2029		2.12543
241		2.17338		2.21136		2.13539
242		2.18296		2.22189		2.14402
243		2.1923		2.23181		2.1528
244		2.20267		2.24434		2.16099
245		2.21185		2.25334		2.17036
246		2.22041		2.26146		2.17936
247		2.22978		2.27133		2.18824
248		2.23816		2.2794		2.19692
249		2.24678		2.28806		2.20549
250		2.25658		2.29748		2.21567
