step	mediator-random_inst_loss_mean	mediator-random_inst_loss_std_up	mediator-random_inst_loss_std_down
1		108.79907		169.24196		48.35618
2		58.93921		127.21177		-9.33335
3		7.49582		60.03302		-45.04138
4		24.93579		80.2381		-30.36652
5		26.2482		84.46116		-31.96476
6		27.62969		61.74088		-6.48151
7		32.49297		72.9482		-7.96225
8		30.79404		89.65525		-28.06718
9		39.23296		100.05841		-21.5925
10		34.47967		118.37758		-49.41824
11		29.47621		98.77315		-39.82074
12		24.2094		97.22537		-48.80657
13		18.6654		94.10913		-56.77833
14		12.82961		77.26165		-51.60244
15		23.73212		89.02062		-41.55637
16		14.75391		66.44754		-36.93972
17		12.12134		49.06344		-24.82075
18		2.53203		59.23561		-54.17154
19		-34.8347		23.49322		-93.16263
20		-23.03174		40.61461		-86.67809
21		-20.83485		43.89593		-85.56563
22		-8.29506		62.09252		-78.68264
23		-5.32255		66.50455		-77.14965
24		-26.05723		55.83157		-107.94603
25		-34.24684		51.55812		-120.05181
26		-25.82204		67.31418		-118.95825
27		-20.36291		74.84293		-115.56875
28		-11.20737		91.82582		-114.24056
29		-4.97905		100.64503		-110.60312
30		-12.05928		69.03843		-93.157
31		-2.46671		86.79271		-91.72613
32		4.22164		94.26958		-85.82629
33		-19.4198		48.95233		-87.79193
34		-23.85099		17.57771		-65.27968
35		-18.28812		28.82122		-65.39746
36		-9.02338		37.03238		-55.07914
37		-19.72557		-0.15516		-39.29598
38		-24.17284		14.3315		-62.67719
39		-18.62692		15.12136		-52.3752
40		-9.38001		32.91235		-51.67237
41		-20.10097		47.42099		-87.62293
42		-7.52255		63.71309		-78.75819
43		-4.50938		70.29927		-79.31803
44		8.88965		87.79633		-70.01704
45		12.76661		95.65079		-70.11757
46		10.02945		95.67172		-75.61282
47		17.3755		107.15343		-72.40244
48		28.51727		123.37288		-66.33834
49		36.83636		136.31344		-62.64072
50		31.95693		117.26094		-53.34707
51		26.8207		110.28428		-56.64289
52		4.36868		75.79028		-67.05293
53		1.18951		71.03949		-68.66046
54		8.0703		76.3335		-60.19289
55		1.67687		70.88085		-67.5271
56		11.9924		80.7184		-56.73359
57		19.44176		95.88705		-57.00353
58		13.64683		86.51937		-59.2257
59		24.59236		106.26109		-57.07637
60		32.70488		113.69651		-48.28675
61		10.56255		78.93421		-57.80911
62		24.75484		96.0843		-46.57462
63		29.46681		105.17515		-46.24152
64		10.56315		63.76805		-42.64174
65		21.34638		83.48893		-40.79617
66		12.2426		77.29012		-52.80492
67		26.52331		100.27702		-47.23039
68		31.32837		103.67446		-41.01772
69		29.56814		101.13216		-41.99589
70		20.89708		94.79915		-53.00499
71		18.58784		91.24116		-54.06548
72		26.38433		99.3488		-46.58015
73		38.00025		118.29886		-42.29836
74		46.81845		127.83071		-34.19382
75		42.46439		102.92916		-18.00038
76		37.88118		130.72906		-54.9667
77		33.05674		129.22653		-63.11304
78		45.02384		151.30257		-61.25488
79		54.2117		161.02577		-52.60237
80		33.20131		118.46546		-52.06284
81		31.53966		105.191		-42.11168
82		40.01782		119.09555		-39.0599
83		35.30584		110.88599		-40.27431
84		30.34586		101.72982		-41.03809
85		8.07938		63.87005		-47.7113
86		-11.94994		40.33494		-64.23481
87		-2.35161		47.13629		-51.83951
88		-29.7481		11.25051		-70.74672
89		-14.26834		28.8881		-57.42478
90		-15.01931		30.40853		-60.44714
91		-32.85525		40.21309		-105.92359
92		-27.76629		42.77373		-98.30631
93		-19.0004		61.61677		-99.61758
94		-13.18224		65.30362		-91.6681
95		-3.64877		85.33364		-92.63118
96		2.97737		90.26855		-84.31381
97		13.36135		111.61352		-84.89083
98		3.8373		110.18099		-102.50638
99		0.63017		101.59444		-100.3341
100		7.48152		111.4407		-96.47765
101		18.10256		129.83712		-93.632
102		25.87351		141.17028		-89.42326
103		37.46255		161.13243		-86.20734
104		29.20699		148.6036		-90.18963
105		-6.75581		109.09092		-122.60253
106		-10.52046		84.99148		-106.03241
107		-4.25599		103.55953		-112.07152
108		5.74728		111.95651		-100.46195
109		-4.1775		96.76557		-105.12058
110		-7.80646		94.07241		-109.68533
111		-18.4446		72.95482		-109.84402
112		-22.82446		54.35		-99.99892
113		-17.20757		67.14852		-101.56365
114		-24.93141		42.15581		-92.01863
115		-16.01632		62.44837		-94.481
116		-10.0411		64.70387		-84.78607
117		-17.38776		52.06275		-86.83826
118		-8.07563		59.28094		-75.43221
119		-18.72794		55.54346		-92.99933
120		-6.07725		67.35209		-79.5066
121		-2.98802		79.04943		-85.02547
122		-6.55437		64.6263		-77.73505
123		-0.08116		81.69774		-81.86006
124		10.14184		89.36545		-69.08177
125		0.44835		62.7235		-61.8268
126		14.10831		77.655		-49.43838
127		18.25994		87.14108		-50.62119
128		15.8119		107.45083		-75.82703
129		23.46229		117.18407		-70.25949
130		34.92442		136.30303		-66.45418
131		26.53528		124.13386		-71.06331
132		24.52278		107.66045		-58.6149
133		32.63163		119.25741		-53.99414
134		44.57636		136.62925		-47.47653
135		53.74067		149.75168		-42.27035
136		66.79639		168.72958		-35.13679
137		77.13018		183.54225		-29.2819
138		74.37148		187.60016		-38.8572
139		54.42213		159.02383		-50.17957
140		19.78645		102.81483		-63.24193
141		-16.67216		51.28344		-84.62775
142		-20.95873		41.20112		-83.11858
143		-15.24364		48.85061		-79.33789
144		-5.81866		62.96015		-74.59747
145		-16.35218		71.74144		-104.4458
146		-20.62191		50.43442		-91.67825
147		-14.88909		65.55047		-95.32865
148		-5.44546		73.57173		-84.46265
149		-15.95933		62.89114		-94.80981
150		-20.20839		46.7502		-87.16698
151		-31.49926		25.76144		-88.75996
152		-19.52075		38.2334		-77.27491
153		-17.13907		46.15836		-80.4365
154		-21.45022		35.36676		-78.2672
155		-15.761		47.54639		-79.06839
156		-6.36325		56.7521		-69.4786
157		0.12002		70.05968		-69.81963
158		-6.69184		49.96798		-63.35166
159		3.18323		69.85539		-63.48893
160		10.16895		73.31146		-52.97356
161		3.88598		79.30286		-71.53091
162		14.31777		86.44526		-57.80971
163		4.84407		61.54748		-51.85934
164		18.73538		75.50612		-38.03536
165		6.08509		61.58512		-49.41493
166		23.45082		81.87189		-34.97026
167		24.68507		86.18094		-36.8108
168		25.98428		116.48809		-64.51952
169		30.76097		120.40141		-58.87947
170		11.92542		92.39402		-68.54318
171		22.78035		104.41499		-58.8543
172		13.75204		99.04793		-71.54385
173		11.06674		76.73357		-54.60009
174		1.42193		66.10168		-63.25783
175		15.13313		78.70999		-48.44373
176		19.3387		90.75916		-52.08176
177		16.94744		95.5144		-61.61953
178		24.65759		109.40448		-60.0893
179		19.13717		105.58317		-67.30882
180		30.37167		123.56651		-62.82318
181		21.7429		112.04223		-68.55642
182		19.47818		126.42539		-87.46904
183		27.32152		134.18643		-79.54338
184		38.98677		157.17899		-79.20545
185		47.85689		166.55866		-70.84488
186		60.60295		191.25579		-70.0499
187		53.5653		204.07819		-96.94759
188		35.92998		164.86757		-93.0076
189		31.00285		141.72697		-79.72126
190		25.8164		145.37681		-93.74401
191		20.35698		146.11366		-105.39971
192		14.61021		157.53598		-128.31555
193		25.60644		173.01083		-121.79795
194		16.72688		143.4414		-109.98765
195		14.19815		121.91093		-93.51463
196		21.7636		136.78124		-93.25404
197		16.09088		135.74504		-103.56329
198		10.11958		107.87027		-87.63111
199		3.83401		85.45456		-77.78653
200		-2.78239		89.83893		-95.4037
201		7.29843		103.50589		-88.90902
202		14.50075		117.04296		-88.04145
203		8.44578		128.84432		-111.95276
204		2.0721		104.8027		-100.65851
205		-4.637		94.88895		-104.16295
206		5.34626		105.90779		-95.21527
207		12.44579		122.49016		-97.59859
208		23.32818		134.96188		-88.30552
209		14.3288		110.4619		-81.80429
210		11.67382		94.49457		-71.14693
211		-14.98403		70.28227		-100.25034
212		1.27317		91.02718		-88.48083
213		1.34018		95.81808		-93.13772
214		1.41072		99.87153		-97.05009
215		4.89388		107.77685		-97.98909
216		1.74213		124.98984		-121.50558
217		8.6514		134.60285		-117.30005
218		2.28776		107.12893		-102.55341
219		-4.40897		111.98881		-120.80675
220		5.58832		125.06704		-113.8904
221		-4.34211		92.41424		-101.09847
222		-7.98093		108.69552		-124.65737
223		-1.58593		115.13365		-118.30551
224		-8.49171		91.26865		-108.25206
225		-15.75139		61.34952		-92.8523
226		-23.40574		56.67544		-103.48691
227		-14.42445		63.6098		-92.45869
228		-8.35308		80.06148		-96.76763
229		1.41014		88.22118		-85.40089
230		-8.77504		61.4295		-78.97958
231		-12.63188		60.49733		-85.76109
232		-6.44146		71.04623		-83.92915
233		3.37361		84.40853		-77.66131
234		10.43354		96.25882		-75.39173
235		4.24896		67.59221		-59.09428
236		14.86658		88.54034		-58.80718
237		22.32097		93.12144		-48.47949
238		16.48516		80.34771		-47.37739
239		27.2003		89.87833		-35.47773
240		35.78321		106.72415		-35.15773
241		31.28669		96.94719		-34.37381
242		7.05108		56.05111		-41.94895
243		19.54078		69.52753		-30.44597
244		24.4776		79.24491		-30.28971
245		9.25294		59.21032		-40.70444
246		-20.17439		-5.96993		-34.37884
247		-23.50794		-2.6751		-44.34078
248		-14.934		-5.02092		-24.84708
249		-11.4		2.56209		-25.36209
250		0.0		0.0		0.0
