step	mediator-random_runtime_mean	mediator-random_runtime_std_up	mediator-random_runtime_std_down
1		0.00017		0.00018		0.00015
2		0.40964		0.61203		0.20725
3		0.80365		1.10364		0.50366
4		1.10642		1.62907		0.58377
5		1.11574		1.63867		0.59281
6		1.12491		1.64813		0.60169
7		1.18045		1.63239		0.72852
8		1.29073		1.76446		0.817
9		1.34644		1.80067		0.89222
10		1.45142		1.92339		0.97944
11		1.46169		1.93455		0.98883
12		1.47151		1.94477		0.99824
13		1.5217		2.00345		1.03995
14		1.67672		2.12751		1.22593
15		1.7359		2.09135		1.38045
16		1.74567		2.10173		1.38962
17		1.8056		2.17247		1.43873
18		1.86058		2.26419		1.45696
19		1.96429		2.40972		1.51885
20		2.03414		2.52813		1.54015
21		2.10122		2.66347		1.53896
22		2.2747		2.78275		1.76666
23		2.32593		2.83868		1.81319
24		2.37744		2.9076		1.84728
25		2.51802		3.1443		1.89173
26		2.60874		3.32295		1.89453
27		2.66684		3.32023		2.01346
28		2.76067		3.3946		2.12674
29		2.91063		3.61878		2.20248
30		2.95544		3.63972		2.27115
31		3.01119		3.67411		2.34826
32		3.07775		3.81758		2.33792
33		3.1838		3.9823		2.38529
34		3.26884		4.12874		2.40894
35		3.39872		4.37533		2.42212
36		3.49409		4.52735		2.46084
37		3.61094		4.72483		2.49705
38		3.70201		4.85974		2.54428
39		3.76978		4.96524		2.57432
40		3.77927		4.97503		2.58351
41		3.83869		5.04631		2.63108
42		3.89705		5.1239		2.67021
43		3.9552		5.20851		2.7019
44		4.01175		5.29754		2.72596
45		4.06833		5.39213		2.74453
46		4.1212		5.48508		2.75732
47		4.25175		5.70671		2.79678
48		4.30499		5.78457		2.8254
49		4.37228		5.89119		2.85336
50		4.48053		6.09584		2.86522
51		4.56168		6.10648		3.01688
52		4.61848		6.2151		3.02186
53		4.74167		6.39817		3.08518
54		4.83921		6.57582		3.10261
55		4.97976		6.82038		3.13914
56		5.14612		7.09011		3.20213
57		5.19804		7.17103		3.22505
58		5.30309		7.3413		3.26487
59		5.35535		7.42126		3.28944
60		5.43187		7.54837		3.31537
61		5.49205		7.65134		3.33276
62		5.54431		7.74311		3.34552
63		5.68546		7.92168		3.44923
64		5.73425		8.00816		3.46034
65		5.7845		8.09962		3.46938
66		5.93213		8.35418		3.51007
67		6.07211		8.53675		3.60748
68		6.20057		8.70179		3.69935
69		6.33498		8.93386		3.7361
70		6.42422		9.09265		3.75579
71		6.54622		9.30299		3.78945
72		6.70349		9.4462		3.96077
73		6.80528		9.55129		4.05926
74		6.83984		9.61347		4.06621
75		6.89822		9.70514		4.0913
76		6.99252		9.78535		4.1997
77		7.07415		9.83984		4.30847
78		7.16631		9.91424		4.41838
79		7.24824		9.96906		4.52742
80		7.32239		10.0874		4.55738
81		7.37334		10.16498		4.58171
82		7.4602		10.23091		4.68949
83		7.54338		10.29804		4.78872
84		7.61171		10.33857		4.88484
85		7.69946		10.41762		4.98131
86		7.79118		10.40907		5.17329
87		7.87224		10.47913		5.26535
88		8.00121		10.55754		5.44488
89		8.12155		10.62299		5.62011
90		8.24305		10.68834		5.79777
91		8.35532		10.72905		5.98159
92		8.40262		10.73286		6.07238
93		8.46688		10.72972		6.20403
94		8.51593		10.72857		6.30329
95		8.59747		10.79317		6.40177
96		8.63919		10.79733		6.48104
97		8.72847		10.88591		6.57103
98		8.77135		10.89186		6.65084
99		8.85801		10.96555		6.75046
100		8.89934		11.02819		6.77049
101		8.97459		11.09208		6.8571
102		9.01541		11.10313		6.92769
103		9.10366		11.19504		7.01227
104		9.14468		11.20991		7.07945
105		9.189		11.22665		7.15135
106		9.23092		11.24409		7.21775
107		9.3104		11.33075		7.29006
108		9.3501		11.35067		7.34954
109		9.39767		11.43221		7.36313
110		9.4554		11.53553		7.37528
111		9.46534		11.54582		7.38485
112		9.50981		11.62544		7.39418
113		9.5564		11.71113		7.40166
114		9.63652		11.80616		7.46687
115		9.67715		11.82946		7.52484
116		9.68764		11.84073		7.53455
117		9.69707		11.85043		7.54372
118		9.7467		11.9461		7.5473
119		9.82229		12.0473		7.59729
120		9.83167		12.05704		7.6063
121		9.91776		12.1653		7.67021
122		9.96076		12.25046		7.67106
123		10.03615		12.35109		7.72122
124		10.10852		12.45428		7.76276
125		10.11787		12.46367		7.77206
126		10.19278		12.53633		7.84924
127		10.24001		12.63177		7.84825
128		10.28282		12.61913		7.94651
129		10.29288		12.62958		7.95619
130		10.33507		12.68209		7.98805
131		10.38019		12.71489		8.04549
132		10.38986		12.72471		8.05501
133		10.39941		12.73436		8.06447
134		10.44296		12.721		8.16492
135		10.49231		12.70478		8.27984
136		10.54418		12.77206		8.3163
137		10.61986		12.83907		8.40064
138		10.73468		12.96226		8.5071
139		10.85233		13.02357		8.68109
140		10.92792		13.0595		8.79634
141		11.05068		13.12409		8.97727
142		11.0605		13.13423		8.98676
143		11.22955		13.27293		9.18618
144		11.31621		13.39027		9.24216
145		11.42996		13.47893		9.38098
146		11.56764		13.5827		9.55259
147		11.72755		13.78052		9.67459
148		11.85655		13.8539		9.8592
149		11.90265		13.92223		9.88306
150		12.01817		14.11227		9.92408
151		12.02781		14.12194		9.93368
152		12.07116		14.17553		9.9668
153		12.18035		14.26753		10.09317
154		12.36678		14.4481		10.28546
155		12.40625		14.47067		10.34183
156		12.44643		14.45923		10.43363
157		12.4886		14.44758		10.52963
158		12.56125		14.50444		10.61805
159		12.71224		14.62478		10.7997
160		12.76726		14.71227		10.82224
161		12.80851		14.70382		10.9132
162		12.90081		14.79152		11.01011
163		13.00459		14.90718		11.10199
164		13.19068		15.0851		11.29627
165		13.30022		15.16074		11.43969
166		13.44545		15.28051		11.6104
167		13.54903		15.36613		11.73194
168		13.68698		15.50356		11.8704
169		13.72703		15.58524		11.86882
170		13.83239		15.6889		11.97588
171		13.91154		15.79104		12.03205
172		13.98651		15.91066		12.06237
173		14.07276		16.04457		12.10096
174		14.15807		16.15467		12.16147
175		14.19933		16.24343		12.15524
176		14.30335		16.38537		12.22132
177		14.40755		16.52545		12.28964
178		14.47628		16.6297		12.32286
179		14.59092		16.71498		12.46685
180		14.69684		16.8774		12.51627
181		14.7063		16.88694		12.52566
182		14.77866		16.95332		12.60401
183		14.8235		17.00451		12.64249
184		14.89445		17.08956		12.69934
185		14.93599		17.14021		12.73178
186		15.03789		17.28372		12.79207
187		15.14772		17.34809		12.94735
188		15.23112		17.44049		13.02175
189		15.31107		17.52705		13.09509
190		15.35123		17.61218		13.09028
191		15.4259		17.7463		13.10549
192		15.50959		17.89326		13.12591
193		15.56661		17.93445		13.19878
194		15.64378		18.074		13.21357
195		15.74876		18.23062		13.2669
196		15.78699		18.31031		13.26368
197		15.82513		18.34091		13.30936
198		15.90589		18.48514		13.32664
199		15.94452		18.56507		13.32396
200		16.05672		18.70927		13.40418
201		16.12327		18.80632		13.44021
202		16.17865		18.8512		13.5061
203		16.22405		18.89046		13.55764
204		16.2338		18.90055		13.56704
205		16.30261		19.01038		13.59484
206		16.37331		19.09124		13.65539
207		16.41824		19.1327		13.70379
208		16.46154		19.19044		13.73263
209		16.53986		19.26338		13.81633
210		16.65664		19.44984		13.86343
211		16.66627		19.45958		13.87295
212		16.73787		19.56684		13.9089
213		16.80831		19.6349		13.98172
214		16.88294		19.70873		14.05714
215		16.95832		19.79815		14.11848
216		16.99985		19.85339		14.14632
217		17.10088		19.94026		14.26149
218		17.14773		19.98559		14.30988
219		17.24727		20.07338		14.42116
220		17.3497		20.21542		14.48398
221		17.3921		20.25777		14.52643
222		17.47578		20.35726		14.5943
223		17.52725		20.46386		14.59065
224		17.60332		20.48194		14.72469
225		17.72445		20.64621		14.80269
226		17.7635		20.69425		14.83275
227		17.86369		20.81045		14.91693
228		17.93625		20.89801		14.97448
229		17.975		20.94851		15.00149
230		18.04733		21.03708		15.05758
231		18.14679		21.18781		15.10577
232		18.21964		21.27736		15.16192
233		18.25968		21.33241		15.18695
234		18.30637		21.38314		15.2296
235		18.42486		21.56061		15.2891
236		18.47094		21.61397		15.32792
237		18.5101		21.66916		15.35105
238		18.55633		21.72359		15.38908
239		18.65557		21.87105		15.4401
240		18.69463		21.92701		15.46225
241		18.7712		22.03018		15.51223
242		18.88213		22.20323		15.56103
243		18.89158		22.21307		15.57009
244		18.93261		22.25361		15.61161
245		18.97273		22.31339		15.63206
246		19.04186		22.40989		15.67382
247		19.1235		22.55372		15.69328
248		19.13281		22.56336		15.70227
249		19.17431		22.61285		15.73576
250		19.21287		22.67152		15.75422
