step	mediator-random_cov_err_sq_T_mean	mediator-random_cov_err_sq_T_std_up	mediator-random_cov_err_sq_T_std_down
1		12.80895		12.80895		12.80895
2		12.80895		12.80895		12.80895
3		12.80895		12.80895		12.80895
4		12.80895		12.80895		12.80895
5		12.80895		12.80895		12.80895
6		12.80895		12.80895		12.80895
7		12.80895		12.80895		12.80895
8		12.80895		12.80895		12.80895
9		12.80895		12.80895		12.80895
10		12.80895		12.80895		12.80895
11		12.80895		12.80895		12.80895
12		12.80895		12.80895		12.80895
13		12.80895		12.80895		12.80895
14		12.80895		12.80895		12.80895
15		12.80895		12.80895		12.80895
16		12.80895		12.80895		12.80895
17		12.80895		12.80895		12.80895
18		12.80895		12.80895		12.80895
19		12.80895		12.80895		12.80895
20		12.80895		12.80895		12.80895
21		12.80895		12.80895		12.80895
22		12.80895		12.80895		12.80895
23		12.80895		12.80895		12.80895
24		12.80895		12.80895		12.80895
25		12.80895		12.80895		12.80895
26		12.80895		12.80895		12.80895
27		12.80895		12.80895		12.80895
28		12.80895		12.80895		12.80895
29		12.80895		12.80895		12.80895
30		12.80895		12.80895		12.80895
31		12.80895		12.80895		12.80895
32		12.80895		12.80895		12.80895
33		12.80895		12.80895		12.80895
34		12.80895		12.80895		12.80895
35		12.80895		12.80895		12.80895
36		12.80895		12.80895		12.80895
37		12.80895		12.80895		12.80895
38		12.80895		12.80895		12.80895
39		12.80895		12.80895		12.80895
40		12.80895		12.80895		12.80895
41		12.80895		12.80895		12.80895
42		12.80895		12.80895		12.80895
43		12.80895		12.80895		12.80895
44		12.80895		12.80895		12.80895
45		12.80895		12.80895		12.80895
46		12.80895		12.80895		12.80895
47		12.80895		12.80895		12.80895
48		12.80895		12.80895		12.80895
49		12.80895		12.80895		12.80895
50		12.80895		12.80895		12.80895
51		12.80895		12.80895		12.80895
52		12.80895		12.80895		12.80895
53		12.80895		12.80895		12.80895
54		12.80895		12.80895		12.80895
55		12.80895		12.80895		12.80895
56		12.80895		12.80895		12.80895
57		12.80895		12.80895		12.80895
58		12.80895		12.80895		12.80895
59		12.80895		12.80895		12.80895
60		12.80895		12.80895		12.80895
61		12.80895		12.80895		12.80895
62		12.80895		12.80895		12.80895
63		12.80895		12.80895		12.80895
64		12.80895		12.80895		12.80895
65		12.80895		12.80895		12.80895
66		12.80895		12.80895		12.80895
67		12.80895		12.80895		12.80895
68		12.80895		12.80895		12.80895
69		12.80895		12.80895		12.80895
70		12.80895		12.80895		12.80895
71		12.80895		12.80895		12.80895
72		12.80895		12.80895		12.80895
73		12.80895		12.80895		12.80895
74		12.80895		12.80895		12.80895
75		12.80895		12.80895		12.80895
76		12.80895		12.80895		12.80895
77		12.80895		12.80895		12.80895
78		12.80895		12.80895		12.80895
79		12.80895		12.80895		12.80895
80		12.80895		12.80895		12.80895
81		12.80895		12.80895		12.80895
82		12.80895		12.80895		12.80895
83		12.80895		12.80895		12.80895
84		12.80895		12.80895		12.80895
85		12.80895		12.80895		12.80895
86		12.80895		12.80895		12.80895
87		12.80895		12.80895		12.80895
88		12.80895		12.80895		12.80895
89		12.80895		12.80895		12.80895
90		12.80895		12.80895		12.80895
91		12.80895		12.80895		12.80895
92		12.80895		12.80895		12.80895
93		12.80895		12.80895		12.80895
94		12.80895		12.80895		12.80895
95		12.80895		12.80895		12.80895
96		12.80895		12.80895		12.80895
97		12.80895		12.80895		12.80895
98		12.80895		12.80895		12.80895
99		12.80895		12.80895		12.80895
100		12.80895		12.80895		12.80895
101		12.80895		12.80895		12.80895
102		12.80895		12.80895		12.80895
103		12.80895		12.80895		12.80895
104		12.80895		12.80895		12.80895
105		12.80895		12.80895		12.80895
106		12.80895		12.80895		12.80895
107		12.80895		12.80895		12.80895
108		12.80895		12.80895		12.80895
109		12.80895		12.80895		12.80895
110		12.80895		12.80895		12.80895
111		12.80895		12.80895		12.80895
112		12.80895		12.80895		12.80895
113		12.80895		12.80895		12.80895
114		12.80895		12.80895		12.80895
115		12.80895		12.80895		12.80895
116		12.80895		12.80895		12.80895
117		12.80895		12.80895		12.80895
118		12.80895		12.80895		12.80895
119		12.80895		12.80895		12.80895
120		12.80895		12.80895		12.80895
121		12.80895		12.80895		12.80895
122		12.80895		12.80895		12.80895
123		12.80895		12.80895		12.80895
124		12.80895		12.80895		12.80895
125		12.80895		12.80895		12.80895
126		12.80895		12.80895		12.80895
127		12.80895		12.80895		12.80895
128		12.80895		12.80895		12.80895
129		12.80895		12.80895		12.80895
130		12.80895		12.80895		12.80895
131		12.80895		12.80895		12.80895
132		12.80895		12.80895		12.80895
133		12.80895		12.80895		12.80895
134		12.80895		12.80895		12.80895
135		12.80895		12.80895		12.80895
136		12.80895		12.80895		12.80895
137		12.80895		12.80895		12.80895
138		12.80895		12.80895		12.80895
139		12.80895		12.80895		12.80895
140		12.80895		12.80895		12.80895
141		12.80895		12.80895		12.80895
142		12.80895		12.80895		12.80895
143		12.80895		12.80895		12.80895
144		12.80895		12.80895		12.80895
145		12.80895		12.80895		12.80895
146		12.80895		12.80895		12.80895
147		12.80895		12.80895		12.80895
148		12.80895		12.80895		12.80895
149		12.80895		12.80895		12.80895
150		12.80895		12.80895		12.80895
151		12.80895		12.80895		12.80895
152		12.80895		12.80895		12.80895
153		12.80895		12.80895		12.80895
154		12.80895		12.80895		12.80895
155		12.80895		12.80895		12.80895
156		12.80895		12.80895		12.80895
157		12.80895		12.80895		12.80895
158		12.80895		12.80895		12.80895
159		12.80895		12.80895		12.80895
160		12.80895		12.80895		12.80895
161		12.80895		12.80895		12.80895
162		12.80895		12.80895		12.80895
163		12.80895		12.80895		12.80895
164		12.80895		12.80895		12.80895
165		12.80895		12.80895		12.80895
166		12.80895		12.80895		12.80895
167		12.80895		12.80895		12.80895
168		12.80895		12.80895		12.80895
169		12.80895		12.80895		12.80895
170		12.80895		12.80895		12.80895
171		12.80895		12.80895		12.80895
172		12.80895		12.80895		12.80895
173		12.80895		12.80895		12.80895
174		12.80895		12.80895		12.80895
175		12.80895		12.80895		12.80895
176		12.80895		12.80895		12.80895
177		12.80895		12.80895		12.80895
178		12.80895		12.80895		12.80895
179		12.80895		12.80895		12.80895
180		12.80895		12.80895		12.80895
181		12.80895		12.80895		12.80895
182		12.80895		12.80895		12.80895
183		12.80895		12.80895		12.80895
184		12.80895		12.80895		12.80895
185		12.80895		12.80895		12.80895
186		12.80895		12.80895		12.80895
187		12.80895		12.80895		12.80895
188		12.80895		12.80895		12.80895
189		12.80895		12.80895		12.80895
190		12.80895		12.80895		12.80895
191		12.80895		12.80895		12.80895
192		12.80895		12.80895		12.80895
193		12.80895		12.80895		12.80895
194		12.80895		12.80895		12.80895
195		12.80895		12.80895		12.80895
196		12.80895		12.80895		12.80895
197		12.80895		12.80895		12.80895
198		12.80895		12.80895		12.80895
199		12.80895		12.80895		12.80895
200		12.80895		12.80895		12.80895
201		12.80895		12.80895		12.80895
202		12.80895		12.80895		12.80895
203		12.80895		12.80895		12.80895
204		12.80895		12.80895		12.80895
205		12.80895		12.80895		12.80895
206		12.80895		12.80895		12.80895
207		12.80895		12.80895		12.80895
208		12.80895		12.80895		12.80895
209		12.80895		12.80895		12.80895
210		12.80895		12.80895		12.80895
211		12.80895		12.80895		12.80895
212		12.80895		12.80895		12.80895
213		12.80895		12.80895		12.80895
214		12.80895		12.80895		12.80895
215		12.80895		12.80895		12.80895
216		12.80895		12.80895		12.80895
217		12.80895		12.80895		12.80895
218		12.80895		12.80895		12.80895
219		12.80895		12.80895		12.80895
220		12.80895		12.80895		12.80895
221		12.80895		12.80895		12.80895
222		12.80895		12.80895		12.80895
223		12.80895		12.80895		12.80895
224		12.80895		12.80895		12.80895
225		12.80895		12.80895		12.80895
226		12.80895		12.80895		12.80895
227		12.80895		12.80895		12.80895
228		12.80895		12.80895		12.80895
229		12.80895		12.80895		12.80895
230		12.80895		12.80895		12.80895
231		12.80895		12.80895		12.80895
232		12.80895		12.80895		12.80895
233		12.80895		12.80895		12.80895
234		12.80895		12.80895		12.80895
235		12.80895		12.80895		12.80895
236		12.80895		12.80895		12.80895
237		12.80895		12.80895		12.80895
238		12.80895		12.80895		12.80895
239		12.80895		12.80895		12.80895
240		12.80895		12.80895		12.80895
241		12.80895		12.80895		12.80895
242		12.80895		12.80895		12.80895
243		12.80895		12.80895		12.80895
244		12.80895		12.80895		12.80895
245		12.80895		12.80895		12.80895
246		12.80895		12.80895		12.80895
247		12.80895		12.80895		12.80895
248		12.80895		12.80895		12.80895
249		12.80895		12.80895		12.80895
250		12.80895		12.80895		12.80895
