step	mediator-random_cum_inst_loss_mean	mediator-random_cum_inst_loss_std_up	mediator-random_cum_inst_loss_std_down
1		51.32884		153.84897		-51.1913
2		43.86397		249.36266		-161.63471
3		42.82441		351.26721		-265.6184
4		34.91194		436.66303		-366.83914
5		19.76485		501.34199		-461.81229
6		-2.99764		556.74139		-562.73666
7		-16.73088		628.95568		-662.41743
8		-24.36874		718.99194		-767.72942
9		-22.18132		824.0375		-868.40014
10		-30.10605		898.72157		-958.93367
11		-24.8115		994.73741		-1044.36041
12		-15.8292		1097.34405		-1129.00245
13		-9.78324		1203.47857		-1223.04506
14		3.3991		1322.31624		-1315.51803
15		10.45708		1412.19119		-1391.27703
16		11.06835		1472.00021		-1449.86351
17		21.93906		1549.2486		-1505.37049
18		40.20009		1635.40092		-1555.00074
19		69.64951		1740.61738		-1601.31837
20		107.46707		1855.85343		-1640.91929
21		157.50231		1991.88444		-1676.87982
22		216.98916		2139.22491		-1705.2466
23		272.78872		2258.23759		-1712.66016
24		324.70691		2346.57496		-1697.16114
25		355.494		2393.38026		-1682.39225
26		350.40147		2394.41093		-1693.60799
27		358.67727		2412.74892		-1695.39437
28		370.79774		2436.65625		-1695.06078
29		380.14703		2465.67023		-1705.37617
30		396.80657		2502.68301		-1709.06988
31		424.5702		2555.21283		-1706.07243
32		426.52235		2590.40095		-1737.35625
33		428.57724		2630.61459		-1773.46011
34		434.14937		2676.65511		-1808.35636
35		436.60569		2733.19873		-1859.98735
36		446.00947		2797.22169		-1905.20276
37		466.13545		2877.9138		-1945.6429
38		477.09342		2960.43911		-2006.25226
39		485.21904		3056.01925		-2085.58117
40		500.59051		3161.97432		-2160.79331
41		509.95281		3238.79778		-2218.89215
42		530.03515		3334.96755		-2274.89726
43		540.94717		3424.46508		-2342.57073
44		549.02442		3487.45396		-2389.40511
45		547.29952		3516.49363		-2421.89459
46		559.1202		3565.51548		-2447.27509
47		574.97211		3619.37068		-2469.42647
48		571.20378		3659.8817		-2517.47414
49		560.41894		3691.66766		-2570.82978
50		559.29375		3739.30799		-2620.7205
51		564.92752		3794.06378		-2664.20875
52		564.03962		3818.13416		-2690.05492
53		573.33226		3858.17331		-2711.50879
54		589.93217		3904.99821		-2725.13386
55		600.58758		3964.8336		-2763.65844
56		604.98562		4014.00976		-2804.03852
57		602.79695		4036.97461		-2831.38071
58		610.72037		4072.33658		-2850.89585
59		608.83353		4099.08681		-2881.41975
60		620.48374		4141.53796		-2900.57047
61		636.15622		4190.90282		-2918.59037
62		632.19902		4230.71918		-2966.32114
63		621.21537		4263.55016		-3021.11943
64		619.8809		4310.20067		-3070.43888
65		625.29437		4365.19123		-3114.60249
66		624.17459		4389.65193		-3141.30276
67		616.17768		4409.16741		-3176.81204
68		600.94171		4419.45292		-3217.56951
69		578.08566		4437.43424		-3281.26293
70		547.20847		4439.48231		-3345.06537
71		507.88799		4413.27276		-3397.49677
72		476.72529		4395.34668		-3441.8961
73		433.69517		4362.49818		-3495.10784
74		402.03667		4342.23749		-3538.16415
75		372.12102		4324.55377		-3580.31173
76		337.22178		4326.78055		-3652.33699
77		307.30391		4331.65221		-3717.04438
78		268.99324		4307.11089		-3769.1244
79		238.89349		4293.00725		-3815.22027
80		196.98227		4274.22907		-3880.26453
81		166.50156		4267.70379		-3934.70066
82		137.8257		4265.26136		-3989.60997
83		121.27694		4276.01983		-4033.46595
84		107.26628		4291.79736		-4077.2648
85		89.10913		4309.37048		-4131.15222
86		76.81452		4334.43229		-4180.80324
87		74.1001		4371.4083		-4223.20809
88		78.061		4416.92637		-4260.80436
89		75.41219		4460.02742		-4309.20305
90		82.85123		4515.202		-4349.49953
91		97.49999		4580.88242		-4385.88243
92		106.10155		4645.24544		-4433.04233
93		125.3831		4724.11053		-4473.34433
94		152.49765		4814.74058		-4509.74528
95		174.2211		4875.95429		-4527.51208
96		190.26971		4912.19188		-4531.65246
97		200.3448		4969.65183		-4568.96224
98		221.17742		5037.24066		-4594.88581
99		232.87923		5077.02001		-4611.26154
100		258.83329		5135.89889		-4618.23231
101		289.56245		5202.71564		-4623.59075
102		335.54528		5290.60006		-4619.50949
103		387.35737		5388.24413		-4613.5294
104		455.53276		5509.16909		-4598.10357
105		530.70543		5641.91537		-4580.50452
106		589.38		5755.96233		-4577.20232
107		610.23362		5834.76268		-4614.29543
108		615.13935		5890.95504		-4660.67635
109		610.076		5939.27995		-4719.12796
110		601.33706		5982.16295		-4779.48883
111		581.91091		6011.69033		-4847.86851
112		558.05324		6031.01642		-4914.90994
113		539.75808		6060.93703		-4981.42087
114		530.72729		6100.99205		-5039.53746
115		528.03938		6152.74617		-5096.66741
116		535.43728		6215.94512		-5145.07056
117		550.04272		6292.07887		-5191.99344
118		575.64414		6381.11728		-5229.82901
119		592.36572		6464.26868		-5279.53723
120		589.51285		6529.67721		-5350.65151
121		579.69165		6587.11155		-5427.72826
122		579.58081		6658.10146		-5498.93984
123		586.28232		6740.71751		-5568.15287
124		603.56381		6838.14282		-5631.0152
125		611.52758		6904.84154		-5681.78637
126		616.50141		6949.82594		-5716.82312
127		611.50975		6960.80529		-5737.7858
128		619.89173		6990.87596		-5751.09251
129		632.12396		7021.41229		-5757.16438
130		658.63635		7072.06898		-5754.79628
131		672.90777		7130.58251		-5784.76697
132		704.97577		7209.35374		-5799.40221
133		738.73156		7292.41462		-5814.9515
134		757.21851		7332.24793		-5817.8109
135		766.45119		7366.58828		-5833.68589
136		789.80617		7411.01972		-5831.40738
137		817.79944		7466.72206		-5831.12317
138		843.85696		7539.88171		-5852.16779
139		878.1041		7624.62698		-5868.41877
140		924.381		7723.44445		-5874.68245
141		962.86625		7790.97675		-5865.24424
142		982.9225		7814.47568		-5848.63068
143		1014.26161		7851.35202		-5822.82879
144		1037.02288		7889.5114		-5815.46565
145		1074.61847		7942.8404		-5793.60347
146		1117.60186		8003.10554		-5767.90182
147		1159.43845		8073.63838		-5754.76148
148		1210.29515		8153.33781		-5732.74751
149		1257.01033		8256.41162		-5742.39095
150		1299.36603		8348.57482		-5749.84277
151		1320.08733		8419.81664		-5779.64197
152		1338.49014		8480.37193		-5803.39164
153		1364.6797		8557.46295		-5828.10355
154		1402.47493		8642.50826		-5837.55839
155		1432.03212		8701.85872		-5837.79449
156		1459.73585		8733.42336		-5813.95167
157		1478.6704		8757.25452		-5799.91373
158		1495.19241		8798.5291		-5808.14428
159		1519.40219		8849.55254		-5810.74817
160		1538.06798		8906.59232		-5830.45636
161		1567.94346		8975.30952		-5839.42261
162		1606.20951		9056.45048		-5844.03147
163		1656.71683		9150.55124		-5837.11758
164		1716.70062		9258.47807		-5825.07682
165		1755.97782		9330.36347		-5818.40784
166		1793.91314		9403.96515		-5816.13886
167		1823.61779		9462.95494		-5815.71937
168		1868.5222		9543.92934		-5806.88494
169		1902.15364		9636.30635		-5831.99907
170		1903.46425		9699.38255		-5892.45406
171		1898.02565		9753.46095		-5957.40965
172		1902.52808		9821.81363		-6016.75746
173		1914.08567		9899.65701		-6071.48567
174		1919.43337		9950.23965		-6111.37291
175		1901.19889		9954.60966		-6152.21188
176		1895.64106		9974.85508		-6183.57295
177		1876.15436		9989.50396		-6237.19525
178		1872.68749		10022.09006		-6276.71508
179		1869.03815		10056.52324		-6318.44693
180		1865.19675		10087.13175		-6356.73825
181		1864.56226		10124.00822		-6394.88371
182		1860.48528		10132.62964		-6411.65908
183		1845.96645		10132.21787		-6440.28497
184		1827.27438		10131.25162		-6476.70286
185		1797.37124		10097.82776		-6503.08527
186		1779.53062		10077.88933		-6518.82808
187		1747.11466		10049.585		-6555.35568
188		1730.03805		10036.92939		-6576.8533
189		1712.06267		10023.71055		-6599.58521
190		1676.09576		9975.33545		-6623.14393
191		1645.05404		9935.19041		-6645.08233
192		1622.60581		9900.24367		-6655.03204
193		1605.79429		9874.23453		-6662.64595
194		1581.27976		9833.38636		-6670.82685
195		1548.65681		9784.14696		-6686.83334
196		1524.54414		9739.77541		-6690.68713
197		1505.98056		9703.59825		-6691.63712
198		1479.62177		9650.08739		-6690.84384
199		1445.0575		9585.81336		-6695.69837
200		1401.85586		9505.16845		-6701.45673
201		1366.60772		9435.13423		-6701.91879
202		1336.3226		9365.34527		-6692.70006
203		1314.67078		9306.886		-6677.54444
204		1281.6521		9256.42857		-6693.12437
205		1243.48651		9172.75268		-6685.77967
206		1210.13041		9098.52379		-6678.26297
207		1168.20059		9031.09216		-6694.69098
208		1117.2457		8928.37203		-6693.88062
209		1073.83615		8834.31673		-6686.64443
210		1034.96016		8738.90113		-6668.98081
211		1004.26516		8652.54245		-6644.01213
212		978.77296		8565.38966		-6607.84373
213		945.1211		8483.75395		-6593.51176
214		902.87963		8408.17645		-6602.41719
215		868.64168		8341.12527		-6603.84191
216		839.42037		8276.57375		-6597.73301
217		784.79958		8206.21822		-6636.61906
218		723.89452		8145.3481		-6697.55906
219		666.60107		8089.73033		-6756.5282
220		616.52151		8040.74042		-6807.6974
221		570.62255		7997.76791		-6856.52281
222		532.53871		7962.16977		-6897.09235
223		499.2655		7933.45945		-6934.92845
224		474.47453		7912.97791		-6964.02884
225		455.19153		7900.37551		-6989.99245
226		445.13162		7896.98167		-7006.71843
227		424.32907		7905.55549		-7056.89735
228		399.01638		7898.20159		-7100.16884
229		379.17334		7904.72596		-7146.37928
230		368.54533		7915.31487		-7178.22421
231		364.14795		7940.84573		-7212.54982
232		369.80203		7971.50418		-7231.90012
233		382.52308		8018.28195		-7253.2358
234		406.23722		8071.38981		-7258.91537
235		421.0989		8115.48409		-7273.28628
236		450.60143		8171.00813		-7269.80528
237		484.99268		8238.54934		-7268.56397
238		517.68871		8320.10319		-7284.72577
239		558.67058		8414.41845		-7297.07729
240		576.77979		8476.22005		-7322.66047
241		592.65219		8517.67993		-7332.37556
242		616.75491		8570.74542		-7337.2356
243		651.21514		8634.98786		-7332.55757
244		675.76399		8663.27515		-7311.74717
245		671.33113		8650.69973		-7308.03747
246		662.39149		8619.94821		-7295.16523
247		657.52483		8593.79296		-7278.74329
248		642.59083		8577.4597		-7292.27804
249		631.19083		8564.10952		-7301.72785
250		631.19083		8564.10952		-7301.72785
