step	mediator-random_inst_loss_mean	mediator-random_inst_loss_std_up	mediator-random_inst_loss_std_down
1		116.88232		156.5317		77.23294
2		70.40244		112.13863		28.66625
3		74.10783		138.55712		9.65855
4		64.37188		154.91169		-26.16792
5		67.75988		165.12288		-29.60312
6		74.73528		175.8392		-26.36865
7		92.30508		200.10282		-15.49267
8		100.57233		212.6606		-11.51595
9		68.36561		185.21591		-48.4847
10		68.55471		176.22706		-39.11764
11		61.93558		172.48792		-48.61677
12		27.69534		125.05826		-69.66757
13		25.7439		125.87929		-74.39148
14		16.87157		118.24666		-84.50352
15		-2.69499		82.86121		-88.2512
16		7.39044		96.21746		-81.43659
17		14.59759		109.31291		-80.11774
18		8.5477		85.50373		-68.40833
19		2.1794		78.2736		-73.9148
20		-4.52408		72.48454		-81.5327
21		-11.58037		56.96826		-80.129
22		-19.00805		46.35109		-84.36718
23		-9.7812		61.63002		-81.19242
24		-3.47781		69.05695		-76.01257
25		6.56642		85.53282		-72.39999
26		-3.31526		66.31381		-72.94433
27		-6.89883		75.67078		-89.46845
28		-0.44375		79.53709		-80.42459
29		-7.28529		61.25041		-75.82098
30		2.55855		70.97964		-65.86254
31		-24.57952		41.70622		-90.86525
32		-25.87317		18.22571		-69.97206
33		-23.82583		26.89055		-74.5422
34		-28.48891		28.4755		-85.45332
35		-23.17015		38.33459		-84.67489
36		-14.16235		49.00922		-77.33393
37		-8.08956		59.95108		-76.1302
38		-15.33351		54.81557		-85.48258
39		-5.91326		69.45284		-81.27936
40		0.5937		78.37866		-77.19127
41		-6.19324		52.86836		-65.25484
42		-30.38284		-3.05818		-57.70749
43		-18.34557		16.16717		-52.85831
44		-15.90203		14.66566		-46.46973
45		-3.10262		34.82619		-41.03142
46		0.14318		34.30563		-34.01928
47		13.78707		55.50178		-27.92763
48		0.87635		69.79358		-68.04089
49		0.92247		67.81751		-65.97257
50		-12.66534		64.90725		-90.23793
51		3.71352		85.36887		-77.94184
52		3.90896		89.86197		-82.04405
53		-12.93076		48.95842		-74.81994
54		-6.79314		62.94781		-76.53409
55		3.0766		71.87508		-65.72189
56		-6.98875		69.79571		-83.77321
57		-10.76567		80.91589		-102.44723
58		-21.55955		59.20411		-102.32322
59		-43.14881		27.952		-114.24962
60		-35.19253		38.29773		-108.68279
61		-30.22659		48.46157		-108.91475
62		-38.63564		26.04517		-103.31646
63		-30.44182		42.92421		-103.80786
64		-25.22584		46.70529		-97.15697
65		-16.32625		64.67347		-97.32596
66		-27.4128		68.29742		-123.12301
67		-15.21921		87.66138		-118.0998
68		-12.61113		93.54083		-118.76309
69		0.36149		114.23411		-113.51113
70		3.7896		121.51244		-113.93323
71		-16.46549		71.99443		-104.9254
72		-24.15027		48.42842		-96.72896
73		-15.19407		60.16003		-90.54817
74		-9.17557		71.16657		-89.51772
75		0.56877		84.09577		-82.95823
76		7.41689		96.36342		-81.52964
77		0.98907		73.38925		-71.41111
78		11.2684		93.18251		-70.6457
79		18.67966		99.18948		-61.83017
80		12.84461		88.40571		-62.71648
81		6.70246		86.88583		-73.4809
82		0.23704		67.44507		-66.97098
83		-6.56866		57.87426		-71.01158
84		3.31289		71.28214		-64.65635
85		10.30544		81.69172		-61.08085
86		21.0751		96.35448		-54.20428
87		11.95704		68.28874		-44.37465
88		9.17727		69.83242		-51.47787
89		16.47847		73.85266		-40.89573
90		10.52757		76.40763		-55.35248
91		21.30893		84.2935		-41.67564
92		29.24863		101.90045		-43.40318
93		23.96985		107.85667		-59.91696
94		1.36779		63.34791		-60.61233
95		-1.96931		76.55457		-80.4932
96		4.74522		81.71248		-72.22204
97		-1.82321		63.69918		-67.34561
98		-25.78281		73.53292		-125.09854
99		-13.50344		87.61724		-114.62411
100		-27.85051		68.61791		-124.31892
101		-29.31632		47.33644		-105.96908
102		-27.4502		57.67381		-112.57421
103		-15.25858		69.90047		-100.41763
104		-12.65257		81.42623		-106.73137
105		-16.72759		81.19468		-114.64985
106		-10.7898		95.48267		-117.06228
107		-1.13042		107.52453		-109.78536
108		-11.41718		84.45478		-107.28915
109		-32.47263		29.71452		-94.65979
110		-40.9999		22.77847		-104.77827
111		-32.93052		28.06364		-93.92468
112		-27.84552		42.48784		-98.17889
113		-19.0838		48.80987		-86.97747
114		-13.27003		64.32759		-90.86765
115		-20.78664		60.19373		-101.767
116		-28.69885		31.76541		-89.16311
117		-37.0275		2.73128		-76.78628
118		-45.7945		-4.35068		-87.23831
119		-37.97746		0.88704		-76.84196
120		-33.15809		12.48534		-78.80153
121		-24.67598		18.60754		-67.95951
122		-36.20199		-12.61366		-59.79033
123		-24.471		1.01203		-49.95403
124		-22.34985		3.77483		-48.47453
125		-26.93525		18.52246		-72.39297
126		-21.53472		21.84162		-64.91105
127		-12.44085		37.66624		-62.54794
128		-6.27745		41.99184		-54.54674
129		-13.42602		33.6466		-60.49864
130		-3.90538		42.25681		-50.06758
131		2.70725		54.65747		-49.24296
132		-3.96844		58.69193		-66.62881
133		6.04997		72.77471		-60.67477
134		13.18657		82.63048		-56.25735
135		7.06241		59.61317		-45.48834
136		0.61594		53.73182		-52.49995
137		-6.16983		50.37583		-62.71548
138		3.73272		65.37997		-57.91453
139		-6.29809		62.79368		-75.38986
140		-27.08412		30.72542		-84.89366
141		-18.28233		43.65304		-80.21769
142		-29.47183		39.11737		-98.06102
143		-34.43207		10.06829		-78.93242
144		-29.4261		22.25998		-81.11217
145		-37.79302		10.25342		-85.83947
146		-29.55485		26.27956		-85.38927
147		-41.33765		28.16121		-110.8365
148		-29.87695		45.33501		-105.08891
149		-28.04033		49.06046		-105.14111
150		-32.92523		25.04039		-90.89084
151		-27.83995		35.53305		-91.21295
152		-36.12339		21.43119		-93.67797
153		-44.84281		29.00531		-118.69092
154		-54.02114		18.07464		-126.11691
155		-63.68253		-12.83		-114.53507
156		-56.80697		-3.73706		-109.87689
157		-52.97863		3.31101		-109.26828
158		-62.58516		-30.33702		-94.83331
159		-55.65185		-14.24766		-97.05604
160		-51.76271		-15.6484		-87.87702
161		-61.30525		-22.86424		-99.74625
162		-54.30456		-21.1043		-87.50483
163		-50.34452		-8.1435		-92.54554
164		-42.76696		-5.61032		-79.92359
165		-38.19967		8.16845		-84.56779
166		-29.9829		11.55895		-71.52476
167		-41.78822		-15.17951		-68.39693
168		-47.39669		-5.38803		-89.40536
169		-43.07308		-0.16464		-85.98151
170		-35.11281		11.32665		-81.55227
171		-30.14267		17.43063		-77.71596
172		-21.50185		29.85081		-72.85451
173		-32.8608		7.3681		-73.0897
174		-55.04486		-19.14923		-90.94049
175		-47.71469		-15.7496		-79.67978
176		-60.45326		-19.81827		-101.08825
177		-49.99865		-11.8018		-88.19549
178		-49.22106		-4.45204		-93.99009
179		-38.17528		4.37231		-80.72287
180		-36.77541		12.57561		-86.12644
181		-42.12005		-3.37976		-80.86035
182		-37.51872		9.34812		-84.38556
183		-29.26611		13.95994		-72.49216
184		-41.03371		-21.09576		-60.97165
185		-46.60247		-3.85864		-89.34629
186		-42.23705		-1.32958		-83.14452
187		-34.23278		12.88413		-81.34969
188		-29.21632		16.29321		-74.72585
189		-20.52675		31.43839		-72.49189
190		-14.78892		35.82318		-65.40103
191		-5.34001		51.9996		-62.67963
192		-15.84834		39.42428		-71.12097
193		-3.0461		60.24579		-66.33799
194		0.20267		61.70681		-61.30148
195		-3.19576		46.4051		-52.79661
196		3.45423		52.54224		-45.63379
197		-20.2276		41.22689		-81.68209
198		-7.65584		53.74218		-69.05385
199		-4.64969		63.2569		-72.55628
200		-8.3035		43.54284		-60.14984
201		-1.92235		59.50845		-63.35315
202		8.20376		66.00169		-49.59417
203		15.4537		83.15089		-52.24349
204		9.44886		78.27895		-59.38124
205		3.12801		57.51982		-51.2638
206		-3.52557		72.99087		-80.04201
207		6.51608		84.89058		-71.85841
208		-3.36831		68.28183		-75.01845
209		-6.95465		47.03825		-60.94754
210		-0.50241		59.41697		-60.4218
211		-24.39208		32.31178		-81.09595
212		-29.08505		14.46076		-72.63085
213		-23.79786		19.36845		-66.96417
214		-31.86882		10.82425		-74.5619
215		-23.31938		19.79899		-66.43775
216		-17.72808		29.44466		-64.90081
217		-25.47871		37.69196		-88.64938
218		-16.59123		48.57363		-81.75609
219		-10.64732		59.25179		-80.54642
220		-18.02726		45.32494		-81.37946
221		-8.75151		61.25731		-78.76032
222		-2.39155		67.95592		-72.73901
223		-26.37008		28.05834		-80.79849
224		-14.11336		44.92118		-73.1479
225		-11.44979		48.93336		-71.83294
226		-15.46508		30.5727		-61.50285
227		-9.47025		40.14056		-59.08105
228		-16.79923		13.75116		-47.34963
229		-24.48531		1.30096		-50.27158
230		-15.51461		4.72257		-35.75179
231		-9.54117		18.59357		-37.67591
232		-34.03675		16.09041		-84.16391
233		-39.21285		-1.75361		-76.67209
234		-34.39431		6.86272		-75.65134
235		-26.10396		15.47859		-67.68652
236		-20.54853		25.10493		-66.20199
237		-11.62212		34.55767		-57.80191
238		-5.22321		45.3576		-55.80402
239		4.34938		55.67311		-46.97434
240		-6.14867		52.89207		-65.18942
241		-9.66221		25.09529		-44.41971
242		-2.77581		42.8588		-48.41043
243		6.16703		46.78948		-34.45541
244		-24.77526		-19.91162		-29.63889
245		-12.31842		-7.1988		-17.43804
246		-12.96676		-7.57769		-18.35583
247		-13.64922		4.23082		-31.52926
248		-9.462		-0.23328		-18.69072
249		-11.4		2.56209		-25.36209
250		0.0		0.0		0.0
