step	mediator-random_cum_inst_loss_mean	mediator-random_cum_inst_loss_std_up	mediator-random_cum_inst_loss_std_down
1		15.65824		85.54203		-54.22555
2		-21.54361		121.90206		-164.98928
3		-69.9272		150.95203		-290.80643
4		-111.63355		214.40986		-437.67696
5		-162.91397		277.89819		-603.72612
6		-199.22212		341.49419		-739.93843
7		-242.97547		401.14872		-887.09967
8		-269.80789		440.68375		-980.29953
9		-276.98405		503.86938		-1057.83747
10		-291.91689		565.84813		-1149.68192
11		-269.96445		623.50168		-1163.43057
12		-223.94336		703.77919		-1151.66591
13		-182.87911		781.1502		-1146.90843
14		-148.87733		853.77302		-1151.52769
15		-103.86224		930.83893		-1138.56341
16		-63.85693		1004.45584		-1132.16969
17		-30.96982		1073.52052		-1135.46015
18		41.31943		1142.56251		-1059.92366
19		111.87912		1211.37069		-987.61244
20		185.37623		1285.21812		-914.46566
21		255.36261		1359.50139		-848.77616
22		319.80874		1433.38512		-793.76764
23		405.31801		1521.57031		-710.9343
24		489.79352		1610.38169		-630.79466
25		569.49136		1698.00508		-559.02237
26		644.16008		1784.66254		-496.34239
27		713.53498		1870.57043		-443.50046
28		785.78495		1956.34348		-384.77358
29		854.45855		2040.3376		-331.4205
30		917.5228		2122.39712		-287.35152
31		974.68248		2202.5819		-253.21694
32		1025.62682		2280.93507		-229.68143
33		1070.0287		2357.47759		-217.42019
34		1107.54377		2432.20328		-217.11574
35		1146.25707		2511.71514		-219.20101
36		1198.0764		2584.09409		-187.9413
37		1245.24407		2652.91106		-162.42292
38		1285.6705		2718.81084		-147.46985
39		1319.0009		2781.77399		-143.7722
40		1353.30927		2858.61564		-151.99711
41		1382.04435		2935.71331		-171.62462
42		1403.06805		3009.29232		-203.15622
43		1415.97453		3079.17213		-247.22307
44		1420.33655		3145.15483		-304.48173
45		1434.15189		3239.16384		-370.86006
46		1469.76285		3344.64616		-405.12046
47		1518.31656		3438.45933		-401.8262
48		1562.04674		3528.13421		-404.04073
49		1598.85476		3614.53751		-416.82799
50		1628.3763		3697.53185		-440.77925
51		1687.12284		3819.63796		-445.39228
52		1743.42705		3945.41096		-458.55686
53		1793.4709		4070.17561		-483.23381
54		1865.37239		4173.41289		-442.66812
55		1933.67916		4272.25488		-404.89656
56		1996.35728		4367.81468		-375.10011
57		2053.11051		4459.96578		-353.74476
58		2112.0745		4567.86984		-343.72084
59		2166.76285		4677.32763		-343.80192
60		2215.1058		4784.24167		-354.03007
61		2256.76937		4888.50929		-374.97055
62		2291.40201		4990.0205		-407.21647
63		2318.63368		5088.65733		-451.38997
64		2338.07485		5184.2932		-508.14349
65		2367.76299		5263.29068		-527.7647
66		2391.63466		5337.21026		-553.94093
67		2407.53899		5407.21662		-592.13863
68		2433.50414		5493.11333		-626.10504
69		2453.45688		5576.73111		-669.81735
70		2465.23602		5655.92002		-725.44799
71		2468.41137		5730.46245		-793.63972
72		2462.53009		5800.12893		-875.06874
73		2484.01051		5865.95441		-897.93338
74		2509.53472		5935.11287		-916.04342
75		2537.47081		6007.10605		-932.16443
76		2577.9457		6093.15923		-937.26782
77		2613.17186		6176.40458		-950.06085
78		2641.02829		6254.91549		-972.85892
79		2661.12709		6328.44948		-1006.1953
80		2681.50747		6410.01644		-1047.0015
81		2714.029		6477.03417		-1048.97617
82		2740.88319		6537.18875		-1055.42236
83		2778.37451		6609.39662		-1052.64761
84		2810.46005		6678.3186		-1057.3985
85		2835.01056		6742.01796		-1071.99683
86		2851.62947		6800.24787		-1096.98893
87		2886.79428		6886.26694		-1112.67838
88		2918.27563		6973.59334		-1137.04208
89		2942.19014		7056.67788		-1172.2976
90		2958.13957		7135.32081		-1219.04166
91		2984.15219		7224.85496		-1256.55058
92		3012.60239		7326.1791		-1300.97433
93		3043.61846		7437.21894		-1349.98203
94		3087.33544		7533.63097		-1358.96008
95		3125.97433		7625.5421		-1373.59345
96		3157.42309		7714.25529		-1399.40911
97		3181.30331		7799.68155		-1437.07492
98		3205.66413		7899.46298		-1488.13472
99		3223.9281		8000.22069		-1552.36449
100		3233.92959		8098.15411		-1630.29493
101		3235.23373		8193.16831		-1722.70085
102		3255.83025		8259.74802		-1748.08753
103		3270.1318		8319.74985		-1779.48625
104		3275.96232		8374.52165		-1822.597
105		3299.77095		8424.04174		-1824.49985
106		3327.7459		8482.15568		-1826.66389
107		3349.81422		8537.30002		-1837.67158
108		3382.26778		8623.50112		-1858.96556
109		3409.05042		8709.16697		-1891.06612
110		3464.91391		8800.53184		-1870.70402
111		3518.18334		8888.7873		-1852.42063
112		3565.03267		8972.79398		-1842.72863
113		3605.12402		9052.3564		-1842.10836
114		3638.10169		9127.27077		-1851.06739
115		3682.03878		9180.68707		-1816.60952
116		3720.90934		9226.62357		-1784.80488
117		3771.04947		9249.97512		-1707.87618
118		3816.44956		9264.66662		-1631.76749
119		3855.01539		9272.02244		-1561.99166
120		3886.38725		9271.7984		-1499.0239
121		3910.18651		9263.75599		-1443.38296
122		3926.01463		9247.66499		-1395.63573
123		3950.34703		9242.87668		-1342.18262
124		3970.42585		9234.26712		-1293.41543
125		3982.33769		9217.46953		-1252.79415
126		3985.65274		9192.2411		-1220.93563
127		3979.91851		9158.34996		-1198.51295
128		3964.65874		9115.57855		-1186.26107
129		3947.81956		9069.1787		-1173.53957
130		3922.71512		9014.20376		-1168.77351
131		3895.51314		8961.58759		-1170.56131
132		3877.94797		8942.864		-1186.96806
133		3852.07932		8921.34548		-1217.18685
134		3834.0729		8901.22265		-1233.07685
135		3836.18727		8915.48046		-1243.10591
136		3847.92891		8958.22041		-1262.36259
137		3854.75428		9003.85621		-1294.34765
138		3861.16263		9041.35194		-1319.02669
139		3860.52926		9074.71047		-1353.65195
140		3859.0863		9106.46385		-1388.29125
141		3850.1884		9134.86364		-1434.48685
142		3868.49342		9189.39691		-1452.41007
143		3882.22762		9243.57989		-1479.12465
144		3887.46092		9294.60279		-1519.68094
145		3900.6409		9354.68748		-1553.40568
146		3908.98031		9414.27616		-1596.31553
147		3926.98238		9468.66137		-1614.6966
148		3938.55294		9518.39196		-1641.28608
149		3941.50873		9563.53744		-1680.51998
150		3953.84383		9600.34884		-1692.66118
151		3977.89663		9672.05462		-1716.26135
152		4014.28387		9739.40349		-1710.83574
153		4053.65472		9815.43772		-1708.12828
154		4087.71873		9890.20023		-1714.76278
155		4131.24681		9991.57144		-1729.07782
156		4171.53159		10096.59491		-1753.53173
157		4213.16037		10210.55364		-1784.2329
158		4268.04863		10318.9163		-1782.81903
159		4318.44676		10423.48309		-1786.58958
160		4380.72116		10518.82915		-1757.38684
161		4438.89416		10609.55604		-1731.76772
162		4490.90516		10696.00746		-1714.19715
163		4564.87732		10816.52862		-1686.77398
164		4635.36376		10936.78954		-1666.06203
165		4718.78375		11048.49161		-1610.9241
166		4817.66277		11155.75348		-1520.42794
167		4914.36694		11259.43579		-1430.7019
168		5006.93707		11359.42088		-1345.54673
169		5095.15557		11455.52138		-1265.21025
170		5178.7934		11547.54083		-1189.95404
171		5257.60947		11635.27322		-1120.05427
172		5331.35002		11718.50259		-1055.80255
173		5399.7479		11797.00257		-997.50677
174		5462.52193		11870.53597		-945.49212
175		5519.37611		11938.85425		-900.10204
176		5569.99887		12001.69706		-861.69932
177		5614.06224		12058.79173		-830.66726
178		5659.66848		12124.02457		-804.68762
179		5718.74354		12180.20436		-742.71727
180		5773.54882		12229.60139		-682.50375
181		5830.46233		12286.75136		-625.82669
182		5882.9923		12341.02788		-575.04327
183		5929.06326		12389.20503		-531.07852
184		5968.33526		12430.99044		-494.31993
185		6000.45046		12466.07933		-465.17841
186		6025.03219		12494.15417		-444.08979
187		6041.68396		12514.88437		-431.51646
188		6049.98838		12527.92589		-427.94913
189		6057.95363		12547.70869		-431.80143
190		6058.95911		12563.31459		-445.39638
191		6059.24124		12584.53106		-466.04857
192		6070.60673		12599.58889		-458.37543
193		6093.63888		12601.3667		-414.08893
194		6128.95175		12592.38219		-334.47868
195		6177.19169		12611.33164		-256.94826
196		6220.59157		12626.19826		-185.01511
197		6257.05192		12633.11244		-119.0086
198		6294.65497		12648.20582		-58.89588
199		6326.85814		12658.80269		-5.08641
200		6369.97995		12696.74357		43.21634
201		6407.99234		12731.07129		84.9134
202		6438.78164		12758.01773		119.54554
203		6461.96768		12777.19836		146.737
204		6485.59778		12804.23396		166.9616
205		6503.09258		12827.16167		179.02349
206		6540.7319		12896.76136		184.70244
207		6591.42073		12962.42553		220.41593
208		6637.3984		13022.57261		252.22418
209		6676.5722		13077.1846		275.9598
210		6708.58403		13126.02247		291.14559
211		6733.05696		13168.83949		297.27443
212		6749.59419		13205.38111		293.80727
213		6766.22554		13232.41337		300.03771
214		6804.80072		13293.82733		315.77412
215		6838.02718		13352.15059		323.90378
216		6863.77866		13404.48657		323.07074
217		6881.66173		13450.53595		312.78751
218		6891.26227		13489.98497		292.53957
219		6892.14436		13522.50484		261.78388
220		6883.84913		13547.75101		219.94726
221		6882.78855		13577.95817		187.61893
222		6876.13789		13603.39622		148.87957
223		6859.91346		13621.05692		98.77
224		6852.05885		13623.0488		81.06891
225		6864.85934		13656.90604		72.81265
226		6870.95454		13686.2629		55.64619
227		6868.1468		13708.20995		28.08364
228		6855.96754		13722.38304		-10.44796
229		6833.92351		13728.40107		-60.55404
230		6828.39051		13756.7031		-99.92207
231		6817.03206		13780.27632		-146.2122
232		6804.29953		13796.04447		-187.4454
233		6791.96537		13800.3854		-216.45467
234		6771.60304		13795.35453		-252.14846
235		6740.94526		13781.20873		-299.31821
236		6699.45018		13757.50571		-358.60536
237		6654.99488		13720.74649		-410.75672
238		6600.82084		13672.82028		-471.17859
239		6534.57179		13613.88713		-544.74355
240		6455.61221		13543.44505		-632.22064
241		6371.7206		13477.14138		-733.70019
242		6284.48213		13399.92346		-830.95919
243		6185.27317		13310.02444		-939.47809
244		6128.51393		13256.29299		-999.26514
245		6063.23311		13194.61646		-1068.15025
246		6013.74027		13174.33242		-1146.85188
247		5991.15613		13140.06275		-1157.75049
248		5961.84435		13094.1467		-1170.45799
249		5948.41135		13065.41299		-1168.59028
250		5948.41135		13065.41299		-1168.59028
