step	mediator-random_reward_mean	mediator-random_reward_std_up	mediator-random_reward_std_down
1		0.0		0.0		0.0
2		20.0		44.4949		-4.4949
3		80.0		140.0		20.0
4		170.0		194.4949		145.5051
5		230.0		290.0		170.0
6		320.0		344.4949		295.5051
7		380.0		440.0		320.0
8		410.0		483.48469		336.51531
9		530.0		590.0		470.0
10		560.0		633.48469		486.51531
11		620.0		701.24038		538.75962
12		710.0		783.48469		636.51531
13		770.0		851.24038		688.75962
14		800.0		894.86833		705.13167
15		890.0		938.98979		841.01021
16		950.0		1044.86833		855.13167
17		1010.0		1058.98979		961.01021
18		1100.0		1194.86833		1005.13167
19		1160.0		1208.98979		1111.01021
20		1250.0		1344.86833		1155.13167
21		1310.0		1358.98979		1261.01021
22		1400.0		1494.86833		1305.13167
23		1460.0		1508.98979		1411.01021
24		1550.0		1644.86833		1455.13167
25		1610.0		1658.98979		1561.01021
26		1700.0		1794.86833		1605.13167
27		1760.0		1808.98979		1711.01021
28		1820.0		1901.24038		1738.75962
29		1880.0		1940.0		1820.0
30		1940.0		1988.98979		1891.01021
31		2030.0		2090.0		1970.0
32		2090.0		2138.98979		2041.01021
33		2180.0		2240.0		2120.0
34		2210.0		2258.98979		2161.01021
35		2300.0		2354.77226		2245.22774
36		2330.0		2390.0		2270.0
37		2450.0		2504.77226		2395.22774
38		2480.0		2540.0		2420.0
39		2540.0		2588.98979		2491.01021
40		2600.0		2694.86833		2505.13167
41		2690.0		2738.98979		2641.01021
42		2720.0		2801.24038		2638.75962
43		2780.0		2892.24972		2667.75028
44		2840.0		2946.77078		2733.22922
45		2930.0		3042.24972		2817.75028
46		2990.0		3096.77078		2883.22922
47		3080.0		3192.24972		2967.75028
48		3140.0		3246.77078		3033.22922
49		3200.0		3294.86833		3105.13167
50		3290.0		3396.77078		3183.22922
51		3320.0		3444.89996		3195.10004
52		3410.0		3552.82857		3267.17143
53		3470.0		3594.89996		3345.10004
54		3560.0		3702.82857		3417.17143
55		3590.0		3752.48077		3427.51923
56		3650.0		3862.13203		3437.86797
57		3740.0		3902.48077		3577.51923
58		3800.0		4012.13203		3587.86797
59		3860.0		4055.95918		3664.04082
60		3950.0		4162.13203		3737.86797
61		3950.0		4162.13203		3737.86797
62		4010.0		4205.95918		3814.04082
63		4070.0		4316.17067		3823.82933
64		4130.0		4370.0		3890.0
65		4220.0		4466.17067		3973.82933
66		4280.0		4520.0		4040.0
67		4370.0		4616.17067		4123.82933
68		4430.0		4670.0		4190.0
69		4520.0		4766.17067		4273.82933
70		4580.0		4820.0		4340.0
71		4640.0		4857.71541		4422.28459
72		4700.0		4919.08902		4480.91098
73		4760.0		4963.4699		4556.5301
74		4820.0		5011.31126		4628.68874
75		4880.0		5126.17067		4633.82933
76		4970.0		5161.31126		4778.68874
77		5030.0		5276.17067		4783.82933
78		5120.0		5311.31126		4928.68874
79		5150.0		5369.08902		4930.91098
80		5240.0		5420.0		5060.0
81		5300.0		5519.08902		5080.91098
82		5390.0		5570.0		5210.0
83		5450.0		5669.08902		5230.91098
84		5540.0		5720.0		5360.0
85		5570.0		5761.31126		5378.68874
86		5630.0		5813.30303		5446.69697
87		5690.0		5870.0		5510.0
88		5780.0		5963.30303		5596.69697
89		5840.0		6020.0		5660.0
90		5900.0		6125.8318		5674.1682
91		5960.0		6122.48077		5797.51923
92		6050.0		6275.8318		5824.1682
93		6110.0		6272.48077		5947.51923
94		6200.0		6425.8318		5974.1682
95		6260.0		6422.48077		6097.51923
96		6350.0		6575.8318		6124.1682
97		6380.0		6563.30303		6196.69697
98		6500.0		6725.8318		6274.1682
99		6530.0		6713.30303		6346.69697
100		6620.0		6872.1904		6367.8096
101		6650.0		6869.08902		6430.91098
102		6770.0		7022.1904		6517.8096
103		6800.0		7019.08902		6580.91098
104		6860.0		7115.73424		6604.26576
105		6920.0		7172.1904		6667.8096
106		6980.0		7270.86079		6689.13921
107		7070.0		7322.1904		6817.8096
108		7130.0		7420.86079		6839.13921
109		7190.0		7407.71541		6972.28459
110		7220.0		7466.17067		6973.82933
111		7310.0		7513.4699		7106.5301
112		7370.0		7616.17067		7123.82933
113		7460.0		7663.4699		7256.5301
114		7520.0		7766.17067		7273.82933
115		7610.0		7813.4699		7406.5301
116		7670.0		7916.17067		7423.82933
117		7760.0		7963.4699		7556.5301
118		7820.0		8066.17067		7573.82933
119		7850.0		8123.86128		7576.13872
120		7970.0		8216.17067		7723.82933
121		7970.0		8216.17067		7723.82933
122		8060.0		8315.73424		7804.26576
123		8090.0		8307.71541		7872.28459
124		8210.0		8465.73424		7954.26576
125		8210.0		8465.73424		7954.26576
126		8330.0		8620.86079		8039.13921
127		8360.0		8615.73424		8104.26576
128		8450.0		8723.86128		8176.13872
129		8480.0		8720.0		8240.0
130		8570.0		8816.17067		8323.82933
131		8600.0		8873.86128		8326.13872
132		8720.0		8966.17067		8473.82933
133		8750.0		9023.86128		8476.13872
134		8810.0		9071.53394		8548.46606
135		8900.0		9173.86128		8626.13872
136		8930.0		9176.17067		8683.82933
137		8990.0		9233.72115		8746.27885
138		9050.0		9323.86128		8776.13872
139		9110.0		9313.4699		8906.5301
140		9140.0		9383.72115		8896.27885
141		9230.0		9470.0		8990.0
142		9230.0		9470.0		8990.0
143		9320.0		9600.35692		9039.64308
144		9380.0		9620.0		9140.0
145		9440.0		9695.73424		9184.26576
146		9530.0		9770.0		9290.0
147		9590.0		9845.73424		9334.26576
148		9680.0		9920.0		9440.0
149		9710.0		9988.20855		9431.79145
150		9830.0		10070.0		9590.0
151		9860.0		10138.20855		9581.79145
152		9920.0		10183.81812		9656.18188
153		10010.0		10288.20855		9731.79145
154		10070.0		10333.81812		9806.18188
155		10130.0		10370.0		9890.0
156		10220.0		10483.81812		9956.18188
157		10280.0		10520.0		10040.0
158		10370.0		10633.81812		10106.18188
159		10430.0		10670.0		10190.0
160		10520.0		10783.81812		10256.18188
161		10550.0		10769.08902		10330.91098
162		10640.0		10895.73424		10384.26576
163		10640.0		10895.73424		10384.26576
164		10790.0		11045.73424		10534.26576
165		10790.0		11045.73424		10534.26576
166		10940.0		11195.73424		10684.26576
167		10940.0		11195.73424		10684.26576
168		11090.0		11345.73424		10834.26576
169		11090.0		11345.73424		10834.26576
170		11240.0		11495.73424		10984.26576
171		11240.0		11495.73424		10984.26576
172		11360.0		11577.71541		11142.28459
173		11390.0		11645.73424		11134.26576
174		11480.0		11678.99749		11281.00251
175		11510.0		11753.72115		11266.27885
176		11630.0		11828.99749		11431.00251
177		11660.0		11903.72115		11416.27885
178		11780.0		11978.99749		11581.00251
179		11780.0		11978.99749		11581.00251
180		11900.0		12119.08902		11680.91098
181		11930.0		12128.99749		11731.00251
182		12050.0		12269.08902		11830.91098
183		12080.0		12278.99749		11881.00251
184		12200.0		12419.08902		11980.91098
185		12200.0		12419.08902		11980.91098
186		12320.0		12583.81812		12056.18188
187		12350.0		12569.08902		12130.91098
188		12470.0		12733.81812		12206.18188
189		12500.0		12719.08902		12280.91098
190		12590.0		12821.0844		12358.9156
191		12620.0		12803.30303		12436.69697
192		12680.0		12913.66643		12446.33357
193		12710.0		12965.73424		12454.26576
194		12830.0		13063.66643		12596.33357
195		12860.0		13115.73424		12604.26576
196		12950.0		13218.32816		12681.67184
197		12980.0		13213.66643		12746.33357
198		13070.0		13375.94117		12764.05883
199		13130.0		13363.66643		12896.33357
200		13130.0		13363.66643		12896.33357
201		13250.0		13462.13203		13037.86797
202		13280.0		13513.66643		13046.33357
203		13400.0		13612.13203		13187.86797
204		13400.0		13612.13203		13187.86797
205		13520.0		13718.99749		13321.00251
206		13550.0		13762.13203		13337.86797
207		13640.0		13883.72115		13396.27885
208		13700.0		13912.13203		13487.86797
209		13760.0		13970.71308		13549.28692
210		13820.0		14078.06976		13561.93024
211		13850.0		14129.2848		13570.7152
212		13970.0		14228.06976		13711.93024
213		13970.0		14228.06976		13711.93024
214		14120.0		14378.06976		13861.93024
215		14120.0		14378.06976		13861.93024
216		14210.0		14508.99833		13911.00167
217		14240.0		14489.79992		13990.20008
218		14330.0		14645.59468		14014.40532
219		14390.0		14639.79992		14140.20008
220		14480.0		14795.59468		14164.40532
221		14540.0		14789.79992		14290.20008
222		14630.0		14945.59468		14314.40532
223		14690.0		14939.79992		14440.20008
224		14750.0		15064.64265		14435.35735
225		14840.0		15089.79992		14590.20008
226		14900.0		15214.64265		14585.35735
227		14990.0		15239.79992		14740.20008
228		15050.0		15364.64265		14735.35735
229		15110.0		15408.99833		14811.00167
230		15170.0		15450.35692		14889.64308
231		15260.0		15558.99833		14961.00167
232		15290.0		15539.79992		15040.20008
233		15380.0		15695.59468		15064.40532
234		15440.0		15689.79992		15190.20008
235		15530.0		15845.59468		15214.40532
236		15590.0		15839.79992		15340.20008
237		15680.0		15995.59468		15364.40532
238		15710.0		16008.99833		15411.00167
239		15830.0		16145.59468		15514.40532
240		15860.0		16158.99833		15561.00167
241		15950.0		16264.64265		15635.35735
242		16010.0		16308.99833		15711.00167
243		16100.0		16414.64265		15785.35735
244		16130.0		16430.99834		15829.00166
245		16220.0		16500.35692		15939.64308
246		16280.0		16580.99834		15979.00166
247		16370.0		16650.35692		16089.64308
248		16400.0		16714.64265		16085.35735
249		16460.0		16792.26495		16127.73505
250		16520.0		16880.0		16160.0
