step	mediator-random_cum_inst_loss_mean	mediator-random_cum_inst_loss_std_up	mediator-random_cum_inst_loss_std_down
1		39.3546		107.43518		-28.72598
2		27.30681		167.33878		-112.72516
3		5.40118		221.1717		-210.36933
4		-26.88112		268.61424		-322.37647
5		-70.08623		309.33003		-449.50249
6		-124.78904		342.96503		-592.54311
7		-173.1472		359.42979		-705.72419
8		-231.42952		367.56741		-830.42646
9		-302.00308		367.73272		-971.73888
10		-385.51478		359.33491		-1130.36448
11		-464.19809		365.43287		-1293.82906
12		-554.40162		366.68176		-1475.485
13		-640.12896		385.99745		-1666.25537
14		-719.29978		396.19109		-1834.79064
15		-810.01647		399.62941		-2019.66234
16		-914.73147		396.19284		-2225.65578
17		-997.28655		409.4976		-2404.0707
18		-1071.2734		416.01436		-2558.56115
19		-1138.08579		410.47582		-2686.64741
20		-1215.79363		396.05382		-2827.64107
21		-1288.3676		371.52199		-2948.2572
22		-1353.69277		331.84068		-3039.22622
23		-1429.8351		281.35229		-3141.02248
24		-1500.76117		258.89304		-3260.41538
25		-1564.3517		265.68482		-3394.38822
26		-1601.77312		286.60413		-3490.15038
27		-1646.69834		302.29241		-3595.68909
28		-1703.21179		310.70807		-3717.13164
29		-1735.02839		348.72023		-3818.77701
30		-1774.0538		384.14811		-3932.25571
31		-1805.90943		406.83192		-4018.65078
32		-1846.82067		422.04822		-4115.68957
33		-1899.10888		430.07879		-4228.29656
34		-1963.37285		430.57533		-4357.32102
35		-2021.79538		418.59702		-4462.18778
36		-2090.67178		398.84063		-4580.18419
37		-2153.94951		371.40198		-4679.301
38		-2172.59417		387.22295		-4732.4113
39		-2195.90963		402.34765		-4794.16692
40		-2211.22848		425.49222		-4847.94918
41		-2234.73258		443.49526		-4912.96042
42		-2250.24999		495.12822		-4995.62819
43		-2255.51561		543.82482		-5054.85604
44		-2268.43737		586.79361		-5123.66835
45		-2272.81547		635.51755		-5181.14849
46		-2284.803		679.11105		-5248.71704
47		-2269.75021		730.36772		-5269.86815
48		-2259.43942		777.93893		-5296.81778
49		-2239.36222		816.3884		-5295.11283
50		-2225.60731		847.85574		-5299.07036
51		-2201.90472		868.00583		-5271.81526
52		-2184.33361		879.79479		-5248.46202
53		-2156.61397		888.14782		-5201.37576
54		-2134.8144		889.45134		-5159.08014
55		-2121.09122		883.05203		-5125.23448
56		-2097.42203		863.44482		-5058.28888
57		-2061.4386		844.33018		-4967.20737
58		-2030.94029		816.82322		-4878.7038
59		-2008.06056		779.61443		-4795.73555
60		-1993.20037		732.36904		-4718.76979
61		-1986.78182		674.77146		-4648.3351
62		-1970.8017		641.55816		-4583.16157
63		-1961.35952		601.94028		-4524.65932
64		-1942.19664		596.14336		-4480.53663
65		-1910.95669		595.06825		-4416.98162
66		-1885.45153		587.15236		-4358.05542
67		-1830.93276		596.36075		-4258.22626
68		-1779.07882		599.76804		-4157.92568
69		-1733.71948		594.57108		-4062.01004
70		-1695.19654		580.39711		-3970.7902
71		-1663.86983		556.87093		-3884.6106
72		-1640.11809		523.6191		-3803.85528
73		-1605.89251		525.31203		-3737.09705
74		-1577.24459		523.90442		-3678.39359
75		-1556.31262		514.99323		-3627.61846
76		-1543.50271		498.46447		-3585.46988
77		-1539.24234		474.24183		-3552.72651
78		-1543.98148		442.29387		-3530.25683
79		-1539.74631		408.41409		-3487.90671
80		-1542.66723		367.84082		-3453.17528
81		-1554.96563		320.29695		-3430.22821
82		-1540.24008		293.24549		-3373.72565
83		-1530.27375		262.38173		-3322.92922
84		-1510.55912		242.46005		-3263.5783
85		-1497.18589		216.87186		-3211.24363
86		-1455.43756		257.18262		-3168.05774
87		-1398.57871		316.51561		-3113.67303
88		-1346.10629		374.0616		-3066.27418
89		-1300.0959		428.47101		-3028.66282
90		-1260.88766		479.8596		-3001.63493
91		-1228.83958		528.35156		-2986.03071
92		-1204.32849		574.0737		-2982.73068
93		-1169.30361		604.62043		-2943.22764
94		-1139.8143		630.33963		-2909.96823
95		-1099.54918		691.78322		-2890.88158
96		-1064.54384		754.00738		-2883.09506
97		-1036.91986		813.21509		-2887.05481
98		-998.61824		906.93038		-2904.16686
99		-965.67974		1002.29189		-2933.65136
100		-921.78389		1100.20578		-2943.77356
101		-882.95673		1195.15057		-2961.06403
102		-832.86229		1323.52968		-2989.25425
103		-787.51029		1453.73427		-3028.75486
104		-748.99509		1582.14494		-3080.13513
105		-717.67653		1708.65848		-3144.01153
106		-675.48587		1824.24673		-3175.21847
107		-620.00615		1938.91268		-3178.92498
108		-568.98545		2051.03374		-3189.00464
109		-506.0557		2161.92711		-3174.03852
110		-447.19286		2270.03579		-3164.42151
111		-394.45572		2375.06803		-3163.97946
112		-348.16668		2476.88314		-3173.2165
113		-308.66512		2575.33285		-3192.66309
114		-276.30828		2670.26074		-3222.87729
115		-251.47218		2761.50172		-3264.44608
116		-234.55267		2848.88139		-3317.98673
117		-225.96641		2932.21546		-3384.14827
118		-226.15198		3011.30907		-3463.61302
119		-235.57106		3085.95614		-3557.09825
120		-217.81464		3151.08649		-3586.71578
121		-204.65793		3211.13293		-3620.44879
122		-200.0325		3266.41429		-3666.47929
123		-185.93989		3343.52301		-3715.40278
124		-160.03706		3444.54335		-3764.61747
125		-121.70244		3534.66183		-3778.06671
126		-88.7292		3619.59117		-3797.04956
127		-63.24426		3700.06932		-3826.55785
128		-27.19428		3782.68139		-3837.06995
129		3.37408		3862.0805		-3855.33234
130		44.77505		3927.17315		-3837.62305
131		80.97601		3986.38666		-3824.43463
132		109.85855		4040.51964		-3820.80253
133		149.48497		4112.50915		-3813.53922
134		183.81799		4181.80471		-3814.16874
135		229.18175		4269.0525		-3810.68899
136		269.55409		4354.44796		-3815.33977
137		302.82754		4435.6175		-3829.96241
138		328.62849		4512.37392		-3855.11694
139		365.01112		4608.46171		-3878.43948
140		414.37712		4691.9388		-3863.18456
141		458.96233		4769.51144		-3851.58678
142		496.67039		4841.96957		-3848.62879
143		545.58683		4897.98252		-3806.80886
144		589.69883		4946.70812		-3767.31047
145		626.90876		4988.88219		-3735.06467
146		656.85337		5024.17112		-3710.46439
147		697.59775		5075.85417		-3680.65866
148		733.10758		5123.66853		-3657.45337
149		761.2626		5165.08074		-3642.55554
150		781.67573		5199.78376		-3636.43231
151		793.93948		5227.45705		-3639.5781
152		797.62495		5247.76611		-3652.51622
153		792.28064		5260.36189		-3675.80061
154		795.87881		5288.86396		-3697.10635
155		792.28735		5312.7611		-3728.1864
156		779.28312		5329.48528		-3770.91903
157		774.81821		5345.58932		-3795.9529
158		762.73931		5354.41771		-3828.9391
159		740.80093		5354.91429		-3873.31244
160		726.93164		5336.53782		-3882.67455
161		704.95339		5307.44693		-3897.54015
162		672.59465		5268.1462		-3922.9569
163		629.30908		5218.15989		-3959.54174
164		574.52157		5156.99409		-4007.95095
165		507.62676		5084.13645		-4068.88292
166		446.43492		5041.34465		-4148.4748
167		374.64346		4991.85781		-4242.57088
168		326.74474		4963.30398		-4309.8145
169		270.79078		4927.78713		-4386.20556
170		239.56312		4927.52219		-4448.39596
171		219.60513		4951.93523		-4512.72498
172		209.66521		4976.79158		-4557.46115
173		228.71813		5011.95685		-4554.5206
174		243.23958		5042.2003		-4555.72114
175		249.30157		5065.68212		-4567.07897
176		246.45887		5082.13002		-4589.21227
177		252.69031		5117.19998		-4611.81937
178		251.87071		5148.70904		-4644.96762
179		260.23173		5200.57308		-4680.10963
180		261.6538		5250.79725		-4727.48966
181		290.82195		5323.0584		-4741.41451
182		315.99102		5393.62848		-4761.64645
183		351.70852		5496.74137		-4793.32433
184		381.92689		5600.22818		-4836.3744
185		404.51196		5700.41051		-4891.38658
186		437.50947		5785.88213		-4910.86319
187		464.86468		5866.16858		-4936.43921
188		502.88339		5946.86953		-4941.10274
189		535.5241		6023.54536		-4952.49717
190		560.65898		6095.54012		-4974.22216
191		596.3405		6167.50755		-4974.82654
192		626.521		6235.34647		-4982.30447
193		667.5137		6333.03487		-4998.00748
194		703.2849		6430.60315		-5024.03334
195		731.71506		6524.59868		-5061.16856
196		789.31277		6635.06184		-5056.43629
197		844.4077		6744.38522		-5055.56982
198		893.17862		6850.49254		-5064.13531
199		935.29268		6953.23391		-5082.64855
200		970.39952		7052.45261		-5111.65356
201		998.13035		7147.98478		-5151.72407
202		1018.09696		7239.65902		-5203.4651
203		1029.89069		7327.29597		-5267.51459
204		1033.0814		7410.70789		-5344.54508
205		1045.66379		7477.24654		-5385.91896
206		1069.9769		7543.8958		-5403.94199
207		1106.63815		7593.5301		-5380.25381
208		1137.84993		7635.82409		-5360.12422
209		1161.4807		7671.69625		-5348.73485
210		1177.13145		7700.86722		-5346.60433
211		1202.82967		7730.35122		-5324.69189
212		1240.94891		7787.79867		-5305.90084
213		1273.69544		7844.16301		-5296.77213
214		1317.38921		7924.9456		-5290.16717
215		1356.00366		8004.73117		-5292.72384
216		1387.42671		8080.64056		-5305.78714
217		1429.72735		8180.36111		-5320.90642
218		1485.32282		8265.97525		-5295.3296
219		1536.46538		8346.02106		-5273.0903
220		1581.07591		8421.60374		-5259.45192
221		1618.81062		8492.53934		-5254.9181
222		1649.30762		8558.63836		-5260.02313
223		1672.18598		8619.70574		-5275.33378
224		1705.49221		8661.54659		-5250.56218
225		1733.1724		8695.71476		-5229.36996
226		1753.0857		8723.27915		-5217.10775
227		1764.82333		8743.97796		-5214.33131
228		1767.95498		8757.54398		-5221.63403
229		1762.02771		8763.70504		-5239.64962
230		1783.45971		8772.46906		-5205.54964
231		1800.48546		8774.22361		-5173.25268
232		1809.18357		8767.6241		-5149.25696
233		1809.11572		8752.32049		-5134.08905
234		1799.82056		8727.9547		-5128.31358
235		1780.81244		8694.16121		-5132.53634
236		1770.02763		8673.61534		-5133.56008
237		1751.2962		8646.01804		-5143.42564
238		1740.80266		8639.0993		-5157.49399
239		1722.37782		8626.13085		-5181.3752
240		1693.75952		8603.78444		-5216.2654
241		1654.41124		8571.62198		-5262.79949
242		1640.66324		8581.18767		-5299.86118
243		1639.1049		8573.98811		-5295.77832
244		1666.98052		8598.08103		-5264.11999
245		1690.78904		8618.57106		-5236.99298
246		1706.62683		8631.08293		-5217.82927
247		1714.07519		8635.21586		-5207.06549
248		1712.68391		8630.54057		-5205.17275
249		1720.35991		8637.89979		-5197.17997
250		1720.35991		8637.89979		-5197.17997
