step	mediator-random_runtime_mean	mediator-random_runtime_std_up	mediator-random_runtime_std_down
1		0.00021		0.00026		0.00017
2		0.53575		0.79905		0.27246
3		1.07969		1.34114		0.81824
4		1.60579		1.87309		1.33849
5		1.90171		2.13585		1.66756
6		1.91176		2.14598		1.67755
7		1.92159		2.15532		1.68786
8		1.93151		2.16527		1.69775
9		1.94178		2.17501		1.70855
10		1.95283		2.1854		1.72026
11		1.96344		2.19578		1.73109
12		1.97371		2.20587		1.74156
13		1.9834		2.21552		1.75127
14		1.99313		2.22539		1.76086
15		2.00297		2.23501		1.77093
16		2.01315		2.24551		1.78078
17		2.02356		2.25625		1.79086
18		2.03352		2.26653		1.80051
19		2.04335		2.27664		1.81006
20		2.05298		2.2862		1.81975
21		2.06262		2.29605		1.82918
22		2.07366		2.30764		1.83968
23		2.08427		2.31797		1.85057
24		2.0956		2.32952		1.86169
25		2.10609		2.34026		1.87192
26		2.11587		2.35005		1.88169
27		2.12552		2.35988		1.89115
28		2.13578		2.37013		1.90142
29		2.14686		2.38061		1.9131
30		2.15773		2.39105		1.92441
31		2.16879		2.40174		1.93584
32		2.17866		2.41166		1.94566
33		2.18841		2.42111		1.95572
34		2.19866		2.43111		1.96622
35		2.20928		2.44166		1.97689
36		2.21961		2.45124		1.98798
37		2.2301		2.46173		1.99846
38		2.27456		2.53798		2.01114
39		2.32746		2.64737		2.00755
40		2.38092		2.76902		1.99282
41		2.43241		2.89036		1.97446
42		2.48485		3.01773		1.95196
43		2.53869		3.15187		1.9255
44		2.59272		3.28867		1.89677
45		2.6452		3.42116		1.86924
46		2.69657		3.55206		1.84108
47		2.82373		3.7116		1.93585
48		2.95521		3.87964		2.03079
49		3.08723		4.0568		2.11765
50		3.21901		4.24209		2.19593
51		3.34662		4.42989		2.26335
52		3.47333		4.62083		2.32584
53		3.60116		4.81756		2.38476
54		3.73042		5.0184		2.44245
55		3.85667		5.22001		2.49333
56		3.98472		5.42652		2.54292
57		4.14059		5.7103		2.57088
58		4.29397		5.89691		2.69103
59		4.46492		6.13165		2.79819
60		4.66695		6.36885		2.96505
61		4.90917		6.607		3.21134
62		5.15326		6.85216		3.45436
63		5.43227		7.10048		3.76406
64		5.71368		7.36822		4.05914
65		5.99777		7.65325		4.34229
66		6.28051		7.94682		4.61421
67		6.57668		8.28868		4.86468
68		6.76905		8.44236		5.09575
69		6.97507		8.61159		5.33854
70		7.2137		8.77662		5.65079
71		7.46502		8.95723		5.97281
72		7.7146		9.17504		6.25416
73		7.95876		9.40439		6.51313
74		8.20384		9.65966		6.74803
75		8.44981		9.93959		6.96003
76		8.69476		10.23456		7.15495
77		8.93768		10.55248		7.32288
78		9.16106		10.85114		7.47099
79		9.35778		11.09278		7.62278
80		9.52189		11.26244		7.78135
81		9.67854		11.43496		7.92213
82		9.83559		11.62612		8.04506
83		9.99222		11.83197		8.15247
84		10.1498		12.05595		8.24365
85		10.30889		12.29817		8.31962
86		10.4834		12.57619		8.39062
87		10.57153		12.74605		8.39701
88		10.70268		12.9491		8.45626
89		10.75262		13.04072		8.46452
90		10.84322		13.17146		8.51498
91		10.92739		13.29774		8.55705
92		11.01052		13.43107		8.58998
93		11.09221		13.56989		8.61453
94		11.17769		13.72175		8.63363
95		11.26112		13.87522		8.64701
96		11.34327		14.03318		8.65337
97		11.42481		14.19559		8.65402
98		11.50572		14.36222		8.64922
99		11.58736		14.53393		8.6408
100		11.66882		14.70854		8.6291
101		11.75149		14.88841		8.61457
102		11.83426		15.07332		8.59519
103		11.91613		15.25985		8.57241
104		12.01062		15.47998		8.54126
105		12.02076		15.48978		8.55174
106		12.1028		15.68187		8.52372
107		12.18277		15.86983		8.49571
108		12.26283		16.06082		8.46484
109		12.3527		16.27938		8.42601
110		12.36345		16.28948		8.43742
111		12.44293		16.4836		8.40225
112		12.52237		16.67853		8.3662
113		12.60133		16.87359		8.32906
114		12.6791		17.06637		8.29183
115		12.75698		17.26137		8.25259
116		12.83601		17.45977		8.21225
117		12.9144		17.65736		8.17144
118		12.99239		17.85503		8.12976
119		13.07377		18.05832		8.08922
120		13.15133		18.25658		8.04608
121		13.22958		18.45684		8.00232
122		13.30953		18.66222		7.95685
123		13.39873		18.89605		7.90142
124		13.40867		18.90596		7.91139
125		13.48681		19.10901		7.86461
126		13.56471		19.31199		7.81744
127		13.64187		19.51296		7.77078
128		13.71966		19.71517		7.72416
129		13.79927		19.92359		7.67494
130		13.87516		20.12197		7.62834
131		13.95313		20.32573		7.58052
132		14.03003		20.52756		7.53251
133		14.10971		20.73568		7.48373
134		14.18574		20.9345		7.43699
135		14.26294		21.13836		7.38753
136		14.34049		21.34298		7.33801
137		14.41885		21.55022		7.28747
138		14.4941		21.74922		7.23899
139		14.57012		21.95115		7.1891
140		14.64332		22.14421		7.14243
141		14.65407		22.1557		7.15244
142		14.67013		22.18259		7.15766
143		14.6808		22.19361		7.16799
144		14.69087		22.20352		7.17822
145		14.70094		22.21367		7.1882
146		14.71082		22.22374		7.19791
147		14.72135		22.23426		7.20844
148		14.73174		22.24391		7.21957
149		14.74196		22.25387		7.23005
150		14.75203		22.26361		7.24044
151		14.76183		22.27329		7.25037
152		14.77161		22.28329		7.25994
153		14.78201		22.29384		7.27018
154		14.79261		22.30414		7.28108
155		14.80315		22.31439		7.2919
156		14.81381		22.32489		7.30273
157		14.82366		22.33471		7.31262
158		14.83402		22.34485		7.32319
159		14.84466		22.35542		7.3339
160		14.85501		22.36573		7.34429
161		14.86531		22.37573		7.35489
162		14.87649		22.38719		7.3658
163		14.88735		22.39802		7.37668
164		14.89986		22.40897		7.39075
165		14.91033		22.41992		7.40074
166		14.923		22.43115		7.41485
167		14.93392		22.44129		7.42654
168		14.94829		22.45353		7.44305
169		14.95923		22.46389		7.45457
170		14.97212		22.47453		7.46971
171		14.98265		22.48564		7.47966
172		14.99507		22.4967		7.49343
173		15.00506		22.50659		7.50354
174		15.01824		22.51703		7.51946
175		15.02892		22.52737		7.53048
176		15.04186		22.53722		7.5465
177		15.05423		22.54843		7.56003
178		15.06681		22.55902		7.57461
179		15.07986		22.5702		7.58952
180		15.09214		22.58066		7.60362
181		15.10451		22.59169		7.61733
182		15.11727		22.60206		7.63249
183		15.13122		22.61378		7.64866
184		15.14367		22.62446		7.66287
185		15.1579		22.63694		7.67886
186		15.17014		22.64692		7.69337
187		15.18538		22.65943		7.71133
188		15.19768		22.66947		7.72588
189		15.21241		22.68201		7.74281
190		15.2259		22.69345		7.75835
191		15.24166		22.70656		7.77675
192		15.25457		22.71824		7.7909
193		15.26952		22.73116		7.80788
194		15.28282		22.7424		7.82325
195		15.30264		22.75951		7.84578
196		15.31542		22.77034		7.8605
197		15.33253		22.7854		7.87966
198		15.34507		22.79644		7.89369
199		15.36215		22.81111		7.91318
200		15.37451		22.82117		7.92786
201		15.39174		22.83554		7.94793
202		15.40438		22.84583		7.96292
203		15.42152		22.86063		7.98241
204		15.43435		22.87182		7.99688
205		15.45135		22.8867		8.01601
206		15.46368		22.8969		8.03045
207		15.47994		22.91096		8.04891
208		15.49273		22.92111		8.06436
209		15.50985		22.93547		8.08424
210		15.5221		22.94555		8.09865
211		15.53917		22.96092		8.11742
212		15.55146		22.97165		8.13126
213		15.56787		22.98578		8.14997
214		15.58107		22.99764		8.1645
215		15.59724		23.01187		8.18262
216		15.60909		23.0217		8.19648
217		15.62616		23.03725		8.21507
218		15.63833		23.04749		8.22916
219		15.65473		23.06189		8.24757
220		15.66724		23.0722		8.26228
221		15.68401		23.08658		8.28144
222		15.69721		23.09766		8.29677
223		15.71411		23.11205		8.31617
224		15.72576		23.1222		8.32932
225		15.74203		23.13648		8.34758
226		15.75429		23.14645		8.36212
227		15.7732		23.16292		8.38348
228		15.78647		23.17442		8.39852
229		15.80328		23.18944		8.41712
230		15.81604		23.20016		8.43192
231		15.83315		23.21516		8.45114
232		15.84553		23.22584		8.46522
233		15.86139		23.24007		8.48271
234		15.8737		23.25083		8.49657
235		15.89126		23.26625		8.51627
236		15.90373		23.27783		8.52963
237		15.92092		23.29316		8.54868
238		15.9329		23.30328		8.56252
239		15.94924		23.31708		8.58139
240		15.96087		23.32702		8.59472
241		15.97704		23.34132		8.61276
242		15.9891		23.35203		8.62616
243		16.00651		23.36778		8.64524
244		16.0189		23.37859		8.65922
245		16.03592		23.39429		8.67755
246		16.04838		23.40615		8.69061
247		16.06712		23.42685		8.7074
248		16.0801		23.43942		8.72078
249		16.09862		23.46021		8.73704
250		16.11118		23.47174		8.75062
