step	mediator-random_cum_inst_loss_mean	mediator-random_cum_inst_loss_std_up	mediator-random_cum_inst_loss_std_down
1		77.5636		134.52924		20.59795
2		97.71427		211.91699		-16.48844
3		125.74369		297.74925		-46.26187
4		165.47562		400.98495		-70.03372
5		214.11688		514.17452		-85.94077
6		275.54547		645.82858		-94.73763
7		347.02534		789.06094		-95.01026
8		415.44912		921.15499		-90.25675
9		480.65597		1044.57724		-83.26529
10		542.47658		1149.78616		-64.833
11		583.68727		1248.19227		-80.81773
12		623.65785		1358.6138		-111.29809
13		655.50488		1444.2613		-133.25154
14		668.57351		1489.13135		-151.98432
15		692.55725		1552.46797		-167.35348
16		707.57601		1599.07392		-183.9219
17		719.97614		1626.31142		-186.35913
18		739.8471		1665.13081		-185.43662
19		770.99116		1717.31866		-175.33634
20		793.54712		1780.77703		-193.6828
21		796.83568		1825.11139		-231.44004
22		810.5246		1886.2717		-265.2225
23		814.70671		1932.73706		-303.32363
24		815.69985		1968.75008		-337.35038
25		823.56344		2012.26471		-365.13783
26		825.02272		2031.26768		-381.22225
27		819.74062		2034.07633		-394.59509
28		824.40779		2047.93589		-399.12031
29		836.13878		2070.43473		-398.15716
30		858.71447		2104.92279		-387.49386
31		889.29653		2149.51466		-370.92161
32		914.66999		2184.36897		-355.029
33		934.56071		2237.41301		-368.29158
34		965.72559		2298.30703		-366.85584
35		1005.34891		2376.1301		-365.43228
36		1040.23948		2462.72779		-382.24883
37		1070.14822		2523.83098		-383.53455
38		1111.85837		2601.04962		-377.33288
39		1145.53652		2665.2708		-374.19776
40		1194.62357		2750.5465		-361.29936
41		1249.70324		2840.80676		-341.40028
42		1270.18184		2891.33456		-350.97088
43		1305.37462		2958.17777		-347.42853
44		1328.7833		3010.4913		-352.92471
45		1353.424		3082.72469		-375.87668
46		1365.72523		3159.04135		-427.5909
47		1378.67388		3257.90078		-500.55301
48		1395.71314		3362.05715		-570.63087
49		1410.2401		3443.66745		-623.18724
50		1432.34983		3538.88681		-674.18715
51		1465.8505		3647.47035		-715.76935
52		1473.84163		3726.39173		-778.70847
53		1499.29881		3827.4176		-828.81998
54		1526.09583		3934.66916		-882.47749
55		1554.30323		4038.13972		-929.53326
56		1570.35886		4125.56472		-984.847
57		1587.25953		4208.35035		-1033.8313
58		1608.45879		4301.7626		-1084.84501
59		1627.36472		4395.89103		-1141.1616
60		1619.99297		4462.63666		-1222.65073
61		1629.27868		4552.04097		-1293.48361
62		1639.05312		4648.29181		-1370.18558
63		1632.29654		4706.81494		-1442.22186
64		1614.95708		4736.20567		-1506.29151
65		1610.34139		4782.75753		-1562.07476
66		1608.89185		4836.3232		-1618.5395
67		1586.91148		4857.79466		-1683.9717
68		1556.95606		4890.8824		-1776.97028
69		1535.65132		4931.26212		-1859.95949
70		1520.04345		4986.74411		-1946.65721
71		1513.84139		5050.80918		-2023.1264
72		1514.13109		5131.2417		-2102.97952
73		1507.61785		5201.95914		-2186.72344
74		1510.98909		5294.01279		-2272.03462
75		1521.35594		5393.6097		-2350.89783
76		1525.45023		5466.73014		-2415.82969
77		1522.94183		5506.82409		-2460.94043
78		1513.48322		5548.63251		-2521.66606
79		1496.70862		5594.45363		-2601.0364
80		1455.1875		5602.10392		-2691.72892
81		1408.07197		5575.86857		-2759.72464
82		1365.29485		5561.25151		-2830.6618
83		1330.49358		5551.40747		-2890.42031
84		1283.6334		5504.05491		-2936.78812
85		1247.94325		5469.70193		-2973.81543
86		1213.78376		5436.80404		-3009.23652
87		1191.46277		5417.78281		-3034.85726
88		1171.37608		5401.28795		-3058.53578
89		1163.86857		5399.67858		-3071.94145
90		1159.37501		5401.82389		-3083.07388
91		1151.23585		5369.40424		-3066.93254
92		1132.44105		5298.94693		-3034.06483
93		1126.29341		5240.8937		-2988.30689
94		1123.2313		5184.52997		-2938.06738
95		1133.64439		5141.74286		-2874.45409
96		1148.01463		5102.25478		-2806.22553
97		1159.7321		5069.93997		-2750.47576
98		1161.83901		5036.10963		-2712.43161
99		1177.69318		5018.19593		-2662.80957
100		1180.74541		4989.7653		-2628.27448
101		1166.91283		4955.15285		-2621.32718
102		1159.17041		4926.11152		-2607.77071
103		1144.2023		4902.89724		-2614.49263
104		1121.62822		4870.0924		-2626.83596
105		1108.0933		4852.25267		-2636.06607
106		1100.6642		4840.29224		-2638.96384
107		1103.07137		4844.82091		-2638.67817
108		1095.37796		4843.8896		-2653.13369
109		1066.82508		4828.48496		-2694.8348
110		1029.95124		4807.18118		-2747.2787
111		1001.36395		4797.56492		-2794.83703
112		978.09024		4793.42534		-2837.24486
113		946.77342		4786.73634		-2893.18951
114		906.99016		4781.60868		-2967.62836
115		858.29486		4739.69085		-3023.10112
116		817.26393		4712.91136		-3078.3835
117		780.89166		4686.20274		-3124.41942
118		752.83233		4675.74607		-3170.08142
119		713.06892		4659.64071		-3233.50288
120		667.8036		4645.47201		-3309.8648
121		626.97409		4634.03395		-3380.08577
122		594.22292		4638.06675		-3449.6209
123		566.5662		4645.96636		-3512.83397
124		547.68112		4670.58743		-3575.22519
125		517.57483		4683.3265		-3648.17685
126		482.4749		4691.40197		-3726.45218
127		435.30033		4679.00314		-3808.40248
128		399.27925		4684.42451		-3885.86601
129		364.77142		4689.15698		-3959.61414
130		342.08375		4712.65947		-4028.49196
131		321.61109		4736.44952		-4093.22735
132		296.65182		4753.49692		-4160.19328
133		260.15164		4749.11678		-4228.8135
134		201.27585		4720.08343		-4317.53174
135		149.5286		4697.45194		-4398.39473
136		101.876		4684.10045		-4480.34845
137		61.94264		4677.94316		-4554.05788
138		-7.3652		4632.21152		-4646.94192
139		-63.27537		4601.51222		-4728.06297
140		-122.12818		4569.62651		-4813.88288
141		-201.12396		4542.3975		-4944.64543
142		-277.45924		4516.32202		-5071.24049
143		-347.58488		4504.11752		-5199.28729
144		-414.58317		4493.89359		-5323.05993
145		-474.88041		4498.45115		-5448.21197
146		-531.53301		4505.91319		-5568.97921
147		-597.9855		4483.32554		-5679.29655
148		-674.75368		4425.2344		-5774.74177
149		-745.33502		4379.11303		-5869.78306
150		-812.81298		4332.81962		-5958.44557
151		-873.61513		4299.1727		-6046.40297
152		-930.79922		4266.00255		-6127.601
153		-980.76573		4246.23175		-6207.76321
154		-1026.54387		4227.66239		-6280.75013
155		-1081.54957		4201.69546		-6364.7946
156		-1129.22303		4181.35303		-6439.7991
157		-1172.58744		4171.42416		-6516.59904
158		-1208.00692		4167.94428		-6583.95811
159		-1238.47239		4176.04108		-6652.98587
160		-1260.31404		4191.52493		-6712.15302
161		-1276.48707		4219.88668		-6772.86082
162		-1283.28404		4256.70166		-6823.26974
163		-1283.62056		4307.84815		-6875.08926
164		-1273.74752		4368.65792		-6916.15296
165		-1290.62757		4388.03121		-6969.28635
166		-1308.39605		4378.14121		-6994.93331
167		-1323.69062		4377.99197		-7025.37321
168		-1343.19925		4372.18017		-7058.57868
169		-1373.96193		4330.93082		-7078.85469
170		-1392.70734		4302.64367		-7088.05834
171		-1409.03025		4276.42374		-7094.48425
172		-1412.57591		4264.21204		-7089.36385
173		-1412.89908		4255.05742		-7080.85558
174		-1433.69381		4252.19735		-7119.58497
175		-1462.40118		4242.86467		-7167.66702
176		-1499.43764		4199.29531		-7198.1706
177		-1528.19612		4165.76336		-7222.15561
178		-1551.65003		4135.88913		-7239.18919
179		-1566.11107		4116.94776		-7249.16991
180		-1574.51505		4102.42931		-7251.4594
181		-1573.13406		4099.85569		-7246.12382
182		-1564.86221		4102.57523		-7232.29965
183		-1562.97318		4105.86326		-7231.80962
184		-1550.75745		4117.49112		-7219.00603
185		-1531.08061		4140.69862		-7202.85984
186		-1517.18633		4161.69055		-7196.06321
187		-1509.37895		4186.07649		-7204.83439
188		-1490.93339		4220.26016		-7202.12693
189		-1481.74427		4218.04222		-7181.53077
190		-1492.52607		4172.41565		-7157.4678
191		-1493.64806		4139.48638		-7126.7825
192		-1488.01092		4111.44911		-7087.47094
193		-1471.84981		4097.81912		-7041.51873
194		-1448.01994		4090.59345		-6986.63332
195		-1429.75404		4093.67675		-6953.18482
196		-1417.34496		4097.78074		-6932.47066
197		-1428.1464		4058.97673		-6915.26954
198		-1442.92544		4027.00165		-6912.85252
199		-1468.70958		3989.56252		-6926.98167
200		-1482.2144		3965.56664		-6929.99545
201		-1493.02092		3942.11543		-6928.15728
202		-1507.8053		3925.54538		-6941.15598
203		-1516.54964		3911.35959		-6944.45887
204		-1515.5269		3910.56089		-6941.61469
205		-1507.63218		3912.93051		-6928.19488
206		-1489.09463		3929.67979		-6907.86906
207		-1479.80864		3942.81905		-6902.43632
208		-1473.44302		3963.1129		-6909.99893
209		-1476.96954		3978.6691		-6932.60819
210		-1484.09081		4000.59635		-6968.77796
211		-1484.76881		4027.5946		-6997.13222
212		-1475.25499		4069.82061		-7020.3306
213		-1475.46742		4107.09869		-7058.03353
214		-1462.05413		4162.14765		-7086.25592
215		-1444.52597		4221.90883		-7110.96077
216		-1446.53119		4241.00486		-7134.06725
217		-1438.41559		4275.36733		-7152.1985
218		-1423.05387		4315.85212		-7161.95985
219		-1413.70077		4321.93264		-7149.33419
220		-1393.62607		4343.05179		-7130.30393
221		-1382.71936		4360.00605		-7125.44478
222		-1357.59748		4394.2126		-7109.40757
223		-1327.74588		4432.30265		-7087.7944
224		-1299.73429		4478.8651		-7078.33369
225		-1263.43566		4531.75309		-7058.6244
226		-1214.98858		4602.05233		-7032.02949
227		-1174.20483		4669.8203		-7018.22996
228		-1134.68984		4707.50388		-6976.88355
229		-1086.2932		4759.36047		-6931.94688
230		-1059.28798		4796.92906		-6915.50501
231		-1034.25642		4838.49152		-6907.00437
232		-1018.19031		4880.36961		-6916.75023
233		-1038.51027		4878.31112		-6955.33167
234		-1063.3409		4841.56695		-6968.24875
235		-1099.57897		4806.70448		-7005.86243
236		-1141.18898		4761.77127		-7044.14922
237		-1178.31704		4728.19921		-7084.83328
238		-1206.8833		4697.49082		-7111.25743
239		-1246.80056		4662.3021		-7155.90322
240		-1292.39438		4615.07767		-7199.86644
241		-1334.00803		4578.26478		-7246.28084
242		-1366.71947		4543.88078		-7277.31971
243		-1395.09326		4520.03105		-7310.21757
244		-1432.77713		4489.75954		-7355.31381
245		-1477.94868		4463.2626		-7419.15997
246		-1512.67726		4439.96936		-7465.32388
247		-1544.69017		4424.40402		-7513.78437
248		-1563.67117		4413.25903		-7540.60137
249		-1580.77117		4407.2061		-7568.74845
250		-1580.77117		4407.2061		-7568.74845
