step	mediator-random_runtime_mean	mediator-random_runtime_std_up	mediator-random_runtime_std_down
1		0.00018		0.00022		0.00015
2		0.00951		0.01036		0.00865
3		0.01962		0.0224		0.01684
4		0.02885		0.03231		0.0254
5		0.03809		0.04186		0.03432
6		0.04734		0.05122		0.04346
7		0.05702		0.06118		0.05287
8		0.06626		0.07088		0.06164
9		0.07525		0.08019		0.07031
10		0.08492		0.09094		0.0789
11		0.09413		0.10055		0.08772
12		0.10397		0.11147		0.09647
13		0.1131		0.12046		0.10574
14		0.12421		0.13129		0.11712
15		0.13367		0.1406		0.12674
16		0.14246		0.14963		0.13528
17		0.15169		0.1592		0.14418
18		0.16103		0.16883		0.15323
19		0.17024		0.17852		0.16195
20		0.17973		0.18842		0.17104
21		0.18903		0.19713		0.18094
22		0.19836		0.20656		0.19016
23		0.20785		0.21566		0.20005
24		0.21765		0.22507		0.21023
25		0.22669		0.23408		0.21931
26		0.23568		0.24331		0.22805
27		0.24559		0.25426		0.23692
28		0.25578		0.26545		0.2461
29		0.26449		0.27427		0.2547
30		0.27331		0.28306		0.26356
31		0.28219		0.29241		0.27197
32		0.29185		0.30271		0.28099
33		0.30067		0.31163		0.28971
34		0.3094		0.32073		0.29807
35		0.31863		0.33072		0.30655
36		0.32767		0.34011		0.31522
37		0.33658		0.3492		0.32396
38		0.34551		0.35853		0.33249
39		0.35624		0.37053		0.34196
40		0.36635		0.38204		0.35066
41		0.37743		0.39564		0.35922
42		0.38676		0.40583		0.36769
43		0.39614		0.4159		0.37639
44		0.40567		0.42636		0.38498
45		0.41516		0.4359		0.39442
46		0.42366		0.44447		0.40286
47		0.43257		0.45322		0.41192
48		0.44123		0.46191		0.42056
49		0.45007		0.47048		0.42967
50		0.45899		0.47928		0.43869
51		0.4679		0.48812		0.44769
52		0.47674		0.49707		0.4564
53		0.48554		0.50592		0.46516
54		0.49464		0.51465		0.47464
55		0.50402		0.52406		0.48399
56		0.51348		0.53417		0.49279
57		0.52244		0.54319		0.5017
58		0.53125		0.5519		0.51059
59		0.53984		0.56039		0.5193
60		0.54864		0.56902		0.52825
61		0.55769		0.57825		0.53714
62		0.56699		0.58757		0.54642
63		0.5758		0.59645		0.55515
64		0.58453		0.60482		0.56423
65		0.5934		0.61361		0.57318
66		0.6033		0.62476		0.58184
67		0.61427		0.63779		0.59074
68		0.62448		0.6496		0.59936
69		0.63495		0.66193		0.60798
70		0.64463		0.67246		0.6168
71		0.65358		0.68198		0.62519
72		0.66288		0.69178		0.63399
73		0.67231		0.70216		0.64246
74		0.68185		0.71254		0.65116
75		0.69097		0.72252		0.65942
76		0.70018		0.73223		0.66812
77		0.70922		0.74181		0.67662
78		0.71867		0.75203		0.68532
79		0.72859		0.76295		0.69423
80		0.73854		0.77359		0.70349
81		0.74791		0.78336		0.71247
82		0.75666		0.79254		0.72077
83		0.76563		0.80186		0.72941
84		0.77478		0.81153		0.73804
85		0.78394		0.82126		0.74661
86		0.79336		0.83116		0.75555
87		0.80324		0.84065		0.76583
88		0.815		0.85003		0.77998
89		0.8256		0.86035		0.79085
90		0.83519		0.87084		0.79954
91		0.84465		0.88094		0.80836
92		0.8541		0.89125		0.81695
93		0.86437		0.90243		0.82631
94		0.8737		0.91225		0.83516
95		0.88278		0.9217		0.84385
96		0.89232		0.93167		0.85298
97		0.90131		0.94089		0.86173
98		0.91028		0.94998		0.87058
99		0.91958		0.95956		0.8796
100		0.92937		0.97098		0.88777
101		0.93888		0.98132		0.89644
102		0.94904		0.99351		0.90456
103		0.95896		1.0041		0.91383
104		0.96827		1.01401		0.92253
105		0.97763		1.02378		0.93147
106		0.98762		1.03628		0.93897
107		0.99752		1.0477		0.94734
108		1.00731		1.05848		0.95613
109		1.01806		1.07184		0.96429
110		1.02907		1.08474		0.9734
111		1.03881		1.09504		0.98257
112		1.04806		1.10466		0.99146
113		1.05689		1.1135		1.00028
114		1.06583		1.12264		1.00902
115		1.0752		1.13189		1.01852
116		1.08445		1.14113		1.02778
117		1.09345		1.15		1.03691
118		1.10405		1.15929		1.04881
119		1.11319		1.1683		1.05807
120		1.12378		1.1784		1.06916
121		1.13469		1.19014		1.07925
122		1.14552		1.20213		1.08891
123		1.15592		1.21333		1.09851
124		1.1661		1.22466		1.10755
125		1.17578		1.23518		1.11638
126		1.18547		1.24567		1.12527
127		1.19564		1.25714		1.13414
128		1.20539		1.26788		1.14291
129		1.21458		1.27724		1.15191
130		1.22438		1.28819		1.16056
131		1.23347		1.29741		1.16952
132		1.24238		1.30666		1.17809
133		1.25115		1.31574		1.18656
134		1.2603		1.32513		1.19548
135		1.2691		1.33414		1.20406
136		1.27808		1.34336		1.21279
137		1.28707		1.3522		1.22193
138		1.29596		1.3614		1.23051
139		1.3046		1.3703		1.23889
140		1.31344		1.37914		1.24773
141		1.32418		1.39163		1.25672
142		1.33322		1.40096		1.26549
143		1.34307		1.412		1.27414
144		1.35476		1.42786		1.28167
145		1.36362		1.4366		1.29065
146		1.37225		1.44532		1.29919
147		1.38155		1.45451		1.30859
148		1.39031		1.46328		1.31735
149		1.39933		1.47191		1.32676
150		1.40822		1.48082		1.33561
151		1.41805		1.49161		1.34448
152		1.42683		1.5006		1.35306
153		1.43565		1.50934		1.36196
154		1.44497		1.51875		1.37118
155		1.45466		1.52865		1.38067
156		1.4643		1.53811		1.39049
157		1.47392		1.54761		1.40022
158		1.48306		1.55707		1.40905
159		1.49178		1.5661		1.41746
160		1.50137		1.57661		1.42613
161		1.51093		1.58628		1.43559
162		1.51977		1.59503		1.4445
163		1.52859		1.60406		1.45311
164		1.53784		1.61343		1.46224
165		1.54654		1.62214		1.47093
166		1.55584		1.63147		1.48021
167		1.56463		1.64025		1.48901
168		1.57534		1.64949		1.5012
169		1.58546		1.65857		1.51236
170		1.59427		1.66753		1.52101
171		1.60323		1.67648		1.52999
172		1.61229		1.68539		1.53919
173		1.62109		1.69418		1.548
174		1.63008		1.70334		1.55683
175		1.63926		1.71292		1.5656
176		1.64878		1.72257		1.57499
177		1.6576		1.7317		1.5835
178		1.66642		1.74071		1.59214
179		1.67543		1.74969		1.60117
180		1.6843		1.75874		1.60986
181		1.69313		1.7677		1.61855
182		1.70195		1.77667		1.62723
183		1.71088		1.78551		1.63625
184		1.71956		1.79411		1.64501
185		1.72892		1.80334		1.6545
186		1.73815		1.81255		1.66376
187		1.74704		1.82134		1.67274
188		1.75617		1.83016		1.68218
189		1.76515		1.83921		1.69108
190		1.77395		1.84821		1.69969
191		1.78298		1.85712		1.70883
192		1.79197		1.86609		1.71784
193		1.80096		1.87506		1.72685
194		1.81122		1.8849		1.73753
195		1.82044		1.89381		1.74708
196		1.82997		1.90323		1.75671
197		1.83954		1.91307		1.76601
198		1.84872		1.92255		1.77488
199		1.85771		1.93166		1.78376
200		1.86703		1.94181		1.79224
201		1.87646		1.95208		1.80084
202		1.88536		1.96148		1.80923
203		1.89429		1.97033		1.81825
204		1.90348		1.97999		1.82697
205		1.91242		1.98922		1.83561
206		1.92148		1.99799		1.84498
207		1.93118		2.00805		1.85431
208		1.94102		2.01881		1.86323
209		1.94985		2.0278		1.8719
210		1.95872		2.03661		1.88082
211		1.96775		2.04573		1.88976
212		1.97668		2.05508		1.89828
213		1.98543		2.06399		1.90686
214		1.99428		2.07303		1.91554
215		2.00348		2.08152		1.92545
216		2.01245		2.09062		1.93428
217		2.02166		2.10004		1.94329
218		2.03141		2.11005		1.95277
219		2.04112		2.12056		1.96167
220		2.05166		2.13216		1.97115
221		2.06194		2.14377		1.98011
222		2.07188		2.15409		1.98967
223		2.08091		2.16371		1.99812
224		2.09009		2.17293		2.00724
225		2.09922		2.18227		2.01617
226		2.10803		2.19099		2.02506
227		2.11693		2.20009		2.03377
228		2.12562		2.20885		2.0424
229		2.13476		2.21842		2.05109
230		2.144		2.22803		2.05998
231		2.15302		2.23751		2.06853
232		2.16198		2.24647		2.0775
233		2.17129		2.25606		2.08653
234		2.17998		2.26512		2.09485
235		2.18898		2.27433		2.10363
236		2.19803		2.28361		2.11246
237		2.20713		2.29299		2.12128
238		2.21596		2.30193		2.12998
239		2.22489		2.31092		2.13886
240		2.23375		2.31971		2.14779
241		2.24262		2.32859		2.15666
242		2.25153		2.33786		2.1652
243		2.2617		2.34818		2.17522
244		2.27055		2.35694		2.18416
245		2.27952		2.36588		2.19316
246		2.28838		2.37503		2.20174
247		2.29739		2.38419		2.21059
248		2.30667		2.39327		2.22008
249		2.3154		2.40203		2.22877
250		2.32438		2.41101		2.23776
