step	mediator-random_cum_inst_loss_mean	mediator-random_cum_inst_loss_std_up	mediator-random_cum_inst_loss_std_down
1		-3.17176		56.05475		-62.39827
2		-70.96022		47.5851		-189.50553
3		-138.90739		38.97601		-316.7908
4		-196.79438		46.77034		-440.35909
5		-254.31895		55.36531		-564.00321
6		-301.23477		81.05763		-683.52717
7		-347.21075		108.56497		-802.98647
8		-381.97016		154.09194		-918.03226
9		-415.14992		202.51828		-1032.81812
10		-453.48507		220.92716		-1127.8973
11		-487.01968		250.71363		-1224.75299
12		-529.13745		273.81868		-1332.09358
13		-563.24468		312.13365		-1438.623
14		-592.32883		357.11678		-1541.77445
15		-612.71647		418.00681		-1643.43974
16		-627.35895		486.8124		-1741.5303
17		-632.54482		572.43101		-1837.52065
18		-631.18544		667.33633		-1929.70721
19		-636.5727		731.07195		-2004.21736
20		-649.06169		764.11338		-2062.23676
21		-669.02617		803.42652		-2141.47885
22		-679.81414		853.38004		-2213.00831
23		-684.35171		918.4201		-2287.12353
24		-678.90084		995.36574		-2353.16741
25		-666.34489		1088.69008		-2421.37986
26		-659.94628		1170.588		-2490.48057
27		-660.02909		1248.89742		-2568.95561
28		-649.88899		1338.92505		-2638.70302
29		-649.44246		1397.84209		-2696.72702
30		-635.33608		1476.67138		-2747.34353
31		-617.07816		1562.09149		-2796.24781
32		-601.26838		1662.01414		-2864.55091
33		-577.80834		1770.82913		-2926.4458
34		-559.93173		1852.76921		-2972.63268
35		-547.93243		1905.34642		-3001.21129
36		-525.07432		1975.97187		-3026.12051
37		-494.19497		2055.0723		-3043.46224
38		-468.50857		2107.33642		-3044.35356
39		-431.24298		2177.44632		-3039.93228
40		-385.19787		2258.01818		-3028.41391
41		-326.50205		2358.31727		-3011.32137
42		-274.94425		2444.75335		-2994.64185
43		-224.08198		2530.455		-2978.61896
44		-163.72456		2627.33913		-2954.78824
45		-89.96316		2745.52017		-2925.4465
46		-5.5014		2876.61015		-2887.61296
47		76.58753		3012.20883		-2859.03378
48		173.2242		3163.86771		-2817.4193
49		247.67429		3286.00367		-2790.65509
50		308.99735		3388.43794		-2770.44324
51		346.27521		3461.19066		-2768.64024
52		368.46961		3526.25679		-2789.31757
53		381.60486		3579.13699		-2815.92727
54		392.02235		3608.60406		-2824.55936
55		392.76086		3641.81145		-2856.28973
56		407.1746		3685.54188		-2871.19268
57		425.75605		3740.15429		-2888.64219
58		441.90638		3784.1113		-2900.29854
59		465.72491		3843.97737		-2912.52756
60		466.93341		3898.06119		-2964.19438
61		481.84187		3971.02593		-3007.34219
62		500.94409		4049.78722		-3047.89905
63		517.64259		4105.2632		-3069.97802
64		524.99269		4130.61895		-3080.63357
65		512.27509		4107.65086		-3083.10068
66		492.06996		4090.22715		-3106.08723
67		463.98322		4055.53581		-3127.56937
68		427.60005		4014.55052		-3159.35042
69		399.52925		3976.05989		-3177.00138
70		376.79922		3948.70316		-3195.10471
71		346.0547		3916.49656		-3224.38717
72		323.91931		3897.56439		-3249.72577
73		290.39163		3887.99809		-3307.21484
74		268.73569		3891.13436		-3353.66297
75		249.34907		3898.74381		-3400.04568
76		225.533		3874.97848		-3423.91248
77		207.28164		3863.0424		-3448.47913
78		198.29695		3854.64705		-3458.05316
79		195.65756		3858.88573		-3467.57061
80		169.01563		3866.66627		-3528.63502
81		154.60785		3888.17205		-3578.95635
82		142.85085		3915.0012		-3629.29949
83		144.11144		3956.5268		-3668.30393
84		148.84745		4004.52931		-3706.8344
85		167.4691		4068.31091		-3733.3727
86		190.47993		4139.84784		-3758.88799
87		211.29275		4183.25739		-3760.67188
88		205.92827		4176.49081		-3764.63427
89		217.3269		4186.75208		-3752.09829
90		229.32545		4197.92884		-3739.27794
91		259.00096		4227.15554		-3709.15361
92		290.23835		4258.38185		-3677.90516
93		289.02889		4266.22508		-3688.1673
94		297.98305		4284.67207		-3688.70596
95		297.18122		4292.13366		-3697.77123
96		309.97354		4314.26367		-3694.3166
97		326.84823		4343.81251		-3690.11605
98		358.24743		4389.29015		-3672.79528
99		377.66286		4419.81919		-3664.49348
100		381.05469		4451.32776		-3689.21837
101		374.39777		4464.70101		-3715.90547
102		363.9814		4473.56788		-3745.60509
103		359.83498		4487.66394		-3767.99399
104		365.69759		4517.05547		-3785.66028
105		361.6415		4558.16905		-3834.88606
106		353.96283		4614.54968		-3906.62402
107		335.65275		4657.85398		-3986.54848
108		330.01534		4722.8389		-4062.80821
109		327.49032		4793.91549		-4138.93484
110		321.42332		4859.34407		-4216.49743
111		304.80972		4906.35489		-4296.73544
112		283.91264		4944.38021		-4376.55494
113		268.73389		4990.99123		-4453.52345
114		245.93807		5056.03529		-4564.15914
115		232.16975		5130.13857		-4665.79906
116		224.49497		5220.56363		-4771.5737
117		226.64351		5321.54573		-4868.2587
118		235.72333		5440.19922		-4968.75256
119		238.46284		5540.7751		-5063.84941
120		251.57382		5664.90853		-5161.7609
121		272.19302		5795.52183		-5251.13578
122		304.12472		5951.24512		-5342.99567
123		344.55522		6115.23613		-5426.12569
124		363.25		6234.33196		-5507.83195
125		379.51963		6332.16526		-5573.126
126		386.41828		6405.03425		-5632.19768
127		373.22548		6452.92564		-5706.47469
128		369.56558		6515.26148		-5776.13031
129		355.48579		6556.10168		-5845.13009
130		337.25587		6586.41015		-5911.89842
131		324.88466		6623.90998		-5974.14067
132		322.0896		6675.08346		-6030.90426
133		308.92016		6704.57198		-6086.73165
134		291.64851		6711.41566		-6128.11865
135		280.286		6726.78094		-6166.20894
136		278.55274		6752.29636		-6195.19089
137		283.54643		6787.44413		-6220.35126
138		281.98477		6804.79331		-6240.82377
139		273.52274		6794.84307		-6247.79759
140		257.79715		6796.52084		-6280.92654
141		251.47117		6804.52253		-6301.58019
142		251.63043		6825.77212		-6322.51125
143		262.02535		6854.4443		-6330.39361
144		279.78554		6897.79237		-6338.22129
145		291.6623		6950.7549		-6367.43029
146		280.30052		6958.83183		-6398.23079
147		281.97711		6985.18471		-6421.23048
148		287.15104		7013.48724		-6439.18517
149		306.23364		7061.19364		-6448.72636
150		312.68422		7112.39025		-6487.0218
151		319.47431		7139.79907		-6500.85044
152		330.03087		7178.12167		-6518.05994
153		337.73394		7209.17708		-6533.7092
154		335.61516		7236.54201		-6565.31169
155		312.93032		7255.6464		-6629.78575
156		282.23336		7243.98408		-6679.51735
157		260.14805		7245.25991		-6724.96382
158		243.71853		7250.3204		-6762.88334
159		236.65157		7269.24517		-6795.94203
160		236.03085		7292.88448		-6820.82277
161		228.55928		7307.2951		-6850.17653
162		230.92174		7331.27898		-6869.4355
163		223.18127		7367.2455		-6920.88296
164		228.66977		7413.58307		-6956.24353
165		220.81077		7426.44616		-6984.82462
166		229.5836		7457.39202		-6998.22482
167		238.81815		7490.36217		-7012.72586
168		248.53873		7496.77356		-6999.69609
169		262.18002		7512.99647		-6988.63643
170		290.17563		7538.31471		-6957.96345
171		323.05378		7574.53792		-6928.43036
172		337.20782		7601.68059		-6927.26495
173		362.33408		7643.5479		-6918.87974
174		395.60095		7691.87704		-6900.67513
175		423.80053		7753.4866		-6905.88553
176		463.71158		7822.96546		-6895.54231
177		512.54138		7908.8458		-6883.76304
178		557.123		8005.81296		-6891.56697
179		597.23283		8073.66774		-6879.20207
180		649.68098		8159.35513		-6859.99316
181		694.66229		8236.29301		-6846.96844
182		738.60194		8288.4049		-6811.20102
183		791.67239		8352.4055		-6769.06072
184		823.67238		8403.16168		-6755.81692
185		836.90204		8402.47387		-6728.66979
186		861.05527		8418.71861		-6696.60808
187		893.2979		8436.36076		-6649.76496
188		937.46478		8471.90259		-6596.97302
189		956.68352		8508.0675		-6594.70047
190		959.86831		8538.99674		-6619.26013
191		952.99344		8573.22302		-6667.23614
192		942.34765		8624.58988		-6739.89457
193		937.95974		8682.89755		-6806.97806
194		909.47725		8694.52373		-6875.56924
195		893.13204		8723.43617		-6937.1721
196		879.33564		8754.84594		-6996.17466
197		878.44948		8804.67429		-7047.77534
198		880.92577		8858.12343		-7096.27189
199		863.07786		8915.24204		-7189.08633
200		854.51786		8979.27482		-7270.2391
201		852.32551		9060.06392		-7355.41289
202		860.24507		9149.06861		-7428.57847
203		875.39961		9256.12887		-7505.32965
204		884.53356		9355.8922		-7586.82508
205		904.37549		9477.70924		-7668.95826
206		932.07994		9606.70304		-7742.54317
207		954.42437		9711.28717		-7802.43844
208		954.08101		9783.89991		-7875.73789
209		967.35581		9876.79203		-7942.08042
210		984.73842		9975.2392		-8005.76237
211		1016.67203		10095.30764		-8061.96358
212		1053.69552		10222.3908		-8114.99975
213		1106.30358		10372.58353		-8159.97636
214		1148.0436		10527.98664		-8231.89945
215		1191.98045		10660.56963		-8276.60873
216		1224.59249		10761.73817		-8312.55319
217		1258.92095		10868.68526		-8350.84335
218		1298.46566		10984.63989		-8387.70856
219		1319.64027		11103.02491		-8463.74437
220		1352.15867		11234.46588		-8530.14854
221		1376.164		11335.15366		-8582.82566
222		1380.97108		11391.823		-8629.88083
223		1345.14089		11396.43998		-8706.15819
224		1290.36913		11353.68707		-8772.9488
225		1239.5274		11321.75534		-8842.70054
226		1196.24778		11292.30725		-8899.8117
227		1157.49906		11274.43125		-8959.43313
228		1126.95676		11259.76772		-9005.85419
229		1084.60412		11240.03896		-9070.83073
230		1053.70159		11226.79181		-9119.38864
231		1024.5676		11222.403		-9173.26779
232		1007.61078		11225.32181		-9210.10025
233		993.14618		11237.92885		-9251.63649
234		991.68505		11258.76992		-9275.39982
235		993.51387		11290.20152		-9303.17379
236		1009.29759		11330.91232		-9312.31714
237		1029.248		11383.18306		-9324.68706
238		1029.21664		11424.18681		-9365.75353
239		1006.20612		11417.62048		-9405.20824
240		978.40886		11377.7029		-9420.88517
241		955.52844		11345.4392		-9434.38231
242		942.5362		11318.99338		-9433.92099
243		934.91944		11300.45256		-9430.61367
244		919.08509		11289.2112		-9451.04103
245		910.67382		11285.74927		-9464.40163
246		910.36681		11290.87435		-9470.14074
247		905.50015		11271.26079		-9460.26049
248		890.56615		11249.04542		-9467.91313
249		879.16615		11227.3974		-9469.0651
250		879.16615		11227.3974		-9469.0651
