step	mediator-random_runtime_mean	mediator-random_runtime_std_up	mediator-random_runtime_std_down
1		0.0004		0.00089		-9e-05
2		0.55017		0.82072		0.27961
3		1.12347		1.37477		0.87216
4		1.59091		1.93373		1.24808
5		1.81382		2.2637		1.36394
6		1.8239		2.27435		1.37345
7		1.89202		2.22986		1.55418
8		1.94938		2.19839		1.70036
9		1.95935		2.20913		1.70956
10		1.97011		2.21923		1.72099
11		1.98168		2.23235		1.731
12		1.99245		2.24406		1.74084
13		2.00442		2.2573		1.75155
14		2.01579		2.26915		1.76244
15		2.02795		2.28303		1.77288
16		2.09237		2.25907		1.92568
17		2.20732		2.45836		1.95629
18		2.21888		2.4695		1.96827
19		2.28709		2.6278		1.94639
20		2.29827		2.63904		1.95749
21		2.31052		2.6531		1.96794
22		2.41703		2.78136		2.05269
23		2.52656		2.94926		2.10385
24		2.63746		3.14369		2.13123
25		2.74934		3.35207		2.14661
26		2.85538		3.55568		2.15508
27		3.01188		3.82815		2.19561
28		3.23944		4.20673		2.27216
29		3.4326		4.38621		2.47899
30		3.58216		4.49224		2.67209
31		3.75907		4.70796		2.81017
32		4.09329		5.21918		2.9674
33		4.24394		5.4224		3.06548
34		4.4066		5.69448		3.11872
35		4.60932		6.03542		3.18321
36		4.71909		6.18155		3.25663
37		4.8721		6.42982		3.31437
38		4.88367		6.4389		3.32844
39		4.93893		6.5105		3.36736
40		5.08968		6.76286		3.4165
41		5.19223		6.94292		3.44155
42		5.2459		7.01521		3.47659
43		5.25616		7.02514		3.48718
44		5.35358		7.07695		3.63021
45		5.4226		7.17544		3.66975
46		5.52513		7.26253		3.78772
47		5.67705		7.41546		3.93864
48		5.87343		7.54967		4.19719
49		6.06847		7.61339		4.52354
50		6.26178		7.8748		4.64876
51		6.49966		8.03227		4.96705
52		6.5563		8.05311		5.05949
53		6.83708		8.25177		5.42239
54		6.97408		8.2361		5.71206
55		7.10883		8.22251		5.99514
56		7.42597		8.46265		6.38928
57		7.47884		8.54106		6.41662
58		7.67072		8.66943		6.67201
59		7.89811		8.73188		7.06435
60		8.02538		8.86192		7.18884
61		8.15015		9.06229		7.23801
62		8.25348		9.26395		7.243
63		8.36149		9.2911		7.43187
64		8.46789		9.38963		7.54616
65		8.56596		9.51318		7.61875
66		8.61941		9.54353		7.6953
67		8.71513		9.69738		7.73287
68		8.76786		9.7033		7.83242
69		8.90836		9.89683		7.91989
70		9.05129		10.09242		8.01016
71		9.16361		10.29146		8.03575
72		9.30365		10.40886		8.19845
73		9.40824		10.47228		8.34419
74		9.51477		10.59119		8.43835
75		9.67804		10.68817		8.66792
76		9.89216		10.96112		8.82321
77		9.97974		11.11144		8.84803
78		10.11389		11.24906		8.97872
79		10.16813		11.36842		8.96784
80		10.36211		11.6256		9.09861
81		10.49959		11.67594		9.32324
82		10.64297		11.83225		9.4537
83		10.79504		12.01179		9.57829
84		10.93916		12.18867		9.68965
85		11.0473		12.23755		9.85704
86		11.14484		12.42036		9.86931
87		11.24365		12.49474		9.99256
88		11.44132		12.77857		10.10407
89		11.52449		12.90446		10.14452
90		11.61667		13.07604		10.15731
91		11.75286		13.19394		10.31179
92		11.88491		13.31572		10.4541
93		11.93718		13.33712		10.53724
94		12.02213		13.47157		10.57269
95		12.15579		13.55597		10.75562
96		12.25405		13.60401		10.90408
97		12.38648		13.72756		11.04541
98		12.54061		13.88254		11.19869
99		12.68724		14.05205		11.32244
100		12.79228		14.14703		11.43753
101		12.89518		14.2509		11.53946
102		12.95084		14.34902		11.55266
103		13.09449		14.40813		11.78084
104		13.27719		14.55965		11.99474
105		13.28856		14.56958		12.00754
106		13.46949		14.78812		12.15085
107		13.52414		14.78184		12.26644
108		13.7066		14.93089		12.48231
109		13.78439		14.93016		12.63862
110		13.98972		15.11137		12.86807
111		14.21152		15.34833		13.07471
112		14.42917		15.56528		13.29306
113		14.59813		15.62956		13.56671
114		14.78246		15.77907		13.78585
115		14.88999		15.84338		13.9366
116		14.98943		15.97041		14.00845
117		15.12107		16.12593		14.11621
118		15.18052		16.15186		14.20918
119		15.35664		16.22512		14.48817
120		15.48841		16.37423		14.60259
121		15.66146		16.60261		14.72031
122		15.73108		16.66404		14.79812
123		15.85826		16.80619		14.91033
124		16.02424		17.04525		15.00322
125		16.15768		17.13607		15.17929
126		16.28921		17.3503		15.22813
127		16.46856		17.60238		15.33474
128		16.60598		17.7255		15.48647
129		16.7432		17.87513		15.61127
130		16.92915		18.12864		15.72965
131		17.02598		18.28306		15.7689
132		17.19953		18.42984		15.96923
133		17.38892		18.54206		16.23577
134		17.52367		18.71487		16.33247
135		17.74484		18.90165		16.58802
136		17.9274		19.08926		16.76555
137		18.1049		19.21401		16.99579
138		18.27845		19.29694		17.25996
139		18.47591		19.45243		17.49939
140		18.61477		19.56497		17.66457
141		18.7565		19.6186		17.8944
142		18.89479		19.71505		18.07453
143		19.06754		19.90766		18.22742
144		19.1986		20.09665		18.30056
145		19.41393		20.30368		18.52419
146		19.55323		20.44113		18.66533
147		19.74275		20.60202		18.88349
148		19.87702		20.65125		19.1028
149		20.06829		20.83625		19.30033
150		20.16976		20.93171		19.4078
151		20.32336		21.12345		19.52327
152		20.53317		21.32384		19.7425
153		20.71425		21.57194		19.85657
154		20.89136		21.81224		19.97049
155		21.02234		21.875		20.16967
156		21.1941		22.07815		20.31004
157		21.29382		22.16556		20.42208
158		21.45948		22.24755		20.67142
159		21.65117		22.43017		20.87216
160		21.84129		22.55556		21.12702
161		21.89217		22.6135		21.17083
162		21.99441		22.6483		21.34052
163		22.12061		22.84661		21.3946
164		22.29952		23.10129		21.49775
165		22.47486		23.28233		21.66739
166		22.52892		23.33258		21.72525
167		22.61879		23.45526		21.78232
168		22.77447		23.66209		21.88685
169		22.90563		23.75114		22.06013
170		23.11056		23.98529		22.23583
171		23.20428		24.10956		22.299
172		23.25255		24.09371		22.41138
173		23.42806		24.23565		22.62046
174		23.64725		24.51777		22.77673
175		23.77881		24.67247		22.88515
176		23.95363		24.84732		23.05995
177		24.06813		24.98141		23.15486
178		24.20038		25.06467		23.33609
179		24.34148		25.15524		23.52771
180		24.46756		25.29431		23.64082
181		24.63152		25.53007		23.73298
182		24.84816		25.77365		23.92267
183		24.99068		25.83443		24.14694
184		25.16373		26.14327		24.18419
185		25.41361		26.45663		24.37059
186		25.65941		26.75654		24.56227
187		25.80087		26.87439		24.72735
188		26.07605		27.20071		24.95139
189		26.21577		27.32887		25.10267
190		26.34655		27.41594		25.27716
191		26.54318		27.53641		25.54996
192		26.60631		27.60902		25.6036
193		26.82475		27.81969		25.82981
194		27.0091		28.02225		25.99595
195		27.16927		28.23024		26.1083
196		27.36375		28.35527		26.37223
197		27.59734		28.57633		26.61835
198		27.81235		28.80972		26.81499
199		28.02362		29.00886		27.03839
200		28.18289		29.26543		27.10035
201		28.31521		29.51		27.12043
202		28.4079		29.58636		27.22945
203		28.6518		29.87806		27.42555
204		28.86117		30.19149		27.53086
205		29.13068		30.52452		27.73683
206		29.31997		30.63408		28.00587
207		29.64573		30.98336		28.30809
208		29.78974		31.0494		28.53008
209		29.99043		31.3222		28.65865
210		30.22159		31.59955		28.84362
211		30.43221		31.94729		28.91714
212		30.72636		32.3044		29.14832
213		30.86783		32.36129		29.37436
214		31.11843		32.71959		29.51727
215		31.1671		32.72849		29.6057
216		31.43992		33.02141		29.85844
217		31.6037		33.30026		29.90714
218		31.77364		33.57552		29.97176
219		31.91017		33.88466		29.93568
220		32.0135		33.9764		30.0506
221		32.16448		34.18687		30.14208
222		32.36554		34.45151		30.27957
223		32.60091		34.7442		30.45762
224		32.84896		35.03559		30.66233
225		33.09205		35.31692		30.86718
226		33.24946		35.5404		30.95853
227		33.45476		35.82339		31.08613
228		33.65725		36.09023		31.22427
229		33.88824		36.36945		31.40703
230		34.03647		36.5918		31.48114
231		34.3044		36.96901		31.6398
232		34.40803		37.02515		31.7909
233		34.63308		37.38129		31.88488
234		34.71787		37.41777		32.01797
235		34.84855		37.65643		32.04068
236		35.01146		37.91916		32.10377
237		35.20276		38.18891		32.2166
238		35.4015		38.45196		32.35103
239		35.63768		38.73432		32.54103
240		35.80321		38.97897		32.62745
241		35.8857		39.03782		32.73358
242		35.91732		39.11018		32.72445
243		36.08416		39.38936		32.77897
244		36.24741		39.64945		32.84537
245		36.3298		39.76292		32.89668
246		36.41816		39.91342		32.92291
247		36.53773		40.13002		32.94545
248		36.62181		40.16791		33.07572
249		36.71298		40.20838		33.21758
250		36.86924		40.34905		33.38943
