step	mediator-random_reward_mean	mediator-random_reward_std_up	mediator-random_reward_std_down
1		-1.0		-1.0		-1.0
2		-2.0		-2.0		-2.0
3		17.4		42.3848		-7.5848
4		36.6		74.44495		-1.24495
5		35.6		73.44495		-2.24495
6		34.6		72.44495		-3.24495
7		43.8		89.19339		-1.59339
8		73.0		124.38482		21.61518
9		92.2		163.47805		20.92195
10		91.2		162.47805		19.92195
11		90.2		161.47805		18.92195
12		89.2		160.47805		17.92195
13		88.2		159.47805		16.92195
14		107.4		189.52819		25.27181
15		106.4		188.52819		24.27181
16		105.4		187.52819		23.27181
17		104.4		186.52819		22.27181
18		103.4		185.52819		21.27181
19		122.6		230.45843		14.74157
20		121.6		229.45843		13.74157
21		150.8		249.84221		51.75779
22		149.8		248.84221		50.75779
23		169.0		298.39088		39.60912
24		168.0		297.39088		38.60912
25		167.0		296.39088		37.60912
26		186.2		350.33092		22.06908
27		215.4		388.52146		42.27854
28		214.4		387.52146		41.27854
29		213.4		386.52146		40.27854
30		222.6		394.59837		50.60163
31		221.6		393.59837		49.60163
32		220.6		392.59837		48.60163
33		219.6		391.59837		47.60163
34		218.6		390.59837		46.60163
35		217.6		389.59837		45.60163
36		216.6		388.59837		44.60163
37		215.6		387.59837		43.60163
38		214.6		386.59837		42.60163
39		213.6		385.59837		41.60163
40		212.6		384.59837		40.60163
41		211.6		383.59837		39.60163
42		210.6		382.59837		38.60163
43		239.8		373.86924		105.73076
44		238.8		372.86924		104.73076
45		237.8		371.86924		103.73076
46		236.8		370.86924		102.73076
47		256.0		425.06685		86.93315
48		255.0		424.06685		85.93315
49		274.2		480.25087		68.14913
50		273.2		479.25087		67.14913
51		272.2		478.25087		66.14913
52		271.2		477.25087		65.14913
53		270.2		476.25087		64.14913
54		269.2		475.25087		63.14913
55		268.2		474.25087		62.14913
56		287.4		490.60787		84.19213
57		316.6		529.95754		103.24246
58		315.6		528.95754		102.24246
59		314.6		527.95754		101.24246
60		313.6		526.95754		100.24246
61		312.6		525.95754		99.24246
62		311.6		524.95754		98.24246
63		310.6		523.95754		97.24246
64		309.6		522.95754		96.24246
65		308.6		521.95754		95.24246
66		307.6		520.95754		94.24246
67		306.6		519.95754		93.24246
68		325.8		572.0173		79.5827
69		324.8		571.0173		78.5827
70		344.0		573.01092		114.98908
71		343.0		572.01092		113.98908
72		362.2		602.43772		121.96228
73		381.4		618.35282		144.44718
74		380.4		617.35282		143.44718
75		379.4		616.35282		142.44718
76		398.6		651.31138		145.88862
77		397.6		650.31138		144.88862
78		396.6		649.31138		143.88862
79		436.0		709.69399		162.30601
80		445.2		709.69832		180.70168
81		444.2		708.69832		179.70168
82		443.2		707.69832		178.70168
83		442.2		706.69832		177.70168
84		441.2		705.69832		176.70168
85		440.2		704.69832		175.70168
86		439.2		703.69832		174.70168
87		438.2		702.69832		173.70168
88		437.2		701.69832		172.70168
89		436.2		700.69832		171.70168
90		475.6		763.44551		187.75449
91		484.8		781.77771		187.82229
92		483.8		780.77771		186.82229
93		482.8		779.77771		185.82229
94		481.8		778.77771		184.82229
95		480.8		777.77771		183.82229
96		479.8		776.77771		182.82229
97		478.8		775.77771		181.82229
98		477.8		774.77771		180.82229
99		487.0		794.19505		179.80495
100		486.0		793.19505		178.80495
101		495.2		793.54839		196.85161
102		494.2		792.54839		195.85161
103		493.2		791.54839		194.85161
104		492.2		790.54839		193.85161
105		491.2		789.54839		192.85161
106		510.6		819.17323		202.02677
107		509.6		818.17323		201.02677
108		538.8		852.40191		225.19809
109		537.8		851.40191		224.19809
110		536.8		850.40191		223.19809
111		566.0		913.63659		218.36341
112		565.0		912.63659		217.36341
113		564.0		911.63659		216.36341
114		563.0		910.63659		215.36341
115		592.2		980.33987		204.06013
116		591.2		979.33987		203.06013
117		590.2		978.33987		202.06013
118		589.2		977.33987		201.06013
119		618.4		1051.70156		185.09844
120		617.4		1050.70156		184.09844
121		616.4		1049.70156		183.09844
122		615.4		1048.70156		182.09844
123		634.8		1046.66279		222.93721
124		654.0		1098.62658		209.37342
125		663.2		1107.8587		218.5413
126		662.2		1106.8587		217.5413
127		671.4		1107.65708		235.14292
128		670.4		1106.65708		234.14292
129		669.4		1105.65708		233.14292
130		688.6		1158.51727		218.68273
131		687.6		1157.51727		217.68273
132		686.6		1156.51727		216.68273
133		685.6		1155.51727		215.68273
134		725.0		1187.9622		262.0378
135		724.0		1186.9622		261.0378
136		723.0		1185.9622		260.0378
137		742.2		1215.62049		268.77951
138		741.2		1214.62049		267.77951
139		740.2		1213.62049		266.77951
140		749.4		1229.30857		269.49143
141		768.6		1222.72976		314.47024
142		767.6		1221.72976		313.47024
143		766.6		1220.72976		312.47024
144		765.6		1219.72976		311.47024
145		784.8		1236.28883		333.31117
146		783.8		1235.28883		332.31117
147		793.0		1251.29641		334.70359
148		792.0		1250.29641		333.70359
149		791.0		1249.29641		332.70359
150		810.2		1243.78201		376.61799
151		819.4		1243.88114		394.91886
152		818.4		1242.88114		393.91886
153		878.2		1287.08013		469.31987
154		877.2		1286.08013		468.31987
155		876.2		1285.08013		467.31987
156		895.4		1305.32614		485.47386
157		894.4		1304.32614		484.47386
158		893.4		1303.32614		483.47386
159		892.4		1302.32614		482.47386
160		891.4		1301.32614		481.47386
161		890.4		1300.32614		480.47386
162		889.4		1299.32614		479.47386
163		888.4		1298.32614		478.47386
164		887.4		1297.32614		477.47386
165		886.4		1296.32614		476.47386
166		885.4		1295.32614		475.47386
167		894.6		1310.28334		478.91666
168		903.8		1306.13638		501.46362
169		902.8		1305.13638		500.46362
170		922.0		1338.3316		505.6684
171		921.0		1337.3316		504.6684
172		920.0		1336.3316		503.6684
173		939.2		1372.85166		505.54834
174		938.2		1371.85166		504.54834
175		947.4		1371.95228		522.84772
176		946.4		1370.95228		521.84772
177		975.6		1431.37038		519.82962
178		974.6		1430.37038		518.82962
179		983.8		1426.51047		541.08953
180		993.0		1447.65899		538.34101
181		1012.2		1489.9277		534.4723
182		1011.2		1488.9277		533.4723
183		1010.2		1487.9277		532.4723
184		1019.4		1509.62958		529.17042
185		1028.6		1517.37095		539.82905
186		1027.6		1516.37095		538.82905
187		1026.6		1515.37095		537.82905
188		1025.6		1514.37095		536.82905
189		1034.8		1522.9612		546.6388
190		1054.0		1563.84272		544.15728
191		1053.0		1562.84272		543.15728
192		1082.2		1628.44002		535.95998
193		1111.6		1650.4078		572.7922
194		1110.6		1649.4078		571.7922
195		1109.6		1648.4078		570.7922
196		1108.6		1647.4078		569.7922
197		1117.8		1669.4562		566.1438
198		1116.8		1668.4562		565.1438
199		1115.8		1667.4562		564.1438
200		1114.8		1666.4562		563.1438
201		1113.8		1665.4562		562.1438
202		1112.8		1664.4562		561.1438
203		1152.2		1706.08533		598.31467
204		1151.2		1705.08533		597.31467
205		1170.4		1720.63362		620.16638
206		1169.4		1719.63362		619.16638
207		1198.8		1745.48324		652.11676
208		1197.8		1744.48324		651.11676
209		1196.8		1743.48324		650.11676
210		1216.0		1760.85484		671.14516
211		1245.2		1767.20513		723.19487
212		1244.2		1766.20513		722.19487
213		1273.6		1782.10943		765.09057
214		1272.6		1781.10943		764.09057
215		1291.8		1774.37576		809.22424
216		1301.0		1798.94257		803.05743
217		1320.2		1794.64342		845.75658
218		1319.2		1793.64342		844.75658
219		1338.4		1796.21114		880.58886
220		1337.4		1795.21114		879.58886
221		1336.4		1794.21114		878.58886
222		1335.4		1793.21114		877.58886
223		1334.4		1792.21114		876.58886
224		1333.4		1791.21114		875.58886
225		1332.4		1790.21114		874.58886
226		1361.6		1868.19909		855.00091
227		1370.8		1883.4197		858.1803
228		1369.8		1882.4197		857.1803
229		1368.8		1881.4197		856.1803
230		1367.8		1880.4197		855.1803
231		1377.0		1882.33712		871.66288
232		1376.0		1881.33712		870.66288
233		1415.4		1947.55133		883.24867
234		1414.4		1946.55133		882.24867
235		1423.6		1972.73117		874.46883
236		1422.6		1971.73117		873.46883
237		1421.6		1970.73117		872.46883
238		1420.6		1969.73117		871.46883
239		1439.8		2023.20497		856.39503
240		1438.8		2022.20497		855.39503
241		1458.0		2076.41895		839.58105
242		1457.0		2075.41895		838.58105
243		1476.2		2073.12492		879.27508
244		1485.4		2100.5392		870.2608
245		1484.4		2099.5392		869.2608
246		1503.6		2113.09802		894.10198
247		1502.6		2112.09802		893.10198
248		1501.6		2111.09802		892.10198
249		1500.6		2110.09802		891.10198
250		1519.8		2126.30124		913.29876
