step	mediator-random_inst_loss_mean	mediator-random_inst_loss_std_up	mediator-random_inst_loss_std_down
1		21.67749		80.66838		-37.3134
2		-32.76771		24.77058		-90.306
3		-20.85596		34.77682		-76.48874
4		-35.59001		8.62506		-79.80508
5		-37.46317		7.17892		-82.10526
6		-36.02582		9.21253		-81.26418
7		-24.28555		25.06394		-73.63505
8		-22.15465		28.03921		-72.34852
9		-26.72978		35.58208		-89.04163
10		-21.31842		40.44179		-83.07864
11		-12.21317		56.60774		-81.03409
12		-6.03779		62.57394		-74.64952
13		-13.17375		48.98155		-75.32905
14		-20.68529		50.83153		-92.20211
15		-11.54672		63.63315		-86.72658
16		-22.38171		52.93394		-97.69736
17		-9.92333		70.66544		-90.5121
18		-24.08198		70.87556		-119.03951
19		-8.30399		91.65131		-108.25929
20		-8.74105		96.47506		-113.95715
21		7.84435		118.59815		-102.90944
22		8.25722		124.84016		-108.32573
23		-8.35365		95.32766		-112.03496
24		-1.97513		109.92334		-113.8736
25		-8.89727		105.82824		-123.62278
26		-16.18373		75.08572		-107.45318
27		-23.85369		45.46814		-93.17551
28		-14.88187		60.19331		-89.95705
29		-8.84694		68.05238		-85.74626
30		0.9147		83.96787		-82.13847
31		7.78102		93.07875		-77.51671
32		1.37237		66.06821		-63.32347
33		-5.37358		87.02141		-97.76858
34		4.57087		95.24642		-86.10468
35		-5.41583		90.63179		-101.46346
36		-9.10997		103.28509		-121.50502
37		-2.77126		116.59838		-122.14089
38		7.31016		131.88886		-117.26854
39		14.51309		146.70846		-117.68228
40		25.50421		163.58426		-112.57584
41		16.61926		139.71376		-106.47523
42		-2.96058		98.84208		-104.76325
43		-9.93459		83.78308		-103.65225
44		-0.23019		99.85858		-100.31896
45		6.57588		110.47675		-97.32499
46		0.1038		105.05649		-104.8489
47		10.33653		120.48978		-99.81671
48		17.69874		133.95704		-98.55956
49		11.81207		119.41728		-95.79313
50		22.66103		139.31317		-93.9911
51		30.6719		150.06728		-88.72347
52		42.51349		171.57731		-86.55034
53		51.56922		184.02982		-80.89138
54		47.46521		168.15149		-73.22107
55		26.09974		132.08666		-79.88718
56		7.01886		87.28631		-73.24858
57		0.5701		71.39652		-70.25633
58		10.82737		86.27458		-64.61983
59		1.16996		65.66567		-63.32574
60		-2.17755		60.19371		-64.54881
61		4.52602		66.14232		-57.09028
62		14.99151		83.86801		-53.885
63		5.55326		77.78759		-66.68107
64		2.43645		98.31213		-93.43924
65		9.38286		103.58892		-84.82319
66		-13.98694		81.03809		-109.01197
67		-1.08673		94.36697		-96.54043
68		-14.78029		70.4937		-100.05428
69		1.48726		91.24935		-88.27484
70		1.56553		96.05195		-92.92088
71		18.69338		118.15277		-80.766
72		19.67725		124.37133		-85.01684
73		20.71289		109.05121		-67.62543
74		25.21213		121.97211		-71.54785
75		23.13		103.24768		-56.98768
76		-2.92536		52.17697		-58.02769
77		-37.17024		-7.60366		-66.73681
78		-45.94475		-37.05049		-54.83901
79		-38.13562		-29.18411		-47.08713
80		-50.37003		-21.95598		-78.78408
81		-56.43018		-20.23787		-92.62248
82		-52.582		-16.35392		-88.81008
83		-62.16766		-29.30947		-95.02585
84		-55.21237		-21.27946		-89.14527
85		-51.3001		-14.97677		-87.62344
86		-43.77283		-6.19077		-81.3549
87		-39.25848		0.90923		-79.4262
88		-31.09745		10.53289		-72.72778
89		-42.96143		-6.841		-79.08186
90		-31.58619		8.72877		-71.90115
91		-46.88499		12.24951		-106.01949
92		-32.30716		29.93968		-94.55401
93		-34.00754		31.51545		-99.53053
94		-35.79741		45.23063		-116.82545
95		-34.27239		47.55625		-116.10104
96		-56.53075		5.83848		-118.89998
97		-66.32423		-20.48549		-112.16298
98		-59.58771		-7.82125		-111.35417
99		-55.90572		-4.95949		-106.85196
100		-48.62086		8.52522		-105.76693
101		-44.36167		12.24698		-100.97032
102		-36.46922		26.64011		-99.57856
103		-48.61593		22.74049		-119.97234
104		-37.5383		39.79495		-114.87154
105		-36.10491		43.06347		-115.27328
106		-58.45971		-13.34473		-103.57469
107		-51.30926		2.27431		-104.89283
108		-47.19157		3.10102		-97.48416
109		-56.49352		0.67178		-113.65882
110		-49.23959		5.02267		-103.50185
111		-62.05842		-31.79557		-92.32126
112		-68.73374		-15.72786		-121.73962
113		-65.53312		-14.15445		-116.9118
114		-58.75496		-0.27776		-117.23217
115		-72.0746		-11.98634		-132.16286
116		-79.27709		-8.58271		-149.97147
117		-76.63139		-7.76661		-145.49618
118		-87.4828		-38.09588		-136.86973
119		-98.90534		-68.87519		-128.93549
120		-93.88362		-55.54798		-132.21925
121		-92.00668		-58.39751		-125.61584
122		-86.62186		-44.51481		-128.72891
123		-84.36272		-46.78561		-121.93983
124		-78.57559		-32.28841		-124.86278
125		-75.89297		-33.91725		-117.86869
126		-86.70552		-51.90648		-121.50456
127		-81.04169		-50.14195		-111.94144
128		-95.53432		-50.57175		-140.49689
129		-103.97153		-59.72459		-148.21847
130		-102.62554		-52.586		-152.66507
131		-97.79961		-48.62111		-146.97811
132		-96.12877		-40.89464		-151.36291
133		-90.96091		-36.31479		-145.60703
134		-88.93014		-27.93765		-149.92264
135		-83.38341		-22.67604		-144.09077
136		-97.99928		-58.17729		-137.82126
137		-89.52077		-44.86148		-134.18006
138		-90.8233		-46.57811		-135.06849
139		-81.96711		-32.64936		-131.28486
140		-82.87208		-33.72337		-132.02078
141		-90.64286		-49.58881		-131.69691
142		-88.59535		-47.01383		-130.17687
143		-83.03099		-37.66659		-128.3954
144		-80.58286		-34.46356		-126.70216
145		-74.59679		-24.45264		-124.74094
146		-71.70476		-20.55351		-122.856
147		-65.25142		-9.80776		-120.69508
148		-61.86752		-5.13717		-118.59788
149		-54.89644		6.42235		-116.21522
150		-50.96754		11.94784		-113.88292
151		-43.42277		24.40864		-111.25418
152		-38.89		30.88147		-108.66146
153		-30.70957		44.34058		-105.75971
154		-25.50768		51.86314		-102.8785
155		-33.66837		18.39076		-85.7275
156		-25.21312		34.80663		-85.23286
157		-19.72194		38.21679		-77.66067
158		-27.57812		36.65958		-91.81582
159		-18.80233		43.83521		-81.43987
160		-12.97374		57.92493		-83.87241
161		-3.4293		66.21943		-73.07802
162		3.2084		81.4892		-75.07241
163		13.60453		91.02371		-63.81464
164		21.13874		107.60061		-65.32313
165		15.43312		113.32919		-82.46294
166		9.42721		82.04309		-63.18867
167		-13.94025		43.50619		-71.3867
168		-1.03759		59.56461		-61.63978
169		2.31689		65.95721		-61.32342
170		-0.97026		39.02252		-40.96303
171		-28.29405		6.36162		-62.94972
172		-12.73776		23.7419		-49.21741
173		-13.40816		24.99147		-51.8078
174		-14.11386		47.22988		-75.4576
175		-11.4476		47.90851		-70.80371
176		1.58626		69.27513		-66.10261
177		5.07884		71.11381		-60.95614
178		1.93705		56.85792		-52.98382
179		8.85718		63.53863		-45.82427
180		2.50517		54.7984		-49.78806
181		-4.18116		34.5434		-42.90572
182		-28.26486		11.20911		-67.73883
183		-16.11612		21.83275		-54.06499
184		-30.6007		5.85859		-67.05999
185		-32.21126		24.91328		-89.33581
186		-30.4975		24.64462		-85.63963
187		-35.51172		8.80371		-79.82715
188		-30.56258		12.5954		-73.72056
189		-21.94387		26.94446		-70.83219
190		-16.28062		31.69022		-64.25147
191		-6.91023		47.04789		-60.86834
192		-0.45574		52.85129		-53.76277
193		-24.34336		22.93551		-71.62223
194		-46.07914		-17.37479		-74.78349
195		-38.27709		-3.61554		-72.93863
196		-33.47348		-1.47515		-65.47182
197		-59.09887		-41.37515		-76.8226
198		-48.57297		-29.94848		-67.19746
199		-47.72036		-28.14596		-67.29475
200		-36.59558		-16.01999		-57.17117
201		-35.11257		-13.48151		-56.74364
202		-40.3697		0.95629		-81.69568
203		-35.67625		3.58457		-74.93707
204		-27.32665		18.21087		-72.86417
205		-21.94674		21.74587		-65.63934
206		-29.92004		4.4721		-64.31218
207		-21.26756		12.81796		-55.35308
208		-15.56868		22.38237		-53.51973
209		-6.16091		31.67054		-43.99235
210		0.3331		42.23181		-41.5656
211		10.57773		52.56456		-31.40909
212		17.95279		64.22955		-28.32396
213		29.12465		75.72007		-17.47078
214		3.38373		57.84019		-51.07272
215		3.56182		42.16287		-35.03922
216		7.15861		49.9482		-35.63098
217		21.17053		64.02988		-21.68881
218		8.64682		55.20027		-37.90663
219		26.14475		75.14838		-22.85888
220		27.52079		79.10356		-24.06198
221		11.92833		53.53239		-29.67573
222		19.3767		62.70191		-23.94851
223		30.6191		76.65241		-15.41422
224		39.05294		87.04341		-8.93754
225		17.26372		71.39497		-36.86753
226		31.82299		88.61952		-24.97353
227		19.88033		86.39316		-46.63251
228		-13.2261		44.81573		-71.26794
229		-20.72412		14.16065		-55.60888
230		-11.55546		31.54213		-54.65306
231		-5.37364		33.63922		-44.38651
232		4.62643		52.09351		-42.84066
233		11.63932		55.26217		-31.98354
234		5.36953		48.34932		-37.61025
235		15.75271		55.42839		-23.92296
236		6.18782		58.16199		-45.78635
237		19.85738		69.64205		-29.92728
238		24.40781		81.98735		-33.17173
239		22.40993		99.201		-54.38114
240		30.74072		111.03598		-49.55455
241		41.92842		126.86482		-43.00798
242		33.04278		101.30854		-35.22299
243		31.75222		102.98637		-39.48192
244		41.24011		110.44601		-27.96579
245		10.38473		72.31896		-51.5495
246		10.93129		66.03846		-44.17587
247		2.41965		65.42359		-60.58429
248		27.075		93.39493		-39.24493
249		28.5		98.31046		-41.31046
250		0.0		0.0		0.0
