step	mediator-random_cum_inst_loss_mean	mediator-random_cum_inst_loss_std_up	mediator-random_cum_inst_loss_std_down
1		196.1279		261.12327		131.13253
2		317.52569		465.39627		169.65511
3		436.0891		679.39672		192.78148
4		551.66893		897.04772		206.29015
5		664.10818		1117.50986		210.70649
6		773.24153		1340.62667		205.85639
7		878.895		1566.41583		191.37417
8		980.88544		1794.95936		166.81151
9		1079.02005		2026.37045		131.66964
10		1173.09589		2260.78123		85.41055
11		1291.34684		2490.43334		92.26034
12		1408.44253		2723.60789		93.27716
13		1522.4774		2960.84854		84.10626
14		1633.29036		3202.21333		64.36739
15		1797.60682		3478.66985		116.5438
16		1965.03727		3763.6134		166.46114
17		2132.0561		4055.39331		208.7189
18		2298.64165		4354.26953		243.01378
19		2464.77112		4660.52651		269.01574
20		2658.86799		4975.35434		342.38164
21		2855.80149		5299.95837		411.64461
22		3053.87616		5634.71141		473.04091
23		3253.15208		5980.01312		526.29103
24		3453.69245		6336.28825		571.09666
25		3655.56384		6703.98892		607.13876
26		3858.83629		7083.59673		634.07586
27		4092.03104		7463.38929		720.67279
28		4330.1202		7854.0398		806.2006
29		4571.51662		8256.86496		886.16829
30		4816.39438		8672.47936		960.3094
31		5064.93669		9101.52956		1028.34382
32		5317.33644		9544.69599		1089.97688
33		5602.24412		9990.53392		1213.95432
34		5894.76795		10450.87053		1338.66537
35		6193.46403		10927.25731		1459.67074
36		6527.1047		11446.32257		1607.88682
37		6870.9264		11985.25827		1756.59453
38		7223.62025		12543.40756		1903.83293
39		7585.65318		13121.78054		2049.52581
40		7957.51673		13721.44044		2193.59302
41		8339.7283		14343.50634		2335.95027
42		8732.83253		14989.15616		2476.5089
43		9137.40271		15659.62976		2615.17566
44		9554.04232		16356.23221		2751.85242
45		9983.38658		17080.3372		2886.43595
46		10426.10416		17833.39072		3018.8176
47		10882.89892		18616.91478		3148.88305
48		11354.51177		19432.51153		3276.512
49		11841.7226		20281.86739		3401.57781
50		12345.35236		21166.75753		3523.94719
51		12866.26521		22089.05056		3643.47986
52		13405.37078		23050.71342		3760.02814
53		13992.07407		24064.22442		3919.92373
54		14602.27749		25122.7674		4081.78758
55		15235.37313		26228.03683		4242.70944
56		15892.56585		27382.48516		4402.64655
57		16575.12392		28588.69393		4561.55391
58		17284.38235		29849.3805		4719.3842
59		18018.64141		31074.91801		4962.3648
60		18786.01143		32360.06959		5211.95327
61		19552.99309		33620.71893		5485.26725
62		20352.96322		34943.4649		5762.46153
63		21154.26078		36243.9036		6064.61795
64		21990.35289		37608.70661		6371.99917
65		22829.67361		38953.95542		6705.39179
66		23705.7901		40366.24607		7045.33412
67		24615.68921		41785.99761		7445.38081
68		25567.94351		43278.97398		7856.91305
69		26529.5402		44761.55574		8297.52466
70		27534.36825		46319.85212		8748.88438
71		28551.30572		47872.87045		9229.74099
72		29582.83472		49456.71		9708.95944
73		30629.72321		51040.53348		10218.91293
74		31692.77958		52656.23619		10729.32297
75		32772.85479		54274.902		11270.80757
76		33870.84455		55927.10203		11814.58706
77		34987.69174		57585.71014		12389.67333
78		36124.38885		59280.16155		12968.61615
79		37281.98062		60985.0256		13578.93564
80		38430.01425		62696.68927		14163.33924
81		39601.38395		64422.33918		14780.42872
82		40763.92067		66154.48813		15373.35321
83		41950.55677		67902.74772		15998.36582
84		43129.16339		69657.68428		16600.64249
85		44332.71517		71431.13549		17234.29485
86		45557.57526		73194.04768		17921.10284
87		46811.65966		74975.19872		18648.12059
88		48089.71197		76744.32132		19435.10261
89		49399.78818		78532.53164		20267.04471
90		50676.77924		80306.85637		21046.70211
91		51985.73835		82103.28935		21868.18734
92		53261.55351		83884.45579		22638.65123
93		54569.27483		85688.56988		23449.97978
94		55843.78706		87476.13785		24211.43627
95		57150.13687		89287.4719		25012.80184
96		58423.2054		91081.07417		25765.33664
97		59728.03554		92899.24088		26556.83019
98		60999.50441		94698.57726		27300.43155
99		62302.65069		96523.25757		28082.0438
100		63572.34708		98328.09004		28816.60412
101		64873.62759		100159.02853		29588.22665
102		66141.36002		101969.17725		30313.54279
103		67440.5732		103806.17841		31074.968
104		68734.57698		105598.75891		31870.39505
105		70063.28896		107415.86284		32710.71508
106		71359.89662		109208.86834		33510.92491
107		72689.50478		111028.28318		34350.72639
108		73987.05579		112822.77263		35151.33895
109		75346.10444		114620.65019		36071.55868
110		76676.49018		116389.83313		36963.14722
111		78041.65421		118184.61008		37898.69834
112		79376.63245		119951.2949		38801.97001
113		80746.6307		121743.7511		39749.5103
114		82086.69759		123507.29442		40666.10076
115		83462.0523		125296.73743		41627.36718
116		84807.75758		127056.45681		42559.05834
117		86189.04744		128842.15287		43535.942
118		87541.00023		130597.3198		44484.68067
119		88928.86643		132378.48639		45479.24647
120		90287.74169		134128.31875		46447.16463
121		91682.89469		135904.11675		47461.67262
122		93049.44026		137647.77096		48451.10956
123		94481.11477		139392.60209		49569.62744
124		95887.94878		141101.47517		50674.42238
125		97333.58468		142834.43409		51832.73526
126		98753.27015		144532.02316		52974.51714
127		100212.4339		146253.25894		54171.60885
128		101646.35921		147938.164		55354.55441
129		103120.51226		149646.18362		56594.84091
130		104570.21579		151316.87353		57823.55805
131		106060.9775		153010.04536		59111.90963
132		107528.16381		154664.84442		60391.48321
133		109037.32846		156341.38415		61733.27276
134		110523.88629		157978.45802		63069.31456
135		112053.44199		159636.41387		64470.47012
136		113561.4641		161253.75494		65869.17326
137		115113.61378		162890.99236		67336.23521
138		116645.41903		164486.40488		68804.43317
139		118222.60359		166100.59104		70344.61614
140		119780.76133		167671.67631		71889.84636
141		121385.68537		169260.26499		73511.10576
142		122941.49006		170832.29371		75050.68641
143		124545.78194		172420.24449		76671.31939
144		126100.9212		173991.6015		78210.24089
145		127704.51262		175578.84546		79830.17978
146		129258.91456		177149.45819		81368.37094
147		130861.72987		178735.91898		82987.54075
148		132415.31483		180305.70702		84524.92265
149		134017.27017		181891.30003		86143.2403
150		135569.9499		183460.17428		87679.72551
151		137170.95235		185044.80577		89297.09894
152		138722.62906		186612.66752		90832.5906
153		140322.57569		188196.2336		92448.91779
154		141873.14101		189762.97346		93983.30856
155		143471.91776		191345.35904		95598.47649
156		145021.25162		192910.85581		97131.64743
157		146618.73211		194491.93336		98745.53086
158		148166.70147		196056.05274		100277.3502
159		149762.74565		197635.68094		101889.81036
160		151309.20311		199198.27414		103420.13208
161		152903.65581		200776.29642		105031.0152
162		154448.43803		202337.19856		106559.6775
163		156041.12732		203913.44141		108168.81322
164		157584.05331		205472.4698		109695.63683
165		159174.78868		207046.741		111302.83637
166		160715.65793		208603.69321		112827.62265
167		162304.22829		210175.77975		114432.67683
168		163842.81858		211730.43148		115955.20567
169		165428.99004		213300.09736		117557.88273
170		166965.05517		214852.20009		119077.91026
171		168548.56858		216419.18378		120677.95338
172		170081.83576		217968.46213		122195.20938
173		171662.40394		219532.47388		123792.334
174		173192.57089		221078.62273		125306.51905
175		174769.87567		222639.34147		126900.40988
176		176296.60746		224182.02272		128411.1922
177		177870.29629		225739.0927		130001.49989
178		179393.22181		227277.93175		131508.51188
179		180962.90405		228830.95878		133094.84932
180		182481.61209		230365.54055		134597.68364
181		184046.85488		231914.08786		136179.62191
182		185560.88983		233443.95242		137677.82724
183		187121.21357		234987.53606		139254.89108
184		188630.07056		236512.1738		140747.96733
185		190184.94383		238050.25753		142319.63012
186		191688.06349		239569.10379		143807.02318
187		193236.89744		241101.09345		145372.70143
188		194733.65994		242613.52256		146853.79731
189		196275.80214		244138.7598		148412.84448
190		197765.52069		245644.07851		149886.96287
191		199300.24821		247161.83385		151438.66257
192		200782.16183		248659.27401		152905.04965
193		202308.67364		250168.73917		154448.6081
194		203781.93913		251657.44964		155906.42862
195		205299.34766		253157.72903		157440.96628
196		206763.03074		254636.76674		158889.29475
197		208270.35252		256126.868		160413.83705
198		209723.41799		257595.188		161851.64798
199		211219.56332		259074.01158		163365.11507
200		212660.86411		260530.45602		164791.2722
201		214144.62557		261996.78359		166292.46755
202		215572.8907		263440.06955		167705.71184
203		217042.93041		264892.55116		169193.30966
204		218456.7516		266321.25713		170592.24607
205		219911.58717		267758.39701		172064.77732
206		221309.40399		269170.94791		173447.86006
207		222747.39285		270591.0887		174903.697
208		224127.4763		271985.73931		176269.21329
209		225546.79846		273387.04461		177706.55231
210		226907.23274		274761.86118		179052.6043
211		228305.87157		276142.29621		180469.44693
212		229644.53393		277495.13611		181793.93175
213		231020.25494		278852.4463		183188.06358
214		232334.79328		280180.93543		184488.65113
215		233685.12059		281512.62265		185857.61852
216		234972.92871		282814.13045		187131.72697
217		236295.11895		284117.42675		188472.81115
218		237553.30911		285389.03851		189717.5797
219		238844.32254		286660.87691		191027.76817
220		240069.69501		287899.36308		192240.02693
221		241326.1635		289136.34532		193515.98168
222		242515.17287		290338.12751		194692.21824
223		243733.36443		291536.48826		195930.24059
224		244882.08228		292697.60153		197066.56303
225		246057.86172		293853.16876		198262.55468
226		247161.93524		294969.21992		199354.65055
227		248290.72063		296077.37094		200504.07032
228		249345.32673		297143.49226		201547.16121
229		250422.04117		298199.1051		202644.97723
230		251421.83574		299209.90311		203633.76837
231		252440.85382		300207.30258		204674.40506
232		253379.91538		301156.80124		205603.02953
233		254335.00398		302089.69918		206580.30878
234		255206.77136		302971.27704		207442.26569
235		256091.02398		303832.70617		208349.34178
236		256888.22716		304639.02662		209137.4277
237		257693.99115		305421.26719		209966.7151
238		258408.57472		306144.2013		210672.94814
239		259127.3707		306838.69985		211416.04154
240		259750.409		307469.2408		212031.5772
241		260372.84153		308066.52017		212679.16289
242		260894.44463		308594.68849		213194.20077
243		261410.10326		309084.24811		213735.95842
244		261819.31279		309498.98668		214139.63889
245		262216.66238		309869.19209		214564.13268
246		262501.33659		310158.25021		214844.42297
247		262767.59503		310396.20844		215138.98162
248		262914.33498		310546.05202		215282.61793
249		263035.25098		310637.23076		215433.27119
250		263035.25098		310637.23076		215433.27119
