step	mediator-random_inst_loss_mean	mediator-random_inst_loss_std_up	mediator-random_inst_loss_std_down
1		110.18081		164.66032		55.7013
2		62.29559		119.64244		4.94874
3		56.35056		116.71567		-4.01455
4		68.54012		119.10238		17.97787
5		64.7685		118.00131		11.5357
6		58.95363		114.98816		2.9191
7		52.8327		111.81642		-6.15101
8		46.38963		108.47775		-15.69849
9		39.60744		104.96336		-25.74848
10		32.4683		101.26401		-36.3274
11		33.4009		108.37164		-41.56983
12		56.22734		80.0842		32.37047
13		51.80768		73.43248		30.18287
14		45.31065		68.07361		22.5477
15		38.47168		62.43268		14.51068
16		31.27276		56.49487		6.05065
17		42.14244		57.37305		26.91183
18		36.98147		56.06426		17.89868
19		29.70412		49.79127		9.61697
20		22.04375		43.18812		0.89938
21		13.9802		36.23743		-8.27703
22		33.93974		82.83985		-14.96036
23		28.34705		83.20946		-26.51536
24		20.61526		78.36516		-37.13465
25		12.47653		73.2659		-48.31285
26		22.35693		87.92168		-43.20782
27		16.15462		86.45066		-54.14143
28		7.78111		81.77695		-66.21473
29		-1.0331		76.85726		-78.92346
30		-10.31122		71.67863		-92.30107
31		-20.07766		66.22745		-106.38276
32		-3.46314		68.28796		-75.21424
33		-9.17966		65.3054		-83.66472
34		-18.88654		59.51878		-97.29187
35		-29.10432		53.4276		-111.63624
36		-39.85987		47.01584		-126.73557
37		-51.1815		40.26661		-142.62961
38		-34.65152		80.50211		-149.80515
39		-43.85428		79.43455		-167.14311
40		-26.93865		68.92158		-122.79888
41		-35.73547		63.73358		-135.20452
42		-28.39254		55.04407		-111.82915
43		-37.26588		49.04443		-123.57619
44		-40.0035		45.61996		-125.62696
45		-41.04045		37.41223		-119.49313
46		-32.13198		46.52083		-110.7848
47		-32.75465		58.28204		-123.79133
48		-41.85757		55.9312		-139.64635
49		-34.83686		55.60875		-125.28246
50		-25.60188		38.80907		-90.01283
51		2.56663		67.89711		-62.76384
52		-2.83253		67.64274		-73.3078
53		-3.75787		53.89932		-61.41505
54		-2.88716		61.60585		-67.38016
55		-10.41811		59.54071		-80.37693
56		26.70481		123.4851		-70.07549
57		41.02356		112.94911		-30.90199
58		62.69868		138.92041		-13.52305
59		88.91185		120.6426		57.18111
60		86.21243		117.19598		55.22887
61		81.52618		114.14045		48.91191
62		76.59329		110.9241		42.26248
63		71.40077		107.53846		35.26307
64		65.93496		103.97464		27.89528
65		60.18148		100.22324		20.13971
66		54.12518		96.27441		11.97595
67		47.75013		92.11774		3.38252
68		41.03955		87.74229		-5.6632
69		33.97578		83.13656		-15.18501
70		26.54023		78.28843		-25.20796
71		18.71334		73.18513		-35.75844
72		38.922		88.63944		-10.79544
73		33.59153		87.60767		-20.42461
74		26.13576		82.99486		-30.72333
75		18.28759		78.13926		-41.56409
76		28.47383		65.53783		-8.59016
77		22.59346		60.08801		-14.90108
78		14.55885		54.02679		-24.9091
79		14.54885		53.15423		-24.05653
80		26.38307		59.78743		-7.02129
81		38.84014		86.98714		-9.30685
82		51.95286		80.1761		23.72961
83		47.30822		76.0408		18.57564
84		59.02187		101.66936		16.37438
85		71.64427		108.00101		35.28752
86		69.88077		106.84153		32.92002
87		64.33496		103.24102		25.4289
88		58.49727		99.45102		17.54352
89		60.79982		111.67354		9.9261
90		56.62081		112.43042		0.81121
91		58.8246		115.50228		2.14691
92		62.98912		109.96235		16.0159
93		58.92535		105.90934		11.94136
94		61.25042		101.90625		20.5946
95		57.09513		98.66897		15.5213
96		50.8764		94.63833		7.11447
97		62.77785		117.98857		7.56712
98		77.15044		133.41018		20.8907
99		73.83199		133.95576		13.70822
100		68.49414		131.78232		5.20596
101		62.87535		129.49449		-3.74378
102		56.96084		127.08624		-13.16457
103		50.73503		124.55125		-23.08119
104		44.18155		121.88283		-33.51973
105		37.28315		119.07397		-44.50767
106		38.46917		108.52262		-31.58429
107		33.11487		103.40757		-37.17784
108		62.52899		85.74444		39.31353
109		60.28574		82.209		38.36248
110		62.68242		101.27987		24.08496
111		58.6025		102.76096		14.44403
112		52.46309		98.94569		5.9805
113		46.00056		94.92961		-2.92849
114		39.1979		90.70216		-12.30636
115		32.03721		86.25222		-22.17781
116		32.94712		87.82586		-21.93163
117		45.74967		92.58985		-1.09051
118		40.77855		90.42934		-8.87224
119		52.14854		112.73982		-8.44275
120		47.5142		113.26944		-18.24104
121		96.13367		127.72638		64.54096
122		97.50384		128.19652		66.81116
123		93.41188		125.71996		61.10379
124		107.55203		138.02663		77.07744
125		105.83367		139.92099		71.74635
126		102.18012		138.06151		66.29873
127		98.33428		136.10416		60.5644
128		94.28602		134.04379		54.52825
129		90.0247		131.87499		48.17441
130		85.5391		129.59203		41.48617
131		89.2649		121.07694		57.45286
132		86.58406		117.2255		55.94262
133		81.91737		114.17152		49.66322
134		77.00506		110.9568		43.05333
135		71.83422		107.57289		36.09555
136		66.39122		104.01087		28.77157
137		60.66175		100.26138		21.06212
138		54.63073		96.31456		12.94691
139		56.72978		107.94677		5.51279
140		52.33656		108.42784		-3.75472
141		62.76235		107.13105		18.39365
142		60.53138		104.70437		16.3584
143		54.4935		100.99139		7.99562
144		48.13784		97.08298		-0.8073
145		41.44766		92.96886		-10.07354
146		34.40537		88.63822		-19.82747
147		26.99244		84.07964		-30.09476
148		37.63684		84.06931		-8.79564
149		32.23873		81.15324		-16.67578
150		33.15925		83.56499		-17.24649
151		27.52548		81.08926		-26.0383
152		19.75044		76.13337		-36.63248
153		11.5662		70.91664		-47.78425
154		2.9512		65.42535		-59.52296
155		-6.11722		59.64505		-71.87949
156		2.78457		91.22891		-85.65978
157		-4.44787		91.17317		-100.06892
158		14.54177		122.45164		-93.36809
159		7.92813		122.99513		-107.13886
160		17.56915		107.1419		-72.0036
161		11.11484		102.47795		-80.24826
162		20.92358		91.9124		-50.06524
163		14.64583		87.4306		-58.13895
164		6.19291		82.80846		-70.42264
165		25.7426		97.03965		-45.55444
166		38.16597		110.77273		-34.44079
167		32.79571		109.90417		-44.31276
168		43.74554		89.13356		-1.64247
169		38.66894		82.97357		-5.63568
170		31.48041		78.11685		-15.15604
171		32.36101		87.12706		-22.40503
172		26.68523		86.16681		-32.79635
173		18.86597		81.47816		-43.74621
174		29.08266		65.27667		-7.11135
175		31.68182		68.14999		-4.78635
176		25.97029		65.49521		-13.55463
177		26.56089		79.27381		-26.15203
178		20.57984		78.87987		-37.72019
179		30.88673		84.74975		-22.97628
180		25.13335		82.40914		-32.14243
181		17.23242		77.52272		-43.05788
182		27.36313		64.28312		-9.55686
183		29.87179		66.33928		-6.5957
184		24.06499		63.30398		-15.17399
185		16.10783		57.41202		-25.19637
186		7.73186		51.20996		-35.74624
187		-1.08494		44.68148		-46.85136
188		-10.36579		37.80939		-58.54097
189		-20.1351		30.57562		-70.84582
190		-30.41859		22.96112		-83.79829
191		5.65167		63.68865		-52.38531
192		0.41488		64.11809		-63.28833
193		-8.78703		58.26898		-75.84304
194		-0.02576		74.1824		-74.23393
195		-7.40611		72.0539		-86.86612
196		-17.01965		66.62247		-100.66177
197		-8.69168		94.55381		-111.93716
198		-16.52813		94.26091		-127.31718
199		-26.62178		89.99827		-143.24182
200		-8.79918		129.4061		-147.00446
201		10.25369		123.1509		-102.64353
202		5.25911		120.76009		-110.24187
203		14.75965		142.39827		-112.87897
204		8.15748		143.6842		-127.36925
205		17.81056		126.60665		-90.98553
206		11.36897		122.61598		-99.87805
207		21.19108		107.4111		-65.02895
208		23.37489		105.40598		-58.6562
209		17.22615		102.69272		-68.24042
210		8.90905		98.87386		-81.05577
211		0.1542		94.854		-94.5456
212		9.38606		78.77513		-60.00301
213		2.50107		72.87679		-67.87466
214		40.30393		73.9781		6.62977
215		36.89095		70.65815		3.12374
216		29.60883		65.15326		-5.9356
217		30.39094		71.80312		-11.02125
218		24.61146		69.90933		-20.6864
219		35.13055		59.93929		10.32181
220		29.60053		55.37512		3.82593
221		21.93471		49.06586		-5.19644
222		13.86542		42.42453		-14.69369
223		5.37144		35.43365		-24.69078
224		-3.5696		28.07484		-35.21404
225		-12.98122		20.32872		-46.29116
226		-22.88819		12.17491		-57.95128
227		-33.31657		3.59195		-70.22509
228		-44.29382		-5.44275		-83.14489
229		-27.40133		50.61483		-105.41749
230		-36.2225		49.10011		-121.54511
231		-10.45771		56.363		-77.27843
232		-16.54237		52.76587		-85.8506
233		-8.18927		79.64494		-96.02349
234		2.44821		85.66266		-80.76625
235		13.64555		92.89282		-65.60171
236		6.98474		90.50065		-76.53116
237		-1.87138		86.04009		-89.78286
238		-11.19362		81.34477		-103.73202
239		7.44099		65.57505		-50.69308
240		0.45362		60.13822		-59.23098
241		28.14873		75.29209		-18.99463
242		24.09599		74.34316		-26.15117
243		24.58795		77.98478		-28.80888
244		36.95055		57.07149		16.8296
245		31.51632		49.00677		14.02587
246		23.95126		42.36226		5.54026
247		15.98886		35.36886		-3.39114
248		16.06203		19.53542		12.58864
249		9.595		9.595		9.595
250		0.0		0.0		0.0
