step	mediator-random_reward_mean	mediator-random_reward_std_up	mediator-random_reward_std_down
1		-1.0		-1.0		-1.0
2		-2.0		-2.0		-2.0
3		-3.0		-3.0		-3.0
4		16.2		56.6		-24.2
5		15.2		55.6		-25.2
6		14.2		54.6		-26.2
7		13.2		53.6		-27.2
8		12.2		52.6		-28.2
9		11.2		51.6		-29.2
10		10.2		50.6		-30.2
11		9.2		49.6		-31.2
12		8.2		48.6		-32.2
13		7.2		47.6		-33.2
14		16.4		77.2		-44.4
15		15.4		76.2		-45.4
16		14.4		75.2		-46.4
17		33.6		134.8		-67.6
18		32.6		133.8		-68.6
19		31.6		132.8		-69.6
20		60.8		222.4		-100.8
21		59.8		221.4		-101.8
22		58.8		220.4		-102.8
23		57.8		219.4		-103.8
24		56.8		218.4		-104.8
25		55.8		217.4		-105.8
26		54.8		216.4		-106.8
27		53.8		215.4		-107.8
28		63.0		245.0		-119.0
29		62.0		244.0		-120.0
30		61.0		243.0		-121.0
31		90.4		261.36035		-80.56035
32		109.6		320.16362		-100.96362
33		108.6		319.16362		-101.96362
34		117.8		322.40831		-86.80831
35		127.0		330.08717		-76.08717
36		136.2		334.68466		-62.28466
37		135.2		333.68466		-63.28466
38		134.2		332.68466		-64.28466
39		133.2		331.68466		-65.28466
40		132.2		330.68466		-66.28466
41		131.2		329.68466		-67.28466
42		130.2		328.68466		-68.28466
43		129.2		327.68466		-69.28466
44		128.2		326.68466		-70.28466
45		127.2		325.68466		-71.28466
46		136.4		334.89494		-62.09494
47		135.4		333.89494		-63.09494
48		134.4		332.89494		-64.09494
49		163.8		339.83113		-12.23113
50		162.8		338.83113		-13.23113
51		161.8		337.83113		-14.23113
52		171.0		341.71262		0.28738
53		190.2		400.50492		-20.10492
54		189.2		399.50492		-21.10492
55		188.2		398.50492		-22.10492
56		187.2		397.50492		-23.10492
57		186.2		396.50492		-24.10492
58		195.4		402.29186		-11.49186
59		214.6		420.51319		8.68681
60		213.6		419.51319		7.68681
61		212.6		418.51319		6.68681
62		211.6		417.51319		5.68681
63		210.6		416.51319		4.68681
64		209.6		415.51319		3.68681
65		208.6		414.51319		2.68681
66		207.6		413.51319		1.68681
67		206.6		412.51319		0.68681
68		215.8		419.26145		12.33855
69		214.8		418.26145		11.33855
70		213.8		417.26145		10.33855
71		212.8		416.26145		9.33855
72		211.8		415.26145		8.33855
73		210.8		414.26145		7.33855
74		220.0		425.48674		14.51326
75		219.0		424.48674		13.51326
76		238.2		480.11354		-3.71354
77		257.4		484.42652		30.37348
78		306.8		586.04713		27.55287
79		326.0		606.01286		45.98714
80		325.0		605.01286		44.98714
81		324.0		604.01286		43.98714
82		343.2		622.59177		63.80823
83		342.2		621.59177		62.80823
84		341.2		620.59177		61.80823
85		340.2		619.59177		60.80823
86		339.2		618.59177		59.80823
87		338.2		617.59177		58.80823
88		357.4		641.96395		72.83605
89		356.4		640.96395		71.83605
90		385.6		638.35174		132.84826
91		384.6		637.35174		131.84826
92		393.8		664.24585		123.35415
93		403.0		663.32211		142.67789
94		432.4		720.83065		143.96935
95		461.6		748.9817		174.2183
96		490.8		784.60429		196.99571
97		489.8		783.60429		195.99571
98		488.8		782.60429		194.99571
99		487.8		781.60429		193.99571
100		486.8		780.60429		192.99571
101		496.0		806.50089		185.49911
102		495.0		805.50089		184.49911
103		494.0		804.50089		183.49911
104		493.0		803.50089		182.49911
105		492.0		802.50089		181.49911
106		511.2		804.80817		217.59183
107		510.2		803.80817		216.59183
108		519.4		830.3917		208.4083
109		518.4		829.3917		207.4083
110		527.6		856.32213		198.87787
111		546.8		876.12379		217.47621
112		545.8		875.12379		216.47621
113		544.8		874.12379		215.47621
114		543.8		873.12379		214.47621
115		542.8		872.12379		213.47621
116		592.2		871.21857		313.18143
117		601.4		899.03373		303.76627
118		630.6		912.389		348.811
119		629.6		911.389		347.811
120		628.6		910.389		346.811
121		627.6		909.389		345.811
122		626.6		908.389		344.811
123		625.6		907.389		343.811
124		655.0		933.4464		376.5536
125		654.0		932.4464		375.5536
126		653.0		931.4464		374.5536
127		672.4		950.46517		394.33483
128		671.4		949.46517		393.33483
129		670.4		948.46517		392.33483
130		719.8		951.84775		487.75225
131		718.8		950.84775		486.75225
132		717.8		949.84775		485.75225
133		716.8		948.84775		484.75225
134		715.8		947.84775		483.75225
135		714.8		946.84775		482.75225
136		713.8		945.84775		481.75225
137		712.8		944.84775		480.75225
138		711.8		943.84775		479.75225
139		710.8		942.84775		478.75225
140		720.0		948.9323		491.0677
141		739.2		943.45513		534.94487
142		738.2		942.45513		533.94487
143		777.8		963.0311		592.5689
144		776.8		962.0311		591.5689
145		796.0		961.24285		630.75715
146		815.2		1020.20478		610.19522
147		814.2		1019.20478		609.19522
148		813.2		1018.20478		608.19522
149		812.2		1017.20478		607.19522
150		811.2		1016.20478		606.19522
151		820.4		1021.39512		619.40488
152		829.6		1023.20227		635.99773
153		828.6		1022.20227		634.99773
154		827.6		1021.20227		633.99773
155		826.6		1020.20227		632.99773
156		825.6		1019.20227		631.99773
157		824.6		1018.20227		630.99773
158		823.6		1017.20227		629.99773
159		852.8		1106.4686		599.1314
160		882.0		1130.81238		633.18762
161		881.0		1129.81238		632.18762
162		880.0		1128.81238		631.18762
163		889.2		1157.5538		620.8462
164		888.2		1156.5538		619.8462
165		887.2		1155.5538		618.8462
166		896.4		1158.10334		634.69666
167		925.8		1178.86236		672.73764
168		955.0		1193.00756		716.99244
169		964.2		1191.57317		736.82683
170		973.4		1200.78215		746.01785
171		972.4		1199.78215		745.01785
172		981.6		1210.81396		752.38604
173		1000.8		1225.3666		776.2334
174		1020.0		1223.58094		816.41906
175		1049.2		1256.9512		841.4488
176		1048.2		1255.9512		840.4488
177		1057.4		1265.70036		849.09964
178		1056.4		1264.70036		848.09964
179		1075.6		1317.46492		833.73508
180		1074.6		1316.46492		832.73508
181		1073.6		1315.46492		831.73508
182		1072.6		1314.46492		830.73508
183		1071.6		1313.46492		829.73508
184		1100.8		1396.05677		805.54323
185		1099.8		1395.05677		804.54323
186		1119.0		1418.91332		819.08668
187		1118.0		1417.91332		818.08668
188		1137.2		1419.58796		854.81204
189		1166.4		1420.4359		912.3641
190		1165.4		1419.4359		911.3641
191		1194.6		1425.99023		963.20977
192		1193.6		1424.99023		962.20977
193		1212.8		1450.12037		975.47963
194		1211.8		1449.12037		974.47963
195		1210.8		1448.12037		973.47963
196		1230.0		1449.50945		1010.49055
197		1239.2		1452.02801		1026.37199
198		1248.4		1453.92333		1042.87667
199		1257.6		1467.49388		1047.70612
200		1256.6		1466.49388		1046.70612
201		1255.6		1465.49388		1045.70612
202		1284.8		1517.84798		1051.75202
203		1283.8		1516.84798		1050.75202
204		1282.8		1515.84798		1049.75202
205		1281.8		1514.84798		1048.75202
206		1280.8		1513.84798		1047.75202
207		1279.8		1512.84798		1046.75202
208		1319.2		1526.46543		1111.93457
209		1318.2		1525.46543		1110.93457
210		1327.4		1549.54464		1105.25536
211		1326.4		1548.54464		1104.25536
212		1325.4		1547.54464		1103.25536
213		1324.4		1546.54464		1102.25536
214		1333.6		1571.44415		1095.75585
215		1332.6		1570.44415		1094.75585
216		1341.8		1587.64906		1095.95094
217		1361.0		1598.54158		1123.45842
218		1360.0		1597.54158		1122.45842
219		1359.0		1596.54158		1121.45842
220		1358.0		1595.54158		1120.45842
221		1367.2		1619.90489		1114.49511
222		1386.4		1615.38611		1157.41389
223		1395.6		1621.49166		1169.70834
224		1394.6		1620.49166		1168.70834
225		1393.6		1619.49166		1167.70834
226		1422.8		1698.62777		1146.97223
227		1421.8		1697.62777		1145.97223
228		1451.2		1705.53159		1196.86841
229		1450.2		1704.53159		1195.86841
230		1469.6		1745.63304		1193.56696
231		1468.6		1744.63304		1192.56696
232		1467.6		1743.63304		1191.56696
233		1486.8		1744.42174		1229.17826
234		1485.8		1743.42174		1228.17826
235		1525.2		1833.90011		1216.49989
236		1524.2		1832.90011		1215.49989
237		1523.2		1831.90011		1214.49989
238		1522.2		1830.90011		1213.49989
239		1541.4		1887.50149		1195.29851
240		1540.4		1886.50149		1194.29851
241		1589.8		1920.70264		1258.89736
242		1588.8		1919.70264		1257.89736
243		1587.8		1918.70264		1256.89736
244		1637.4		2006.16475		1268.63525
245		1646.6		2009.98718		1283.21282
246		1645.6		2008.98718		1282.21282
247		1644.6		2007.98718		1281.21282
248		1643.6		2006.98718		1280.21282
249		1672.8		2004.54171		1341.05829
250		1692.0		2061.01924		1322.98076
