step	mediator-random_reward_mean	mediator-random_reward_std_up	mediator-random_reward_std_down
1		-1.0		-1.0		-1.0
2		-2.0		-2.0		-2.0
3		-3.0		-3.0		-3.0
4		16.2		56.6		-24.2
5		35.4		84.87969		-14.07969
6		34.4		83.87969		-15.07969
7		33.4		82.87969		-16.07969
8		52.6		133.4		-28.2
9		71.8		147.38148		-3.78148
10		70.8		146.38148		-4.78148
11		90.0		180.33715		-0.33715
12		109.2		184.78148		33.61852
13		128.4		231.40019		25.39981
14		188.0		278.33715		97.66285
15		187.0		277.33715		96.66285
16		206.2		323.98523		88.41477
17		205.2		322.98523		87.41477
18		224.4		375.56296		73.23704
19		223.4		374.56296		72.23704
20		242.6		393.76296		91.43704
21		241.6		392.76296		90.43704
22		240.6		391.76296		89.43704
23		239.6		390.76296		88.43704
24		238.6		389.76296		87.43704
25		257.8		391.79164		123.80836
26		256.8		390.79164		122.80836
27		276.0		418.83557		133.16443
28		295.2		468.96697		121.43303
29		294.2		467.96697		120.43303
30		293.2		466.96697		119.43303
31		292.2		465.96697		118.43303
32		291.2		464.96697		117.43303
33		290.2		463.96697		116.43303
34		289.2		462.96697		115.43303
35		308.4		495.72709		121.07291
36		307.4		494.72709		120.07291
37		306.4		493.72709		119.07291
38		305.4		492.72709		118.07291
39		304.4		491.72709		117.07291
40		303.4		490.72709		116.07291
41		302.4		489.72709		115.07291
42		321.6		529.57173		113.62827
43		320.6		528.57173		112.62827
44		360.0		571.85939		148.14061
45		379.2		585.20039		173.19961
46		398.4		585.72709		211.07291
47		397.4		584.72709		210.07291
48		396.4		583.72709		209.07291
49		415.6		591.69952		239.50048
50		414.6		590.69952		238.50048
51		413.6		589.69952		237.50048
52		412.6		588.69952		236.50048
53		431.8		637.80039		225.79961
54		430.8		636.80039		224.79961
55		450.0		689.00962		210.99038
56		449.0		688.00962		209.99038
57		448.0		687.00962		208.99038
58		447.0		686.00962		207.99038
59		446.0		685.00962		206.99038
60		445.0		684.00962		205.99038
61		464.2		698.03191		230.36809
62		463.2		697.03191		229.36809
63		462.2		696.03191		228.36809
64		481.4		716.97046		245.82954
65		500.6		768.58328		232.61672
66		499.6		767.58328		231.61672
67		518.8		792.80613		244.79387
68		538.0		816.43778		259.56222
69		557.2		845.71371		268.68629
70		596.6		879.4		313.8
71		595.6		878.4		312.8
72		594.6		877.4		311.8
73		593.6		876.4		310.8
74		592.6		875.4		309.8
75		591.6		874.4		308.8
76		590.6		873.4		307.8
77		630.0		915.67114		344.32886
78		629.0		914.67114		343.32886
79		628.0		913.67114		342.32886
80		627.0		912.67114		341.32886
81		646.2		896.87541		395.52459
82		665.4		925.65879		405.14121
83		684.6		936.89792		432.30208
84		683.6		935.89792		431.30208
85		702.8		969.2563		436.3437
86		722.0		1007.67114		436.32886
87		741.2		1022.55344		459.84656
88		760.4		1050.32454		470.47546
89		759.4		1049.32454		469.47546
90		798.8		1107.80058		489.79942
91		797.8		1106.80058		488.79942
92		796.8		1105.80058		487.79942
93		795.8		1104.80058		486.79942
94		794.8		1103.80058		485.79942
95		814.0		1133.39004		494.60996
96		813.0		1132.39004		493.60996
97		812.0		1131.39004		492.60996
98		831.2		1153.13502		509.26498
99		830.2		1152.13502		508.26498
100		869.6		1173.27259		565.92741
101		888.8		1197.80058		579.79942
102		908.0		1227.39004		588.60996
103		927.2		1249.13502		605.26498
104		926.2		1248.13502		604.26498
105		925.2		1247.13502		603.26498
106		924.2		1246.13502		602.26498
107		923.2		1245.13502		601.26498
108		922.2		1244.13502		600.26498
109		961.6		1314.95568		608.24432
110		960.6		1313.95568		607.24432
111		979.8		1354.45419		605.14581
112		978.8		1353.45419		604.14581
113		998.0		1375.9074		620.0926
114		997.0		1374.9074		619.0926
115		1036.4		1383.93394		688.86606
116		1035.4		1382.93394		687.86606
117		1034.4		1381.93394		686.86606
118		1033.4		1380.93394		685.86606
119		1032.4		1379.93394		684.86606
120		1031.4		1378.93394		683.86606
121		1050.6		1409.68305		691.51695
122		1069.8		1391.73502		747.86498
123		1089.0		1420.91987		757.08013
124		1088.0		1419.91987		756.08013
125		1107.2		1402.70052		811.69948
126		1106.2		1401.70052		810.69948
127		1105.2		1400.70052		809.69948
128		1104.2		1399.70052		808.69948
129		1103.2		1398.70052		807.69948
130		1102.2		1397.70052		806.69948
131		1101.2		1396.70052		805.69948
132		1100.2		1395.70052		804.69948
133		1099.2		1394.70052		803.69948
134		1118.4		1378.65879		858.14121
135		1117.4		1377.65879		857.14121
136		1116.4		1376.65879		856.14121
137		1115.4		1375.65879		855.14121
138		1134.6		1361.34444		907.85556
139		1133.6		1360.34444		906.85556
140		1132.6		1359.34444		905.85556
141		1131.6		1358.34444		904.85556
142		1150.8		1401.47541		900.12459
143		1170.0		1409.00962		930.99038
144		1169.0		1408.00962		929.99038
145		1168.0		1407.00962		928.99038
146		1167.0		1406.00962		927.99038
147		1166.0		1405.00962		926.99038
148		1165.0		1404.00962		925.99038
149		1184.2		1418.03191		950.36809
150		1183.2		1417.03191		949.36809
151		1182.2		1416.03191		948.36809
152		1181.2		1415.03191		947.36809
153		1200.4		1435.97046		964.82954
154		1199.4		1434.97046		963.82954
155		1218.6		1416.51877		1020.68123
156		1237.8		1462.73768		1012.86232
157		1297.4		1495.31877		1099.48123
158		1316.6		1514.51877		1118.68123
159		1335.8		1560.73768		1110.86232
160		1334.8		1559.73768		1109.86232
161		1354.0		1584.31544		1123.68456
162		1353.0		1583.31544		1122.68456
163		1372.2		1630.88622		1113.51378
164		1371.2		1629.88622		1112.51378
165		1370.2		1628.88622		1111.51378
166		1369.2		1627.88622		1110.51378
167		1368.2		1626.88622		1109.51378
168		1367.2		1625.88622		1108.51378
169		1406.6		1642.17046		1171.02954
170		1405.6		1641.17046		1170.02954
171		1404.6		1640.17046		1169.02954
172		1403.6		1639.17046		1168.02954
173		1402.6		1638.17046		1167.02954
174		1442.0		1689.39846		1194.60154
175		1441.0		1688.39846		1193.60154
176		1480.4		1724.47753		1236.32247
177		1479.4		1723.47753		1235.32247
178		1478.4		1722.47753		1234.32247
179		1477.4		1721.47753		1233.32247
180		1496.6		1756.85879		1236.34121
181		1515.8		1766.47541		1265.12459
182		1535.0		1806.01144		1263.98856
183		1554.2		1820.6563		1287.7437
184		1553.2		1819.6563		1286.7437
185		1552.2		1818.6563		1285.7437
186		1551.2		1817.6563		1284.7437
187		1570.4		1830.65879		1310.14121
188		1569.4		1829.65879		1309.14121
189		1608.8		1859.47541		1358.12459
190		1607.8		1858.47541		1357.12459
191		1627.0		1874.39846		1379.60154
192		1626.0		1873.39846		1378.60154
193		1645.2		1911.6563		1378.7437
194		1644.2		1910.6563		1377.7437
195		1643.2		1909.6563		1376.7437
196		1682.6		1972.52454		1392.67546
197		1681.6		1971.52454		1391.67546
198		1700.8		1996.30052		1405.29948
199		1699.8		1995.30052		1404.29948
200		1739.2		1989.87541		1488.52459
201		1758.4		2033.89127		1482.90873
202		1757.4		2032.89127		1481.90873
203		1756.4		2031.89127		1480.90873
204		1775.6		2058.4		1492.8
205		1774.6		2057.4		1491.8
206		1773.6		2056.4		1490.8
207		1772.6		2055.4		1489.8
208		1771.6		2054.4		1488.8
209		1770.6		2053.4		1487.8
210		1769.6		2052.4		1486.8
211		1788.8		2062.80613		1514.79387
212		1787.8		2061.80613		1513.79387
213		1786.8		2060.80613		1512.79387
214		1785.8		2059.80613		1511.79387
215		1805.0		2090.67114		1519.32886
216		1804.0		2089.67114		1518.32886
217		1823.2		2104.55344		1541.84656
218		1822.2		2103.55344		1540.84656
219		1841.4		2085.47753		1597.32247
220		1860.6		2128.58328		1592.61672
221		1859.6		2127.58328		1591.61672
222		1878.8		2145.2563		1612.3437
223		1877.8		2144.2563		1611.3437
224		1897.0		2127.31544		1666.68456
225		1896.0		2126.31544		1665.68456
226		1915.2		2111.04627		1719.35373
227		1914.2		2110.04627		1718.35373
228		1913.2		2109.04627		1717.35373
229		1912.2		2108.04627		1716.35373
230		1931.4		2095.50558		1767.29442
231		1930.4		2094.50558		1766.29442
232		1949.6		2086.60307		1812.59693
233		1989.0		2116.75602		1861.24398
234		1988.0		2115.75602		1860.24398
235		2007.2		2141.19164		1873.20836
236		2026.4		2163.40307		1889.39693
237		2025.4		2162.40307		1888.39693
238		2024.4		2161.40307		1887.39693
239		2023.4		2160.40307		1886.39693
240		2042.6		2193.76296		1891.43704
241		2041.6		2192.76296		1890.43704
242		2040.6		2191.76296		1889.43704
243		2039.6		2190.76296		1888.43704
244		2058.8		2207.23908		1910.36092
245		2078.0		2247.00533		1908.99467
246		2097.2		2282.33606		1912.06394
247		2136.6		2287.76296		1985.43704
248		2155.8		2329.56697		1982.03303
249		2154.8		2328.56697		1981.03303
250		2174.0		2354.67429		1993.32571
