step	mediator-random_reward_mean	mediator-random_reward_std_up	mediator-random_reward_std_down
1		0.0		0.0		0.0
2		10.0		30.0		-10.0
3		100.0		163.24555		36.75445
4		160.0		180.0		140.0
5		250.0		313.24555		186.75445
6		280.0		347.8233		212.1767
7		400.0		463.24555		336.75445
8		430.0		497.8233		362.1767
9		520.0		636.61904		403.38096
10		580.0		647.8233		512.1767
11		640.0		751.35529		528.64471
12		700.0		763.24555		636.75445
13		760.0		856.9536		663.0464
14		820.0		936.61904		703.38096
15		880.0		1030.33296		729.66704
16		970.0		1086.61904		853.38096
17		1030.0		1180.33296		879.66704
18		1060.0		1156.9536		963.0464
19		1180.0		1330.33296		1029.66704
20		1210.0		1306.9536		1113.0464
21		1270.0		1430.0		1110.0
22		1360.0		1456.9536		1263.0464
23		1390.0		1514.09674		1265.90326
24		1480.0		1596.61904		1363.38096
25		1540.0		1664.09674		1415.90326
26		1630.0		1746.61904		1513.38096
27		1690.0		1814.09674		1565.90326
28		1750.0		1908.11388		1591.88612
29		1810.0		1984.35596		1635.64404
30		1900.0		2058.11388		1741.88612
31		1960.0		2134.35596		1785.64404
32		2020.0		2228.80613		1811.19387
33		2080.0		2266.01075		1893.98925
34		2170.0		2378.80613		1961.19387
35		2230.0		2416.01075		2043.98925
36		2320.0		2528.80613		2111.19387
37		2350.0		2508.11388		2191.88612
38		2470.0		2678.80613		2261.19387
39		2500.0		2658.11388		2341.88612
40		2590.0		2788.49433		2391.50567
41		2650.0		2808.11388		2491.88612
42		2710.0		2900.78784		2519.21216
43		2800.0		2958.11388		2641.88612
44		2860.0		3050.78784		2669.21216
45		2920.0		3070.33296		2769.66704
46		2980.0		3173.90719		2786.09281
47		3070.0		3220.33296		2919.66704
48		3130.0		3323.90719		2936.09281
49		3220.0		3370.33296		3069.66704
50		3280.0		3473.90719		3086.09281
51		3310.0		3466.20499		3153.79501
52		3430.0		3623.90719		3236.09281
53		3460.0		3616.20499		3303.79501
54		3550.0		3764.47611		3335.52389
55		3610.0		3766.20499		3453.79501
56		3700.0		3914.47611		3485.52389
57		3730.0		3923.90719		3536.09281
58		3850.0		4064.47611		3635.52389
59		3880.0		4073.90719		3686.09281
60		4000.0		4214.47611		3785.52389
61		4030.0		4223.90719		3836.09281
62		4120.0		4335.87033		3904.12967
63		4120.0		4335.87033		3904.12967
64		4270.0		4485.87033		4054.12967
65		4270.0		4485.87033		4054.12967
66		4390.0		4603.07276		4176.92724
67		4390.0		4603.07276		4176.92724
68		4480.0		4728.19347		4231.80653
69		4540.0		4753.07276		4326.92724
70		4600.0		4792.35384		4407.64616
71		4690.0		4903.07276		4476.92724
72		4750.0		4942.35384		4557.64616
73		4840.0		5053.07276		4626.92724
74		4900.0		5092.35384		4707.64616
75		4960.0		5186.71568		4733.28432
76		5050.0		5242.35384		4857.64616
77		5080.0		5328.19347		4831.80653
78		5200.0		5392.35384		5007.64616
79		5200.0		5392.35384		5007.64616
80		5350.0		5542.35384		5157.64616
81		5350.0		5542.35384		5157.64616
82		5470.0		5663.90719		5276.09281
83		5500.0		5692.35384		5307.64616
84		5590.0		5803.07276		5376.92724
85		5620.0		5813.90719		5426.09281
86		5680.0		5849.11535		5510.88465
87		5740.0		5875.6466		5604.3534
88		5830.0		5999.11535		5660.88465
89		5860.0		6016.20499		5703.79501
90		5920.0		6070.33296		5769.66704
91		6010.0		6166.20499		5853.79501
92		6040.0		6205.52945		5874.47055
93		6130.0		6299.11535		5960.88465
94		6190.0		6355.52945		6024.47055
95		6250.0		6442.35384		6057.64616
96		6340.0		6505.52945		6174.47055
97		6400.0		6592.35384		6207.64616
98		6460.0		6642.75667		6277.24333
99		6520.0		6735.87033		6304.12967
100		6610.0		6792.75667		6427.24333
101		6640.0		6873.23808		6406.76192
102		6730.0		6899.11535		6560.88465
103		6790.0		7023.23808		6556.76192
104		6880.0		7049.11535		6710.88465
105		6940.0		7173.23808		6706.76192
106		7000.0		7192.35384		6807.64616
107		7090.0		7323.23808		6856.76192
108		7120.0		7335.87033		6904.12967
109		7240.0		7473.23808		7006.76192
110		7270.0		7485.87033		7054.12967
111		7390.0		7623.23808		7156.76192
112		7420.0		7635.87033		7204.12967
113		7480.0		7688.80613		7271.19387
114		7510.0		7708.49433		7311.50567
115		7600.0		7834.52079		7365.47921
116		7660.0		7858.49433		7461.50567
117		7720.0		7935.87033		7504.12967
118		7780.0		8009.3469		7550.6531
119		7840.0		8091.79357		7588.20643
120		7900.0		8170.18512		7629.81488
121		7990.0		8241.79357		7738.20643
122		8020.0		8291.2932		7748.7068
123		8110.0		8405.63491		7814.36509
124		8140.0		8391.79357		7888.20643
125		8230.0		8517.40216		7942.59784
126		8290.0		8541.79357		8038.20643
127		8350.0		8641.54759		8058.45241
128		8440.0		8691.79357		8188.20643
129		8470.0		8712.07437		8227.92563
130		8560.0		8765.9126		8354.0874
131		8620.0		8862.07437		8377.92563
132		8650.0		8908.84358		8391.15642
133		8740.0		9030.51678		8449.48322
134		8770.0		9077.57113		8462.42887
135		8860.0		9111.79357		8608.20643
136		8920.0		9227.57113		8612.42887
137		9010.0		9261.79357		8758.20643
138		9040.0		9330.51678		8749.48322
139		9130.0		9372.07437		8887.92563
140		9190.0		9480.51678		8899.48322
141		9280.0		9522.07437		9037.92563
142		9340.0		9630.51678		9049.48322
143		9400.0		9696.64794		9103.35206
144		9490.0		9780.51678		9199.48322
145		9550.0		9846.64794		9253.35206
146		9610.0		9952.63683		9267.36317
147		9700.0		9996.64794		9403.35206
148		9730.0		10065.55923		9394.44077
149		9820.0		10112.57478		9527.42522
150		9880.0		10215.55923		9544.44077
151		9940.0		10230.51678		9649.48322
152		10000.0		10296.64794		9703.35206
153		10090.0		10380.51678		9799.48322
154		10120.0		10417.65752		9822.34248
155		10210.0		10510.66593		9909.33407
156		10270.0		10567.65752		9972.34248
157		10360.0		10660.66593		10059.33407
158		10390.0		10680.51678		10099.48322
159		10480.0		10772.57478		10187.42522
160		10540.0		10830.51678		10249.48322
161		10600.0		10846.98178		10353.01822
162		10690.0		10980.51678		10399.48322
163		10750.0		10996.98178		10503.01822
164		10840.0		11130.51678		10549.48322
165		10900.0		11146.98178		10653.01822
166		10990.0		11280.51678		10699.48322
167		11050.0		11296.98178		10803.01822
168		11140.0		11430.51678		10849.48322
169		11170.0		11467.65752		10872.34248
170		11290.0		11580.51678		10999.48322
171		11320.0		11617.65752		11022.34248
172		11410.0		11752.63683		11067.36317
173		11440.0		11730.51678		11149.48322
174		11560.0		11902.63683		11217.36317
175		11590.0		11880.51678		11299.48322
176		11710.0		12052.63683		11367.36317
177		11740.0		12030.51678		11449.48322
178		11860.0		12202.63683		11517.36317
179		11890.0		12180.51678		11599.48322
180		12010.0		12352.63683		11667.36317
181		12040.0		12330.51678		11749.48322
182		12130.0		12465.55923		11794.44077
183		12190.0		12480.51678		11899.48322
184		12280.0		12615.55923		11944.44077
185		12340.0		12630.51678		12049.48322
186		12430.0		12765.55923		12094.44077
187		12490.0		12780.51678		12199.48322
188		12580.0		12915.55923		12244.44077
189		12610.0		12952.63683		12267.36317
190		12700.0		13039.1165		12360.8835
191		12730.0		13078.71192		12381.28808
192		12850.0		13189.1165		12510.8835
193		12880.0		13228.71192		12531.28808
194		12970.0		13267.65752		12672.34248
195		13030.0		13378.71192		12681.28808
196		13090.0		13380.51678		12799.48322
197		13180.0		13528.71192		12831.28808
198		13240.0		13530.51678		12949.48322
199		13330.0		13678.71192		12981.28808
200		13390.0		13680.51678		13099.48322
201		13480.0		13828.71192		13131.28808
202		13540.0		13830.51678		13249.48322
203		13600.0		13911.44823		13288.55177
204		13690.0		13980.51678		13399.48322
205		13720.0		14017.65752		13422.34248
206		13810.0		14095.30685		13524.69315
207		13870.0		14167.65752		13572.34248
208		13960.0		14245.30685		13674.69315
209		13960.0		14245.30685		13674.69315
210		14080.0		14322.07437		13837.92563
211		14110.0		14395.30685		13824.69315
212		14230.0		14472.07437		13987.92563
213		14260.0		14545.30685		13974.69315
214		14380.0		14622.07437		14137.92563
215		14410.0		14695.30685		14124.69315
216		14530.0		14772.07437		14287.92563
217		14560.0		14845.30685		14274.69315
218		14650.0		14896.98178		14403.01822
219		14710.0		14995.30685		14424.69315
220		14770.0		15067.65752		14472.34248
221		14830.0		15122.57478		14537.42522
222		14920.0		15217.65752		14622.34248
223		14980.0		15272.57478		14687.42522
224		15040.0		15330.51678		14749.48322
225		15130.0		15422.57478		14837.42522
226		15190.0		15480.51678		14899.48322
227		15280.0		15572.57478		14987.42522
228		15310.0		15595.30685		15024.69315
229		15370.0		15662.57478		15077.42522
230		15430.0		15717.40216		15142.59784
231		15490.0		15823.76639		15156.23361
232		15520.0		15812.57478		15227.42522
233		15580.0		15867.40216		15292.59784
234		15640.0		15940.66593		15339.33407
235		15730.0		16017.40216		15442.59784
236		15790.0		16090.66593		15489.33407
237		15880.0		16167.40216		15592.59784
238		15910.0		16155.76411		15664.23589
239		16030.0		16317.40216		15742.59784
240		16060.0		16305.76411		15814.23589
241		16150.0		16441.54759		15858.45241
242		16180.0		16434.1653		15925.8347
243		16300.0		16591.54759		16008.45241
244		16330.0		16584.1653		16075.8347
245		16450.0		16741.54759		16158.45241
246		16480.0		16734.1653		16225.8347
247		16600.0		16891.54759		16308.45241
248		16630.0		16884.1653		16375.8347
249		16750.0		17041.54759		16458.45241
250		16780.0		17034.1653		16525.8347
