step	mediator-random_inst_loss_mean	mediator-random_inst_loss_std_up	mediator-random_inst_loss_std_down
1		73.0347		157.37286		-11.30346
2		23.19442		111.97144		-65.58259
3		32.08641		125.21831		-61.04548
4		46.68841		113.71017		-20.33334
5		41.7667		109.4735		-25.94009
6		34.74121		106.01152		-36.5291
7		35.79343		112.15198		-40.56511
8		58.74579		154.20881		-36.71722
9		72.90617		147.86281		-2.05047
10		69.36434		145.96746		-7.23877
11		63.79135		144.42621		-16.84351
12		57.92505		142.80385		-26.95375
13		51.74999		141.09609		-37.59611
14		63.69742		161.7963		-34.40146
15		59.67092		164.08289		-44.74105
16		53.58775		163.49508		-56.31959
17		47.18441		162.87634		-68.50752
18		40.44406		162.22504		-81.33692
19		51.79644		158.45191		-54.85903
20		47.14357		157.7277		-63.44057
21		68.84855		151.99556		-14.29845
22		65.09317		151.3594		-21.17307
23		77.74287		142.17943		13.30631
24		74.4556		140.23257		8.67863
25		69.15057		138.38949		-0.08835
26		82.01382		143.55861		20.46903
27		107.39883		134.37373		80.42393
28		105.67241		134.03177		77.31304
29		102.01037		131.86233		72.15841
30		106.60308		135.85332		77.35284
31		104.83477		136.40895		73.26059
32		101.12865		134.36463		67.89266
33		97.22746		132.21271		62.24222
34		93.12095		129.94753		56.29438
35		88.79831		127.56313		50.0335
36		84.24816		125.05323		43.44309
37		79.45853		122.41123		36.50583
38		74.41681		119.63019		29.20344
39		69.10974		116.70277		21.51672
40		63.52336		113.62127		13.42544
41		57.64295		110.3776		4.90829
42		51.45304		106.9632		-4.05712
43		73.38484		144.6748		2.09488
44		69.8682		147.197		-7.46059
45		64.32173		145.72047		-17.077
46		58.48334		144.16622		-27.19953
47		70.78516		137.12319		4.44713
48		67.1317		135.24934		-0.98594
49		79.88869		144.38721		15.39017
50		76.71436		145.00124		8.42749
51		71.52822		143.40914		-0.35271
52		66.06911		141.73324		-9.59501
53		60.32269		139.96914		-19.32376
54		54.27383		138.1122		-29.56454
55		47.9066		136.15752		-40.34432
56		59.65174		148.11056		-28.80707
57		83.8598		129.34573		38.37388
58		80.89448		126.40845		35.38051
59		75.92834		123.83778		28.0189
60		70.70082		121.13181		20.26984
61		65.19818		118.28343		12.11293
62		59.40592		115.28513		3.5267
63		53.3088		112.12902		-5.51142
64		46.89078		108.8068		-15.02524
65		40.13497		105.30973		-25.03979
66		33.02359		101.62861		-35.58142
67		25.53793		97.75373		-46.67787
68		36.10578		110.22773		-38.01617
69		30.62709		109.45959		-48.20541
70		41.46278		131.76362		-48.83805
71		36.26604		132.83506		-60.30298
72		47.39852		122.90754		-28.11049
73		60.96168		125.37753		-3.45417
74		56.79119		124.32747		-10.74509
75		50.55646		121.64728		-20.53437
76		62.44107		111.37439		13.50774
77		58.34844		108.0741		8.62279
78		52.19567		104.53846		-0.14713
79		82.61404		128.03348		37.19461
80		89.87539		142.52973		37.22105
81		87.22668		144.08213		30.37123
82		82.59381		142.44165		22.74597
83		77.71711		140.71484		14.71939
84		72.58374		138.89714		6.27035
85		67.1802		136.98377		-2.62338
86		61.49225		134.9697		-11.9852
87		55.50494		132.84962		-21.83974
88		49.20251		130.61796		-32.21294
89		42.56837		128.26885		-43.13211
90		72.48004		121.39082		23.56927
91		79.20803		126.79333		31.62272
92		75.99787		125.94108		26.05467
93		70.77402		123.34581		18.20222
94		65.27522		120.61395		9.93649
95		59.48702		117.73831		1.23572
96		53.39417		114.71132		-7.92299
97		46.98064		111.52501		-17.56373
98		40.22956		108.17101		-27.71188
99		41.57065		115.00952		-31.86822
100		36.37959		114.60475		-41.84558
101		37.51804		124.76218		-49.72609
102		32.11368		125.40975		-61.18238
103		24.58013		122.78652		-73.62625
104		16.65008		120.02522		-86.72506
105		8.30266		117.11859		-100.51328
106		16.41087		131.36562		-98.54388
107		11.74035		133.32476		-109.84406
108		31.58201		163.81479		-100.65077
109		25.86523		166.16695		-114.4365
110		18.00281		165.68884		-129.68322
111		38.17407		137.13423		-60.78609
112		32.80424		133.32522		-67.71674
113		25.30703		131.11859		-80.50452
114		17.41524		128.79582		-93.96535
115		37.55557		99.1902		-24.07905
116		32.15319		93.51124		-29.20487
117		24.62171		89.20914		-39.96572
118		16.69385		84.68062		-51.29292
119		36.79622		61.49741		12.09502
120		31.35387		55.90359		6.80414
121		23.78032		49.62214		-2.06149
122		15.80818		43.01009		-11.39373
123		24.31142		59.91983		-11.29699
124		38.50421		76.74037		0.26805
125		41.59924		87.19284		-3.99436
126		36.40968		85.96744		-13.14808
127		37.54972		87.57856		-12.47912
128		32.14703		85.08377		-20.78972
129		24.61523		80.33812		-31.10766
130		35.13451		111.65852		-41.38949
131		29.6047		112.66922		-53.45982
132		21.9391		109.37544		-65.49723
133		13.87005		105.90829		-78.1682
134		42.27128		112.54091		-27.99834
135		38.96184		111.33843		-33.41475
136		31.78872		107.9746		-44.39716
137		42.68555		99.4416		-14.07049
138		37.55317		95.76182		-20.65548
139		30.3059		91.57817		-30.96636
140		31.1247		91.09125		-28.84186
141		43.83133		94.25997		-6.5973
142		38.75925		91.94061		-14.42212
143		31.57546		87.55585		-24.40492
144		24.01359		82.9403		-34.91313
145		34.5012		78.23393		-9.23152
146		28.93806		74.46161		-16.58549
147		29.68486		68.54574		-9.17602
148		23.86823		63.51464		-15.77819
149		15.9007		57.63378		-25.83237
150		25.96133		73.41709		-21.49443
151		28.39621		77.84793		-21.05551
152		22.51175		74.79524		-29.77174
153		68.26279		134.16457		2.361
154		70.01082		142.74099		-2.71935
155		64.47185		141.02993		-12.08622
156		77.08885		160.36103		-6.18333
157		73.76717		162.57366		-15.03933
158		68.4259		161.90643		-25.05462
159		62.80352		161.20408		-35.59703
160		56.88523		160.46476		-46.6943
161		50.65544		159.68653		-58.37564
162		44.09777		158.86733		-70.67179
163		37.19496		158.00503		-83.6151
164		29.92885		157.09734		-97.23964
165		22.28031		156.14188		-111.58126
166		14.22921		155.13613		-126.6777
167		14.20186		145.74959		-117.34586
168		16.01782		154.27903		-122.24338
169		9.48187		156.03247		-137.06873
170		19.20466		136.72916		-98.31984
171		12.83643		132.87801		-107.20514
172		4.28829		130.64785		-122.07127
173		13.73774		110.15292		-82.67744
174		7.08178		104.92495		-90.76139
175		6.67825		113.07816		-99.72167
176		-0.34926		112.73126		-113.42978
177		18.8561		81.57798		-43.86577
178		12.46953		74.87942		-49.94036
179		12.34957		84.35282		-59.65368
180		14.06804		76.05237		-47.9163
181		25.87696		94.1913		-42.43739
182		19.85991		93.44997		-53.73016
183		11.68142		89.14465		-65.78181
184		11.51998		102.31511		-79.27516
185		13.19478		111.74295		-85.35338
186		6.51025		110.77142		-97.75093
187		-2.37085		107.37776		-112.11946
188		-11.71938		103.80547		-127.24422
189		-13.11244		112.30913		-138.53401
190		-2.73408		97.40064		-102.86879
191		-10.25697		92.00098		-112.51493
192		8.42693		75.03166		-58.17779
193		28.38644		97.81593		-41.04305
194		24.34621		100.3139		-51.62147
195		16.40385		96.36984		-63.56214
196		8.04347		92.21819		-76.13126
197		7.69055		86.15737		-70.77627
198		0.71632		81.41377		-79.98112
199		-8.46972		76.47496		-93.4144
200		-18.13924		71.27621		-107.55469
201		-28.31768		65.80384		-122.43921
202		-39.03183		60.04346		-138.10712
203		-13.4149		67.59937		-94.42918
204		-19.6552		64.3312		-103.6416
205		-11.46594		76.76642		-99.6983
206		-19.4484		74.25134		-113.14814
207		-2.80077		73.44076		-79.0423
208		-8.48243		69.3822		-86.34705
209		-18.15262		63.81015		-100.11538
210		-9.88427		87.84162		-107.61016
211		10.664		112.61592		-91.28793
212		3.84626		112.07294		-104.38041
213		21.71993		104.51991		-61.08004
214		17.32884		100.20213		-65.54445
215		27.46463		105.30869		-50.37943
216		29.97863		96.64843		-36.69117
217		42.62494		116.96391		-31.71402
218		37.48937		117.42631		-42.44757
219		48.68624		136.64135		-39.26888
220		43.86967		137.66625		-49.9269
221		36.95486		135.6881		-61.77838
222		29.67611		133.60583		-74.25362
223		22.01426		131.41397		-87.38545
224		13.94916		129.10676		-101.20843
225		5.45959		126.6781		-115.75893
226		24.97068		99.74665		-49.80529
227		27.35342		110.17686		-55.47003
228		21.41408		110.55737		-67.72922
229		13.31739		107.15244		-80.51766
230		4.79456		103.5683		-93.97918
231		4.27065		114.51249		-105.9712
232		-2.88358		114.82016		-120.58731
233		24.63589		107.96057		-58.68879
234		20.39827		104.32316		-63.52663
235		20.69561		94.37909		-52.98788
236		14.40585		88.8979		-60.0862
237		5.94031		84.353		-72.47238
238		-2.97079		79.56888		-85.51046
239		6.0966		66.30537		-54.11217
240		-0.96152		60.36225		-62.28529
241		8.21162		62.75874		-46.33551
242		1.26481		58.95633		-56.4267
243		10.55513		70.42962		-49.31937
244		12.17915		77.54976		-53.19146
245		5.44117		75.08192		-64.19958
246		14.95136		51.36215		-21.45943
247		8.35988		42.99783		-26.27807
248		-0.43178		36.02922		-36.89278
249		-9.595		28.785		-47.975
250		0.0		0.0		0.0
