step	mediator-random_cov_err_sq_T_mean	mediator-random_cov_err_sq_T_std_up	mediator-random_cov_err_sq_T_std_down
1		14.67		14.67		14.67
2		14.07		14.07		14.07
3		14.07		14.07		14.07
4		14.07		14.07		14.07
5		14.07		14.07		14.07
6		14.07		14.07		14.07
7		14.06778		14.07222		14.06333
8		13.90778		14.23222		13.58333
9		13.90673		14.23327		13.5802
10		13.9023		14.22791		13.57668
11		13.7381		14.1365		13.3397
12		13.578		13.97972		13.17628
13		13.58074		13.98025		13.18124
14		13.5809		13.98028		13.18152
15		13.5802		13.98013		13.18028
16		13.57981		13.98005		13.17957
17		13.57619		13.9724		13.17997
18		13.41613		13.74307		13.0892
19		13.41628		13.74314		13.08943
20		13.41575		13.74288		13.08863
21		13.41589		13.74295		13.08884
22		13.41602		13.74302		13.08903
23		13.41511		13.74256		13.08765
24		13.41406		13.74203		13.08609
25		13.41463		13.74232		13.08694
26		13.41473		13.74237		13.0871
27		13.4147		13.74235		13.08706
28		13.41473		13.74237		13.08709
29		13.41596		13.74299		13.08893
30		13.41607		13.74305		13.0891
31		13.41899		13.74454		13.09343
32		13.41873		13.74442		13.09303
33		13.41809		13.74408		13.09209
34		13.41799		13.74402		13.09197
35		13.41755		13.74379		13.09131
36		13.41707		13.74355		13.0906
37		13.41668		13.74335		13.09001
38		13.41636		13.74319		13.08953
39		13.41686		13.74343		13.09029
40		13.4167		13.74335		13.09004
41		13.41642		13.74321		13.08962
42		13.41545		13.74273		13.08817
43		13.41521		13.74261		13.08782
44		13.41505		13.74253		13.08757
45		13.41492		13.74246		13.08739
46		13.41558		13.74279		13.08836
47		13.4157		13.74286		13.08855
48		13.41614		13.74307		13.08921
49		13.41602		13.74301		13.08903
50		13.41581		13.74291		13.08871
51		13.41563		13.74282		13.08844
52		13.41548		13.74274		13.08822
53		13.41536		13.74268		13.08804
54		13.41526		13.74263		13.08789
55		13.41518		13.74259		13.08777
56		13.41512		13.74256		13.08768
57		13.41456		13.74228		13.08684
58		13.41493		13.74246		13.08739
59		13.41406		13.73888		13.08923
60		13.25402		13.25893		13.24911
61		13.25394		13.25892		13.24897
62		13.25388		13.25892		13.24884
63		13.25285		13.25599		13.24971
64		13.2528		13.25596		13.24963
65		13.25279		13.25603		13.24954
66		13.2536		13.25658		13.25062
67		13.25368		13.25668		13.25067
68		13.25385		13.2572		13.2505
69		13.25383		13.25723		13.25043
70		13.25426		13.25753		13.25098
71		13.25423		13.25749		13.25097
72		13.25481		13.25833		13.25128
73		13.25479		13.25833		13.25126
74		13.25551		13.25983		13.25119
75		13.25551		13.25985		13.25117
76		13.25589		13.25984		13.25194
77		13.25581		13.25957		13.25204
78		13.25494		13.25775		13.25212
79		13.25477		13.25736		13.25218
80		13.25578		13.25974		13.25183
81		13.25583		13.25977		13.25189
82		13.25563		13.25929		13.25198
83		13.25546		13.25885		13.25206
84		13.25513		13.25853		13.25173
85		13.25496		13.2582		13.25173
86		13.25482		13.25791		13.25173
87		13.25469		13.25765		13.25172
88		13.25457		13.25744		13.25169
89		13.25565		13.25916		13.25214
90		13.2557		13.2592		13.25221
91		13.255		13.25797		13.25202
92		13.25483		13.25759		13.25208
93		13.25471		13.25726		13.25215
94		13.25459		13.25697		13.2522
95		13.25448		13.25672		13.25223
96		13.25438		13.25651		13.25225
97		13.25455		13.25759		13.25151
98		13.25453		13.25758		13.25147
99		13.25484		13.25766		13.25202
100		13.25546		13.25914		13.25178
101		13.25545		13.25911		13.25178
102		13.25589		13.26083		13.25094
103		13.25586		13.26081		13.25091
104		13.25527		13.25991		13.25062
105		13.25525		13.25977		13.25074
106		13.25515		13.25942		13.25089
107		13.25501		13.25901		13.251
108		13.25535		13.25926		13.25144
109		13.25492		13.25869		13.25115
110		13.25543		13.26007		13.25078
111		13.2554		13.25998		13.25081
112		13.25524		13.25955		13.25094
113		13.2551		13.25913		13.25106
114		13.25482		13.25875		13.25089
115		13.25491		13.25898		13.25084
116		13.25475		13.25873		13.25077
117		13.25461		13.25836		13.25085
118		13.25431		13.258		13.25062
119		13.25417		13.25766		13.25067
120		13.25404		13.25735		13.25074
121		13.25393		13.25705		13.2508
122		13.25382		13.25677		13.25086
123		13.25422		13.25781		13.25063
124		13.2542		13.25776		13.25064
125		13.25409		13.25747		13.25071
126		13.25399		13.2572		13.25078
127		13.25389		13.25695		13.25084
128		13.2538		13.25671		13.2509
129		13.25406		13.2569		13.25121
130		13.25394		13.25677		13.25111
131		13.25384		13.25655		13.25114
132		13.25376		13.25634		13.25117
133		13.254		13.25675		13.25126
134		13.25397		13.25666		13.25128
135		13.25431		13.2573		13.25131
136		13.25428		13.25724		13.25131
137		13.25417		13.25702		13.25133
138		13.25445		13.25744		13.25146
139		13.25453		13.2579		13.25116
140		13.25452		13.25778		13.25127
141		13.25442		13.25751		13.25133
142		13.2546		13.2584		13.25079
143		13.25455		13.25834		13.25076
144		13.25443		13.25806		13.2508
145		13.25517		13.25959		13.25075
146		13.25519		13.2596		13.25077
147		13.25506		13.25929		13.25082
148		13.25545		13.26038		13.25052
149		13.25541		13.26033		13.2505
150		13.25539		13.26028		13.25049
151		13.2553		13.26003		13.25057
152		13.25517		13.25971		13.25064
153		13.25521		13.25992		13.25051
154		13.25514		13.25971		13.25057
155		13.25482		13.2593		13.25034
156		13.25469		13.25898		13.25039
157		13.25442		13.25863		13.2502
158		13.25429		13.25834		13.25025
159		13.25419		13.25805		13.25032
160		13.25408		13.25778		13.25039
161		13.25398		13.25751		13.25044
162		13.25429		13.25831		13.25027
163		13.25426		13.25823		13.25028
164		13.25452		13.25854		13.25049
165		13.25447		13.25838		13.25056
166		13.25478		13.25918		13.25038
167		13.25515		13.25972		13.25059
168		13.25541		13.26065		13.25018
169		13.25583		13.26126		13.2504
170		13.25577		13.26105		13.25048
171		13.25609		13.2619		13.25028
172		13.25603		13.26179		13.25028
173		13.25589		13.26145		13.25033
174		13.25557		13.26104		13.2501
175		13.25542		13.26071		13.25014
176		13.25518		13.26038		13.24998
177		13.25504		13.26007		13.25001
178		13.255		13.25978		13.25022
179		13.25489		13.2595		13.25028
180		13.25477		13.25922		13.25032
181		13.25441		13.25887		13.24995
182		13.25428		13.2586		13.24996
183		13.25405		13.2583		13.2498
184		13.25424		13.25861		13.24988
185		13.25419		13.25846		13.24992
186		13.2545		13.25891		13.25008
187		13.25445		13.25878		13.25013
188		13.25434		13.25852		13.25016
189		13.25423		13.25827		13.25019
190		13.25412		13.25802		13.25023
191		13.25402		13.25778		13.25026
192		13.25392		13.25755		13.25029
193		13.25374		13.25732		13.25017
194		13.25365		13.2571		13.25019
195		13.25344		13.25685		13.25004
196		13.25335		13.25664		13.25005
197		13.25326		13.25644		13.25009
198		13.25318		13.25624		13.25012
199		13.2531		13.25605		13.25015
200		13.2533		13.25652		13.25009
201		13.25327		13.25644		13.2501
202		13.25339		13.25679		13.24998
203		13.25335		13.2567		13.25
204		13.25327		13.2565		13.25003
205		13.25319		13.25631		13.25006
206		13.25311		13.25613		13.2501
207		13.25304		13.25595		13.25013
208		13.25328		13.2564		13.25016
209		13.25325		13.25632		13.25018
210		13.25343		13.25667		13.2502
211		13.2534		13.25658		13.25022
212		13.25333		13.2564		13.25025
213		13.25325		13.25622		13.25028
214		13.25318		13.25605		13.25032
215		13.25337		13.25648		13.25027
216		13.25335		13.25641		13.25028
217		13.25328		13.25624		13.25032
218		13.25314		13.25606		13.25022
219		13.25295		13.25584		13.25007
220		13.25288		13.25567		13.25009
221		13.25277		13.25551		13.25002
222		13.2527		13.25536		13.25004
223		13.25264		13.25521		13.25007
224		13.25283		13.25567		13.24998
225		13.25281		13.25563		13.24998
226		13.25275		13.25548		13.25002
227		13.25269		13.25534		13.25005
228		13.25264		13.2552		13.25008
229		13.25302		13.25602		13.25003
230		13.25303		13.25602		13.25004
231		13.25308		13.2562		13.24996
232		13.253		13.2561		13.24989
233		13.25293		13.25594		13.24992
234		13.25287		13.25579		13.24995
235		13.25281		13.25564		13.24999
236		13.25276		13.25549		13.25002
237		13.25267		13.25535		13.24998
238		13.25261		13.25521		13.25001
239		13.25256		13.25508		13.25004
240		13.25251		13.25495		13.25007
241		13.25244		13.25482		13.25005
242		13.25239		13.2547		13.25007
243		13.25234		13.25458		13.2501
244		13.25229		13.25446		13.25013
245		13.25225		13.25435		13.25015
246		13.25241		13.25473		13.25008
247		13.25255		13.255		13.2501
248		13.25253		13.25493		13.25013
249		13.25248		13.25481		13.25015
250		13.25244		13.2547		13.25018
