step	mediator-random_cum_inst_loss_mean	mediator-random_cum_inst_loss_std_up	mediator-random_cum_inst_loss_std_down
1		924.59423		1188.51737		660.67109
2		1854.90394		2396.37055		1313.43733
3		2730.29605		3529.5033		1931.0888
4		3553.41439		4620.62153		2486.20724
5		4321.50771		5677.17747		2965.83796
6		5031.67997		6719.75882		3343.60113
7		5680.88269		7740.63017		3621.13521
8		6284.35442		8691.77211		3876.93674
9		6854.63806		9580.13883		4129.13729
10		7386.29735		10404.97679		4367.61791
11		7908.85195		11193.74945		4623.95445
12		8419.97792		12019.07376		4820.88208
13		8887.52124		12790.71183		4984.33064
14		9279.48032		13464.37018		5094.59046
15		9602.16928		14043.63284		5160.70573
16		9876.8921		14525.92248		5227.86172
17		10128.98726		14984.75865		5273.21587
18		10355.41908		15413.79355		5297.04461
19		10554.83685		15813.10916		5296.56454
20		10757.3713		16232.04712		5282.69549
21		10929.78921		16635.29753		5224.28088
22		11072.35023		17021.60012		5123.10034
23		11151.93045		17307.16146		4996.69943
24		11195.50732		17478.86284		4912.15179
25		11214.58318		17584.63771		4844.52866
26		11257.57629		17691.63793		4823.51464
27		11313.90068		17821.30314		4806.49821
28		11365.81051		17951.8122		4779.80883
29		11439.67619		18080.41431		4798.93808
30		11478.49803		18122.66923		4834.32683
31		11511.98413		18163.00631		4860.96194
32		11538.00891		18196.41744		4879.60037
33		11556.17967		18222.55632		4889.80301
34		11612.97801		18297.23973		4928.71629
35		11667.2315		18371.1314		4963.3316
36		11715.11669		18439.8905		4990.34288
37		11756.29841		18503.26666		5009.33017
38		11790.42385		18560.99812		5019.84958
39		11817.12162		18612.81127		5021.43196
40		11836.00078		18658.42019		5013.58138
41		11846.64985		18697.52614		4995.77355
42		11877.08313		18728.12011		5026.04615
43		11901.73917		18751.27153		5052.20681
44		11918.46916		18766.72588		5070.21243
45		11926.85592		18774.11153		5079.60031
46		11934.90784		18784.54472		5085.27096
47		11936.00455		18789.36874		5082.64035
48		11944.83021		18807.30776		5082.35265
49		11967.03362		18870.38828		5063.67896
50		12011.47413		18929.1915		5093.75675
51		12059.3221		18991.81319		5126.83101
52		12102.30939		19051.10756		5153.51122
53		12138.33543		19104.78826		5171.88259
54		12167.03383		19152.60857		5181.45908
55		12216.46641		19193.19626		5239.73656
56		12261.12172		19227.34347		5294.89996
57		12298.90356		19254.86707		5342.94004
58		12329.45017		19275.50913		5383.39121
59		12352.38076		19289.00824		5415.75328
60		12367.29447		19295.10036		5439.48858
61		12402.21687		19286.14054		5518.29319
62		12450.04577		19312.73415		5587.35739
63		12493.01299		19336.23021		5649.79577
64		12529.0179		19351.95202		5706.08378
65		12557.69406		19359.5155		5755.87262
66		12578.65575		19358.51946		5798.79204
67		12591.49694		19348.545		5834.44887
68		12595.79024		19329.15512		5862.42535
69		12599.53324		19312.66385		5886.40264
70		12596.09425		19289.40367		5902.78484
71		12583.25052		19256.30454		5910.19649
72		12560.50705		19212.92058		5908.09352
73		12527.34282		19158.79111		5895.89453
74		12520.10433		19162.48819		5877.72048
75		12535.39812		19209.53514		5861.2611
76		12544.11784		19254.39045		5833.84523
77		12544.07275		19294.22127		5793.92423
78		12563.24904		19331.25276		5795.24531
79		12594.50309		19404.79464		5784.21155
80		12648.47059		19466.09548		5830.8457
81		12697.89949		19521.80219		5873.99678
82		12759.15365		19612.40308		5905.90421
83		12844.70021		19689.40857		5999.99184
84		12927.37022		19760.70469		6094.03575
85		13005.16754		19826.91943		6183.41566
86		13077.83572		19887.82968		6267.84175
87		13145.10479		19943.20569		6347.00389
88		13225.13808		20031.46706		6418.80911
89		13302.00466		20119.21353		6484.79578
90		13373.6931		20202.55332		6544.83287
91		13439.93087		20281.27484		6598.5869
92		13500.4311		20355.15738		6645.70482
93		13554.8918		20423.97077		6685.81283
94		13639.89009		20485.21941		6794.56077
95		13723.82773		20542.55651		6905.09895
96		13802.95939		20594.04764		7011.87115
97		13877.03214		20639.4289		7114.63538
98		13945.7797		20678.42806		7213.13134
99		14008.92182		20710.76488		7307.07875
100		14066.16346		20736.15149		7396.17542
101		14117.19407		20754.29296		7480.09518
102		14161.68676		20764.88801		7558.48551
103		14199.29743		20767.62993		7630.96492
104		14229.66386		20762.20764		7697.12007
105		14252.40478		20748.30709		7756.50246
106		14285.56633		20752.82405		7818.30861
107		14313.09423		20752.59057		7873.5979
108		14332.84723		20744.83117		7920.86329
109		14344.41612		20729.35896		7959.47327
110		14347.37014		20706.00247		7988.73782
111		14341.2559		20674.60911		8007.90269
112		14325.59612		20635.04905		8016.14318
113		14346.78336		20617.02187		8076.54485
114		14363.55148		20593.23422		8133.86874
115		14371.97839		20560.41443		8183.54234
116		14380.07256		20536.42186		8223.72326
117		14399.66123		20538.12568		8261.19679
118		14412.90189		20535.03233		8290.77145
119		14436.06317		20553.28465		8318.8417
120		14481.51197		20563.5294		8399.49453
121		14521.9738		20565.50029		8478.44731
122		14555.34146		20559.06186		8551.62107
123		14581.24158		20543.86405		8618.6191
124		14599.28111		20519.55118		8679.01104
125		14627.49383		20513.19457		8741.79309
126		14649.81244		20500.52017		8799.10471
127		14664.08197		20478.48337		8849.68057
128		14688.32627		20475.10088		8901.55165
129		14706.46759		20465.61327		8947.32191
130		14734.78746		20473.25711		8996.3178
131		14757.21885		20474.80722		9039.63049
132		14771.6071		20467.29537		9075.91884
133		14777.52889		20450.25431		9104.80346
134		14774.5386		20423.19343		9125.88376
135		14762.16718		20385.59771		9138.73666
136		14748.36838		20349.82331		9146.91346
137		14744.91182		20331.66891		9158.15473
138		14742.34183		20318.87871		9165.80495
139		14732.25759		20299.09229		9165.42288
140		14720.86633		20289.05045		9152.68221
141		14701.49654		20273.63021		9129.36288
142		14690.33104		20274.36564		9106.29643
143		14671.19887		20268.86101		9073.53674
144		14641.83601		20254.2184		9029.45363
145		14601.704		20229.99417		8973.41382
146		14577.131		20243.60148		8910.66051
147		14545.73044		20256.18847		8835.27241
148		14531.90096		20259.23164		8804.57028
149		14509.96462		20253.95938		8765.96986
150		14477.64999		20240.11909		8715.1809
151		14434.41085		20217.35068		8651.47102
152		14388.11971		20198.65759		8577.58183
153		14368.90817		20181.77151		8556.04484
154		14343.15126		20158.57485		8527.72767
155		14363.70995		20176.99626		8550.42363
156		14426.7114		20219.81457		8633.60824
157		14505.94197		20288.31907		8723.56487
158		14581.96357		20354.41675		8809.51039
159		14652.76256		20415.0554		8890.46972
160		14718.06407		20469.98025		8966.14788
161		14777.57876		20518.92692		9036.2306
162		14831.00205		20561.62124		9100.38286
163		14878.01335		20597.77932		9158.24739
164		14918.27519		20627.10751		9209.44288
165		14951.43233		20649.30249		9253.56217
166		14985.55832		20678.28389		9292.83276
167		15014.10143		20703.61904		9324.58382
168		15034.92306		20722.1387		9347.70741
169		15076.0643		20793.64873		9358.47987
170		15111.99188		20864.39856		9359.58521
171		15140.58665		20930.50915		9350.66414
172		15179.91014		21018.37038		9341.4499
173		15242.37179		21088.76536		9395.97821
174		15300.74189		21152.76115		9448.72263
175		15352.96036		21211.0681		9494.85262
176		15398.70343		21263.40425		9534.0026
177		15437.63028		21309.47454		9565.78602
178		15469.38217		21348.97034		9589.794
179		15548.92393		21408.5695		9689.27836
180		15628.96261		21467.53449		9790.39072
181		15703.9901		21520.46351		9887.51668
182		15782.19015		21582.34443		9982.03587
183		15857.127		21641.80899		10072.445
184		15926.78415		21695.42507		10158.14323
185		15990.88372		21742.91363		10238.8538
186		16049.1332		21783.98447		10314.28193
187		16101.22471		21818.33601		10384.11341
188		16155.28162		21862.99407		10447.56916
189		16204.80463		21904.91912		10504.69014
190		16247.71037		21940.21322		10555.20752
191		16283.65057		21968.57081		10598.73032
192		16312.25861		21989.67514		10634.84208
193		16341.59608		22019.37916		10663.81299
194		16365.09863		22045.79875		10684.39851
195		16380.61442		22065.34259		10695.88624
196		16387.72308		22077.74996		10697.69619
197		16414.42962		22084.80334		10744.05591
198		16435.16278		22083.83887		10786.48669
199		16447.76341		22074.36716		10821.15967
200		16451.80349		22056.03339		10847.57359
201		16446.83246		22028.47553		10865.18939
202		16479.27103		22070.88332		10887.65875
203		16507.88265		22112.57109		10903.19421
204		16528.7764		22147.51149		10910.0413
205		16541.54607		22175.37754		10907.7146
206		16574.21158		22197.63271		10950.79044
207		16619.66481		22234.84123		11004.4884
208		16660.13133		22267.26892		11052.99374
209		16721.95141		22281.21985		11162.68297
210		16779.64618		22286.12883		11273.16353
211		16831.15377		22282.26846		11380.03909
212		16876.14855		22269.20506		11483.09203
213		16922.73521		22263.07161		11582.39881
214		16982.8423		22272.61388		11693.07072
215		17038.73392		22275.6251		11801.84274
216		17088.34347		22269.6248		11907.06214
217		17131.3403		22254.14642		12008.53417
218		17167.37637		22228.70012		12106.05262
219		17224.53282		22248.51358		12200.55207
220		17277.31852		22264.25175		12290.38529
221		17323.65866		22272.16362		12375.1537
222		17363.21402		22271.9136		12454.51443
223		17414.07498		22302.09323		12526.05672
224		17460.23383		22329.00942		12591.45824
225		17499.59836		22348.63801		12650.55871
226		17531.81096		22360.65861		12702.9633
227		17556.49521		22364.74191		12748.24851
228		17573.25489		22360.55011		12785.95967
229		17581.67292		22347.73769		12815.60814
230		17581.31025		22325.95217		12836.66833
231		17571.70475		22294.83515		12848.57436
232		17579.26494		22310.60239		12847.92749
233		17600.13627		22345.29441		12854.97813
234		17614.72709		22375.27737		12854.17682
235		17620.86211		22398.54952		12843.1747
236		17618.09628		22414.84754		12821.34502
237		17605.96114		22423.90157		12788.02071
238		17583.96356		22425.4352		12742.49192
239		17570.03196		22436.21834		12703.84558
240		17547.98812		22441.33415		12654.64209
241		17515.56033		22438.88551		12592.23515
242		17500.64956		22421.24111		12580.05802
243		17477.57502		22393.51455		12561.63549
244		17462.50978		22392.55017		12532.46939
245		17439.27264		22386.39761		12492.14766
246		17424.0363		22388.19811		12459.87449
247		17429.06565		22374.39043		12483.74086
248		17435.43768		22367.02922		12503.84613
249		17443.11368		22372.33489		12513.89246
250		17443.11368		22372.33489		12513.89246
