step	mediator-random_reward_mean	mediator-random_reward_std_up	mediator-random_reward_std_down
1		0.0		0.0		0.0
2		0.0		0.0		0.0
3		120.0		180.0		60.0
4		120.0		180.0		60.0
5		240.0		313.48469		166.51531
6		270.0		330.0		210.0
7		390.0		463.48469		316.51531
8		420.0		480.0		360.0
9		450.0		544.86833		355.13167
10		540.0		613.48469		466.51531
11		570.0		682.24972		457.75028
12		600.0		694.86833		505.13167
13		690.0		810.0		570.0
14		720.0		832.24972		607.75028
15		780.0		840.0		720.0
16		870.0		982.24972		757.75028
17		930.0		990.0		870.0
18		990.0		1063.48469		916.51531
19		1050.0		1050.0		1050.0
20		1110.0		1183.48469		1036.51531
21		1170.0		1230.0		1110.0
22		1230.0		1290.0		1170.0
23		1320.0		1380.0		1260.0
24		1380.0		1440.0		1320.0
25		1470.0		1530.0		1410.0
26		1500.0		1594.86833		1405.13167
27		1590.0		1710.0		1470.0
28		1650.0		1744.86833		1555.13167
29		1710.0		1830.0		1590.0
30		1800.0		1894.86833		1705.13167
31		1800.0		1894.86833		1705.13167
32		1920.0		2032.24972		1807.75028
33		1950.0		2044.86833		1855.13167
34		2040.0		2192.97059		1887.02941
35		2100.0		2194.86833		2005.13167
36		2190.0		2342.97059		2037.02941
37		2250.0		2344.86833		2155.13167
38		2310.0		2462.97059		2157.02941
39		2400.0		2494.86833		2305.13167
40		2460.0		2612.97059		2307.02941
41		2520.0		2632.24972		2407.75028
42		2550.0		2714.31677		2385.68323
43		2670.0		2782.24972		2557.75028
44		2700.0		2864.31677		2535.68323
45		2820.0		2932.24972		2707.75028
46		2850.0		3014.31677		2685.68323
47		2970.0		3082.24972		2857.75028
48		2970.0		3082.24972		2857.75028
49		3090.0		3210.0		2970.0
50		3090.0		3210.0		2970.0
51		3240.0		3360.0		3120.0
52		3240.0		3360.0		3120.0
53		3330.0		3476.96938		3183.03062
54		3390.0		3510.0		3270.0
55		3480.0		3626.96938		3333.03062
56		3510.0		3630.0		3390.0
57		3600.0		3764.31677		3435.68323
58		3630.0		3776.96938		3483.03062
59		3690.0		3870.0		3510.0
60		3780.0		3926.96938		3633.03062
61		3840.0		4020.0		3660.0
62		3900.0		4064.31677		3735.68323
63		3990.0		4170.0		3810.0
64		4050.0		4214.31677		3885.68323
65		4140.0		4320.0		3960.0
66		4170.0		4344.92856		3995.07144
67		4290.0		4470.0		4110.0
68		4320.0		4494.92856		4145.07144
69		4440.0		4620.0		4260.0
70		4470.0		4644.92856		4295.07144
71		4530.0		4750.45408		4309.54592
72		4590.0		4793.4699		4386.5301
73		4680.0		4900.45408		4459.54592
74		4740.0		4943.4699		4536.5301
75		4830.0		5050.45408		4609.54592
76		4890.0		5093.4699		4686.5301
77		4950.0		5200.99801		4699.00199
78		5040.0		5243.4699		4836.5301
79		5100.0		5350.99801		4849.00199
80		5160.0		5384.49944		4935.50056
81		5220.0		5418.99749		5021.00251
82		5280.0		5538.06976		5021.93024
83		5340.0		5583.72115		5096.27885
84		5430.0		5688.06976		5171.93024
85		5490.0		5733.72115		5246.27885
86		5580.0		5838.06976		5321.93024
87		5610.0		5871.53394		5348.46606
88		5700.0		5950.99801		5449.00199
89		5760.0		6021.53394		5498.46606
90		5820.0		6110.86079		5529.13921
91		5910.0		6171.53394		5648.46606
92		5970.0		6260.86079		5679.13921
93		6030.0		6335.94117		5724.05883
94		6060.0		6321.53394		5798.46606
95		6150.0		6418.32816		5881.67184
96		6210.0		6471.53394		5948.46606
97		6270.0		6560.86079		5979.13921
98		6300.0		6568.32816		6031.67184
99		6420.0		6710.86079		6129.13921
100		6420.0		6710.86079		6129.13921
101		6540.0		6818.20855		6261.79145
102		6570.0		6860.86079		6279.13921
103		6690.0		6968.20855		6411.79145
104		6720.0		7010.86079		6429.13921
105		6810.0		7071.53394		6548.46606
106		6870.0		7160.86079		6579.13921
107		6960.0		7221.53394		6698.46606
108		6990.0		7268.20855		6711.79145
109		7050.0		7334.60499		6765.39501
110		7110.0		7388.20855		6831.79145
111		7200.0		7484.60499		6915.39501
112		7260.0		7538.20855		6981.79145
113		7350.0		7634.60499		7065.39501
114		7410.0		7688.20855		7131.79145
115		7470.0		7760.86079		7179.13921
116		7530.0		7835.94117		7224.05883
117		7590.0		7913.10989		7266.89011
118		7650.0		7992.05263		7307.94737
119		7740.0		8063.10989		7416.89011
120		7800.0		8142.05263		7457.94737
121		7890.0		8213.10989		7566.89011
122		7920.0		8240.31235		7599.68765
123		8040.0		8363.10989		7716.89011
124		8070.0		8390.31235		7749.68765
125		8160.0		8522.49138		7797.50862
126		8220.0		8540.31235		7899.68765
127		8310.0		8672.49138		7947.50862
128		8370.0		8690.31235		8049.68765
129		8430.0		8777.27511		8082.72489
130		8520.0		8840.31235		8199.68765
131		8580.0		8927.27511		8232.72489
132		8640.0		8948.8689		8331.1311
133		8730.0		9077.27511		8382.72489
134		8790.0		9098.8689		8481.1311
135		8850.0		9217.42346		8482.57654
136		8910.0		9246.74916		8573.25084
137		8970.0		9290.31235		8649.68765
138		9060.0		9396.74916		8723.25084
139		9090.0		9439.85711		8740.14289
140		9150.0		9434.60499		8865.39501
141		9240.0		9589.85711		8890.14289
142		9270.0		9590.31235		8949.68765
143		9360.0		9709.85711		9010.14289
144		9420.0		9740.31235		9099.68765
145		9480.0		9814.06586		9145.93414
146		9570.0		9890.31235		9249.68765
147		9600.0		9967.42346		9232.57654
148		9720.0		10040.31235		9399.68765
149		9750.0		10117.42346		9382.57654
150		9840.0		10163.10989		9516.89011
151		9900.0		10267.42346		9532.57654
152		9960.0		10309.85711		9610.14289
153		10020.0		10415.72718		9624.27282
154		10080.0		10414.06586		9745.93414
155		10140.0		10537.99497		9742.00503
156		10230.0		10564.06586		9895.93414
157		10290.0		10687.99497		9892.00503
158		10350.0		10692.05263		10007.94737
159		10440.0		10837.99497		10042.00503
160		10500.0		10842.05263		10157.94737
161		10560.0		10909.85711		10210.14289
162		10650.0		10992.05263		10307.94737
163		10710.0		11059.85711		10360.14289
164		10800.0		11142.05263		10457.94737
165		10860.0		11209.85711		10510.14289
166		10950.0		11292.05263		10607.94737
167		10980.0		11340.0		10620.0
168		11070.0		11360.86079		10779.13921
169		11130.0		11490.0		10770.0
170		11220.0		11510.86079		10929.13921
171		11280.0		11640.0		10920.0
172		11370.0		11660.86079		11079.13921
173		11400.0		11742.05263		11057.94737
174		11460.0		11796.74916		11123.25084
175		11550.0		11892.05263		11207.94737
176		11580.0		11940.0		11220.0
177		11700.0		12042.05263		11357.94737
178		11730.0		12090.0		11370.0
179		11850.0		12192.05263		11507.94737
180		11880.0		12240.0		11520.0
181		11970.0		12330.0		11610.0
182		12030.0		12390.0		11670.0
183		12120.0		12480.0		11760.0
184		12150.0		12492.05263		11807.94737
185		12240.0		12626.52296		11853.47704
186		12300.0		12642.05263		11957.94737
187		12390.0		12776.52296		12003.47704
188		12450.0		12792.05263		12107.94737
189		12540.0		12926.52296		12153.47704
190		12600.0		12942.05263		12257.94737
191		12690.0		13076.52296		12303.47704
192		12720.0		13080.0		12360.0
193		12840.0		13226.52296		12453.47704
194		12870.0		13230.0		12510.0
195		12960.0		13334.69988		12585.30012
196		13020.0		13380.0		12660.0
197		13050.0		13392.05263		12707.94737
198		13170.0		13530.0		12810.0
199		13200.0		13542.05263		12857.94737
200		13290.0		13639.85711		12940.14289
201		13350.0		13692.05263		13007.94737
202		13440.0		13789.85711		13090.14289
203		13500.0		13842.05263		13157.94737
204		13560.0		13853.93877		13266.06123
205		13620.0		13980.0		13260.0
206		13680.0		14000.31235		13359.68765
207		13770.0		14130.0		13410.0
208		13800.0		14142.05263		13457.94737
209		13890.0		14239.85711		13540.14289
210		13950.0		14292.05263		13607.94737
211		13980.0		14300.31235		13659.68765
212		14070.0		14404.06586		13735.93414
213		14130.0		14450.31235		13809.68765
214		14190.0		14539.85711		13840.14289
215		14280.0		14600.31235		13959.68765
216		14340.0		14689.85711		13990.14289
217		14400.0		14742.05263		14057.94737
218		14490.0		14839.85711		14140.14289
219		14550.0		14892.05263		14207.94737
220		14610.0		14984.69988		14235.30012
221		14700.0		15042.05263		14357.94737
222		14760.0		15134.69988		14385.30012
223		14790.0		15152.49138		14427.50862
224		14910.0		15284.69988		14535.30012
225		14940.0		15302.49138		14577.50862
226		15030.0		15402.29021		14657.70979
227		15090.0		15452.49138		14727.50862
228		15150.0		15464.64265		14835.35735
229		15210.0		15572.49138		14847.50862
230		15300.0		15614.64265		14985.35735
231		15360.0		15722.49138		14997.50862
232		15390.0		15739.85711		15040.14289
233		15480.0		15785.94117		15174.05883
234		15540.0		15889.85711		15190.14289
235		15630.0		15935.94117		15324.05883
236		15690.0		16039.85711		15340.14289
237		15780.0		16085.94117		15474.05883
238		15840.0		16189.85711		15490.14289
239		15930.0		16235.94117		15624.05883
240		15960.0		16253.93877		15666.06123
241		16050.0		16364.64265		15735.35735
242		16110.0		16403.93877		15816.06123
243		16200.0		16514.64265		15885.35735
244		16200.0		16514.64265		15885.35735
245		16350.0		16664.64265		16035.35735
246		16350.0		16664.64265		16035.35735
247		16470.0		16804.06586		16135.93414
248		16500.0		16814.64265		16185.35735
249		16590.0		16939.85711		16240.14289
250		16650.0		16964.64265		16335.35735
