step	mediator-random_cum_inst_loss_mean	mediator-random_cum_inst_loss_std_up	mediator-random_cum_inst_loss_std_down
1		40.5039		90.13099		-9.1232
2		46.35034		139.10863		-46.40794
3		46.97025		185.22966		-91.28916
4		56.84653		221.99291		-108.29984
5		59.86362		254.07316		-134.34592
6		53.81576		280.72749		-173.09597
7		38.22585		301.02487		-224.57318
8		12.59166		314.20931		-289.02598
9		-23.61543		319.62675		-366.85761
10		-70.9519		316.67825		-458.58205
11		-111.55602		321.46321		-544.57525
12		-161.6762		321.59078		-644.94317
13		-223.65802		314.7126		-762.02864
14		-269.6783		282.32405		-821.68066
15		-317.05221		245.49316		-879.59759
16		-374.29848		200.30716		-948.90412
17		-435.33397		166.67325		-1037.34118
18		-506.96084		128.66741		-1142.58909
19		-564.68632		98.50983		-1227.88246
20		-612.53674		52.53197		-1277.60544
21		-651.8371		6.78761		-1310.46181
22		-682.13742		-35.78445		-1328.49038
23		-702.96399		-36.74701		-1369.18098
24		-703.81821		-7.09213		-1400.5443
25		-712.09638		17.35585		-1441.54861
26		-711.5865		48.96638		-1472.13939
27		-699.9813		91.21287		-1491.17546
28		-695.14428		131.33521		-1521.62378
29		-699.27643		167.72032		-1566.27319
30		-675.95483		207.47219		-1559.38186
31		-656.94003		246.01449		-1559.89455
32		-627.7007		268.07457		-1523.47597
33		-604.30145		285.77479		-1494.3777
34		-588.89441		300.98725		-1478.77608
35		-581.90022		314.20899		-1478.00943
36		-536.86668		369.68908		-1443.42244
37		-494.9972		428.83132		-1418.82572
38		-460.1478		489.84039		-1410.136
39		-432.68798		552.96657		-1418.34252
40		-413.00664		618.25894		-1444.27222
41		-393.06569		684.72158		-1470.85297
42		-379.45422		750.91128		-1509.81973
43		-355.90262		812.49902		-1524.30425
44		-338.49045		870.90164		-1547.88253
45		-329.38559		926.2667		-1585.03788
46		-329.02528		978.40359		-1636.45414
47		-337.86974		1027.08585		-1702.82533
48		-291.06098		1128.82577		-1710.94773
49		-245.4781		1231.50015		-1722.45636
50		-169.82489		1334.69961		-1674.3494
51		-95.72418		1434.8676		-1626.31596
52		-8.49969		1539.79288		-1556.79225
53		75.93657		1642.56243		-1490.68928
54		174.04059		1737.41505		-1389.33386
55		269.92899		1828.69866		-1288.84068
56		361.64039		1916.86345		-1193.58266
57		448.95497		2001.89557		-1103.98562
58		531.64131		2083.79385		-1020.51123
59		656.35079		2208.38657		-895.68498
60		790.53718		2352.78342		-771.70907
61		924.40701		2499.61963		-650.80561
62		1056.09887		2645.14365		-532.94591
63		1185.49814		2789.30098		-418.3047
64		1312.48416		2932.03506		-307.06675
65		1436.9299		3073.28719		-199.42739
66		1558.70168		3212.99641		-95.59305
67		1677.65875		3351.09934		4.21816
68		1793.65298		3487.53006		99.7759
69		1906.52842		3622.21992		190.83693
70		2016.12093		3755.09731		277.14456
71		2122.25773		3886.08751		358.42794
72		2224.75692		4015.11241		434.40143
73		2323.42707		4142.09024		504.7639
74		2426.51413		4269.11901		583.90924
75		2527.64782		4394.22832		661.06733
76		2624.8806		4516.82044		732.94077
77		2718.00715		4636.77069		799.24361
78		2815.25884		4756.07732		874.44036
79		2910.25004		4873.11993		947.38016
80		3001.01704		4987.33653		1014.69755
81		3095.78499		5101.56439		1090.0056
82		3188.16174		5213.65112		1162.67235
83		3276.17667		5322.88258		1229.47075
84		3359.60022		5429.14317		1290.05727
85		3438.19074		5532.31266		1344.06882
86		3511.69386		5632.26587		1391.12186
87		3579.84183		5728.87225		1430.8114
88		3642.35278		5821.99544		1462.71012
89		3707.37753		5915.91997		1498.83509
90		3768.44563		6007.87703		1529.01424
91		3823.50411		6096.9411		1550.06712
92		3890.68414		6216.86857		1564.49971
93		3954.02097		6338.32217		1569.71977
94		4019.91506		6455.08764		1584.74247
95		4090.34575		6571.90411		1608.7874
96		4157.10433		6687.04914		1627.15951
97		4226.60026		6796.3987		1656.80181
98		4292.37487		6901.99847		1682.75127
99		4352.38756		7004.38672		1700.3884
100		4406.33507		7103.41976		1709.25039
101		4462.34567		7195.11633		1729.57501
102		4513.9252		7281.90733		1745.94306
103		4558.99569		7364.37204		1753.61935
104		4605.66207		7438.34297		1772.98116
105		4647.40557		7506.42074		1788.39039
106		4682.12235		7569.17625		1795.06845
107		4726.33756		7642.07355		1810.60158
108		4775.79314		7716.06479		1835.52148
109		4820.47264		7785.53513		1855.41015
110		4866.72744		7869.53165		1863.92324
111		4926.4852		7958.91315		1894.05725
112		4990.45659		8059.46055		1921.45263
113		5050.41591		8159.55406		1941.27775
114		5104.30723		8255.98082		1952.63364
115		5151.8112		8348.56625		1955.05614
116		5192.59163		8437.12719		1948.05606
117		5226.29465		8521.47131		1931.11799
118		5270.99526		8592.49558		1949.49494
119		5310.66954		8657.5333		1963.80578
120		5343.20819		8717.19162		1969.22477
121		5368.23567		8771.22176		1965.24957
122		5393.80412		8832.71032		1954.89791
123		5421.78677		8887.67088		1955.90266
124		5443.8632		8935.96277		1951.76363
125		5457.8778		8978.11188		1937.64372
126		5463.40627		9013.83894		1912.97359
127		5460.00196		9042.85261		1877.15131
128		5455.64223		9072.22034		1839.06411
129		5443.67404		9095.97738		1791.37069
130		5430.29969		9115.49766		1745.10171
131		5408.84243		9128.02709		1689.65777
132		5395.47958		9148.06861		1642.89056
133		5374.03444		9161.99287		1586.076
134		5370.68434		9208.90632		1532.46236
135		5368.22642		9249.07207		1487.38077
136		5376.70763		9297.79758		1455.61767
137		5386.70371		9344.98524		1428.42218
138		5389.8469		9386.4526		1393.2412
139		5383.93178		9421.26085		1346.60271
140		5396.92908		9439.72444		1354.13372
141		5421.67895		9455.48966		1387.86823
142		5440.35244		9463.5705		1417.13437
143		5450.785		9463.00725		1438.56275
144		5460.99039		9465.5095		1456.47128
145		5464.35391		9461.70949		1466.99834
146		5467.11821		9450.82421		1483.4122
147		5462.64899		9430.65071		1494.64728
148		5448.72081		9400.21155		1497.23007
149		5451.7308		9372.26162		1531.19999
150		5467.81246		9330.42305		1605.20187
151		5494.2565		9310.70694		1677.80605
152		5516.55808		9288.18177		1744.93438
153		5530.80969		9255.26244		1806.35694
154		5536.58763		9211.40414		1861.77113
155		5541.89343		9164.59321		1919.19364
156		5540.09948		9108.10509		1972.09386
157		5545.88234		9039.25186		2052.51282
158		5546.43532		8957.6603		2135.21034
159		5537.79366		8862.76786		2212.81946
160		5537.92092		8802.17236		2273.66948
161		5530.67588		8734.59731		2326.75445
162		5513.82578		8654.96938		2372.68218
163		5486.86509		8562.78217		2410.948
164		5477.70916		8492.63367		2462.78464
165		5479.13983		8461.03621		2497.24344
166		5473.2668		8423.6932		2522.8404
167		5457.86092		8375.43174		2540.29011
168		5432.42047		8315.71669		2549.12424
169		5424.86478		8272.82496		2576.9046
170		5409.53243		8220.9655		2598.09936
171		5411.06435		8155.58222		2666.54648
172		5435.59014		8110.98673		2760.19356
173		5454.02777		8057.23093		2850.8246
174		5482.65954		8041.41296		2923.90611
175		5505.41925		8020.80608		2990.03242
176		5520.15309		7990.23906		3050.06713
177		5526.43866		7949.24696		3103.63036
178		5550.72628		7957.17106		3144.28149
179		5570.75795		7964.22461		3177.29128
180		5591.06766		7986.28153		3195.85379
181		5613.51479		8007.44565		3219.58394
182		5638.21185		8044.74561		3231.67808
183		5656.82976		8080.99285		3232.66666
184		5675.6513		8121.09478		3230.20782
185		5716.53194		8184.63627		3248.4276
186		5752.1852		8244.84231		3259.52809
187		5788.93869		8299.85465		3278.02272
188		5820.24758		8348.96727		3291.52789
189		5852.42805		8401.63774		3303.21835
190		5887.37072		8450.03107		3324.71037
191		5916.77348		8491.80992		3341.73704
192		5938.50002		8526.69663		3350.3034
193		5952.14631		8554.34055		3349.95207
194		5965.73457		8597.48733		3333.98181
195		5991.10649		8637.16776		3345.04523
196		6010.43479		8669.69897		3351.17061
197		6030.00411		8695.93309		3364.07512
198		6061.67188		8736.49179		3386.85198
199		6087.62739		8772.61573		3402.63905
200		6105.72523		8801.95656		3409.4939
201		6123.99933		8825.40231		3422.59636
202		6164.30372		8867.72845		3460.879
203		6199.3504		8905.25849		3493.44231
204		6227.0179		8936.1101		3517.9257
205		6246.91783		8959.99112		3533.84455
206		6258.64139		8976.5996		3540.68319
207		6270.20572		8987.12626		3553.28518
208		6274.99971		8990.39176		3559.60766
209		6270.82226		8985.82809		3555.81643
210		6265.64869		8984.73277		3546.56462
211		6252.82384		8978.77036		3526.87732
212		6238.54774		8967.83706		3509.25841
213		6224.58875		8946.9809		3502.1966
214		6202.51609		8917.47025		3487.56193
215		6170.05796		8879.82879		3460.28714
216		6163.56275		8906.58299		3420.54251
217		6151.19143		8933.08917		3369.2937
218		6137.39274		8963.80532		3310.98016
219		6115.48881		8991.66314		3239.31447
220		6083.20829		9014.56288		3151.85369
221		6068.45254		9012.50687		3124.39821
222		6053.98866		9020.67516		3087.30216
223		6031.38454		9025.48215		3037.28693
224		6016.81447		9064.66391		2968.96502
225		6002.54604		9114.56095		2890.53113
226		5980.14765		9161.49804		2798.79726
227		5955.79414		9212.03288		2699.55541
228		5931.22736		9252.30647		2610.14825
229		5897.9886		9284.68068		2511.29652
230		5853.77668		9310.18214		2397.37123
231		5826.46157		9305.90366		2347.01947
232		5790.32982		9291.20649		2289.45315
233		5808.41512		9369.14874		2247.68151
234		5823.76279		9450.80753		2196.71805
235		5830.69448		9527.56241		2133.82654
236		5847.21474		9619.19449		2075.23499
237		5885.67298		9686.15254		2085.19342
238		5927.22383		9758.25871		2096.18895
239		5963.58258		9827.88957		2099.27559
240		5992.6312		9892.3156		2092.94679
241		6032.43243		9936.90689		2127.95798
242		6066.94948		9973.79738		2160.10157
243		6094.05946		10004.09484		2184.02408
244		6131.82003		10043.14359		2220.49648
245		6164.18901		10076.68048		2251.69755
246		6189.03781		10102.82706		2275.24856
247		6205.97144		10121.2025		2290.74039
248		6214.56467		10131.39722		2297.73212
249		6214.46967		10133.08074		2295.85859
250		6214.46967		10133.08074		2295.85859
