step	mediator-random_inst_loss_mean	mediator-random_inst_loss_std_up	mediator-random_inst_loss_std_down
1		82.63834		165.87475		-0.59808
2		33.51404		120.93009		-53.90202
3		34.50168		119.78034		-50.77698
4		47.38605		137.56976		-42.79766
5		50.94854		141.76204		-39.86495
6		46.25105		141.11356		-48.61146
7		39.46157		139.31684		-60.3937
8		32.31475		137.42557		-72.79606
9		81.68676		140.99502		22.37851
10		80.45182		140.89851		20.00513
11		75.46238		139.09048		11.83429
12		70.21034		137.18729		3.2334
13		64.68188		135.18393		-5.82017
14		58.86244		133.07513		-15.35024
15		52.73672		130.85533		-25.38189
16		64.73608		113.68639		15.78578
17		60.76425		109.2653		12.2632
18		73.18611		125.61749		20.75474
19		69.65902		126.38595		12.93209
20		64.10154		123.8141		4.38898
21		58.25156		121.10689		-4.60377
22		52.09369		118.25719		-14.06982
23		45.61172		115.25751		-24.03408
24		57.23608		97.02435		17.44781
25		52.86951		91.75312		13.9859
26		46.42837		87.35849		5.49825
27		39.64822		82.73256		-3.43611
28		40.95872		74.44549		7.47194
29		44.18293		79.23799		9.12787
30		39.12935		77.45585		0.80285
31		31.96505		72.30873		-8.37864
32		24.42367		66.89071		-18.04336
33		16.48539		61.18753		-28.21676
34		16.57678		55.5622		-22.40863
35		10.07025		50.11629		-29.97579
36		1.37652		43.53025		-40.77721
37		-7.77478		36.59757		-52.14712
38		-17.40772		29.30001		-64.11545
39		-27.54766		21.61837		-76.71369
40		-11.3263		60.26967		-82.92228
41		-17.45667		60.52673		-95.44007
42		-27.59919		54.4886		-109.68697
43		-29.82803		57.21339		-116.86946
44		-11.88195		53.15671		-76.9206
45		-18.04156		48.75432		-84.83743
46		-9.76737		42.26653		-61.80128
47		-17.66044		36.39087		-71.71175
48		-19.36619		27.75339		-66.48577
49		-27.76446		20.25203		-75.78095
50		-10.002		49.19449		-69.19849
51		0.54007		56.53248		-55.45234
52		1.63699		49.03373		-45.75975
53		12.79164		75.04368		-49.46041
54		14.53337		74.37701		-45.31027
55		7.91929		69.63454		-53.79595
56		-0.88765		64.07577		-65.85106
57		8.28938		89.27825		-72.69949
58		1.34667		88.65601		-85.96268
59		10.64129		95.44806		-74.16549
60		22.26985		79.19841		-34.6587
61		16.06295		73.05019		-40.92428
62		26.13212		93.66187		-41.39764
63		57.02347		84.25476		29.79218
64		54.49046		79.56202		29.4189
65		48.13463		74.52575		21.74352
66		41.44429		69.22441		13.66417
67		42.84932		73.49263		12.206
68		37.72555		71.4742		3.97689
69		30.48736		66.01226		-5.03754
70		31.3157		56.66001		5.97139
71		25.5849		50.42772		0.74207
72		17.70773		43.85807		-8.44261
73		9.41597		36.94265		-18.11071
74		0.6878		29.66325		-28.28765
75		-8.49974		22.00073		-39.00021
76		-9.72335		33.35489		-52.8016
77		10.83339		58.00423		-36.33746
78		4.02457		55.92082		-47.87168
79		3.46013		59.91913		-52.99886
80		-3.73675		56.74448		-64.21798
81		-4.70968		69.02471		-78.44406
82		24.55843		83.70063		-34.58377
83		20.31673		83.59325		-42.95979
84		12.16229		78.76915		-54.44458
85		30.47364		70.75299		-9.80571
86		26.54327		66.99849		-13.91195
87		18.71654		61.30098		-23.8679
88		18.92536		70.19968		-32.34895
89		12.54244		68.53138		-43.4465
90		12.42631		61.48486		-36.63223
91		5.70133		55.70909		-44.30643
92		5.22515		60.88115		-50.43085
93		16.56865		57.89579		-24.75849
94		10.06169		53.09188		-32.96851
95		1.36751		46.66245		-43.92744
96		0.66322		55.53147		-54.20502
97		11.76662		44.56203		-21.02878
98		5.00692		37.93923		-27.92538
99		-3.9533		30.71228		-38.61888
100		-4.93762		46.24749		-56.12273
101		-12.57649		44.68034		-69.83332
102		24.43282		74.06922		-25.20358
103		20.18451		73.93874		-33.56971
104		12.02311		68.60651		-44.56028
105		3.43216		62.99363		-56.12931
106		-5.61094		57.08534		-68.30723
107		-15.13		50.86609		-81.12609
108		3.29743		60.7581		-54.16324
109		4.53947		53.92173		-44.84279
110		5.84688		65.44932		-53.75555
111		-1.22438		64.07557		-66.52433
112		-10.51257		58.22422		-79.24936
113		-20.2896		52.06491		-92.64412
114		-30.58122		45.58142		-106.74387
115		-4.51953		100.44613		-109.48518
116		-10.29164		103.40367		-123.98695
117		8.39044		103.94595		-87.16508
118		9.90053		94.68381		-74.88275
119		3.04262		89.05559		-82.97036
120		2.4265		98.84088		-93.98789
121		3.6227		112.71293		-105.46752
122		24.88186		99.68482		-49.92109
123		18.81244		95.56579		-57.94092
124		10.57882		91.37183		-70.21418
125		10.35935		84.8263		-64.10761
126		3.52558		79.91769		-72.86653
127		-5.51261		74.90014		-85.92536
128		-6.579		84.37682		-97.53482
129		-14.30426		83.1672		-111.77571
130		-24.28086		78.32067		-126.88239
131		20.55992		87.72496		-46.60511
132		17.95253		87.50819		-51.60313
133		9.67365		82.89014		-63.54283
134		19.40654		106.09863		-67.28556
135		13.04894		106.05546		-79.95758
136		4.51198		102.41358		-93.38962
137		13.9732		90.07365		-62.12726
138		35.77712		104.02493		-32.47069
139		30.28113		103.07837		-42.5161
140		22.65113		99.2798		-53.97754
141		14.61955		95.28131		-66.04221
142		6.16526		91.07237		-78.74186
143		24.16098		117.24313		-68.92118
144		19.89836		119.75474		-79.95802
145		11.7219		116.83388		-93.39008
146		3.1151		113.75928		-107.52909
147		22.50279		83.22275		-38.21716
148		16.30815		76.68641		-44.0701
149		16.39022		85.86757		-53.08713
150		9.87387		84.76642		-65.01868
151		1.1698		80.00406		-77.66446
152		-7.99237		74.99106		-90.9758
153		-17.63677		69.71421		-104.98775
154		37.5537		85.80777		-10.70036
155		35.84072		85.70948		-14.02805
156		46.95081		67.98215		25.91948
157		42.04291		62.13031		21.95552
158		43.47944		61.26653		25.69236
159		38.38884		58.38232		18.39536
160		31.18556		52.23133		10.13979
161		42.05065		64.78837		19.31293
162		36.88485		63.94994		9.81976
163		29.60241		58.09198		1.11284
164		30.38418		66.62712		-5.85877
165		24.60435		64.97638		-15.76768
166		16.67557		59.17244		-25.8213
167		16.77698		72.553		-38.99905
168		18.72847		88.65588		-51.19895
169		49.23016		105.72475		-7.26443
170		46.28697		104.78119		-12.20724
171		47.94687		119.25077		-23.35702
172		43.0914		120.6154		-34.4326
173		44.58311		116.29922		-27.133
174		47.99808		112.05121		-16.05505
175		43.1453		108.87417		-22.58356
176		36.19236		105.38064		-32.99592
177		28.87348		101.70325		-43.95629
178		21.16939		97.83231		-55.49352
179		13.05983		93.75763		-67.63798
180		4.52344		89.4685		-80.42161
181		-4.46223		84.95362		-93.87808
182		12.97415		98.84181		-72.89351
183		8.12276		98.86267		-82.61716
184		-0.67347		94.84223		-96.18918
185		18.51482		76.62814		-39.59849
186		12.11029		71.41516		-47.19458
187		3.52393		65.95011		-58.90225
188		39.82812		97.35232		-17.69607
189		38.23484		99.62843		-23.15875
190		31.02346		95.64829		-33.60137
191		23.43253		91.45867		-44.59361
192		23.88956		95.1808		-47.40167
193		17.76791		93.26881		-57.73298
194		17.92681		99.51321		-63.65959
195		19.93882		90.4599		-50.58226
196		13.60924		84.32935		-57.11088
197		13.54926		92.30553		-65.20701
198		6.88338		91.16732		-77.40056
199		-1.97808		86.74185		-90.69801
200		-11.30593		82.08347		-104.69534
201		-12.67724		93.41947		-118.77395
202		-2.27597		79.30447		-83.85641
203		-1.32726		84.07531		-86.72984
204		-8.77612		82.09566		-99.64789
205		-18.46176		77.19274		-114.11626
206		-10.20969		86.28314		-106.70251
207		0.32145		114.38252		-113.73962
208		-7.04062		114.81371		-128.89495
209		1.81256		96.46265		-92.83752
210		-5.47104		90.93711		-101.87918
211		-6.53524		80.66352		-93.73401
212		-14.2582		74.53812		-103.05451
213		32.66261		89.01411		-23.6889
214		28.84744		87.9305		-30.23561
215		21.14199		83.33468		-41.0507
216		21.47847		77.74619		-34.78926
217		15.22992		72.93543		-42.4756
218		6.80775		67.5504		-53.9349
219		16.38979		61.29079		-28.5112
220		9.87342		56.48545		-36.73862
221		9.61682		69.31048		-50.07685
222		11.19146		75.37695		-52.99403
223		4.40149		72.25577		-63.4528
224		3.85689		78.97254		-71.25876
225		-3.31911		77.02672		-83.66495
226		-12.71755		71.85702		-97.29211
227		4.28434		58.88522		-50.31653
228		-1.02441		52.40971		-54.45854
229		-10.30208		45.94438		-66.54853
230		-11.62055		60.2999		-83.54099
231		5.73132		79.13026		-67.66763
232		30.79096		93.6876		-32.10569
233		41.92751		99.51534		-15.66031
234		38.59998		97.97023		-20.77027
235		39.8553		106.14364		-26.43304
236		53.02144		99.32816		6.71472
237		48.43305		95.61266		1.25344
238		41.75841		91.42116		-7.90434
239		34.73248		87.00906		-17.5441
240		27.33676		82.36473		-27.69122
241		27.99928		73.70404		-17.70548
242		22.09393		67.9496		-23.76174
243		32.48051		70.1375		-5.17647
244		45.25851		48.76353		41.75349
245		40.26155		40.26155		40.26155
246		33.15676		33.15676		33.15676
247		25.67886		25.67886		25.67886
248		17.79872		17.79872		17.79872
249		9.595		9.595		9.595
250		0.0		0.0		0.0
