step	mediator-random_inst_loss_mean	mediator-random_inst_loss_std_up	mediator-random_inst_loss_std_down
1		64.08864		99.07622		29.10106
2		8.92105		51.61398		-33.77188
3		2.5724		54.27073		-49.12593
4		-4.11039		60.61735		-68.83814
5		-28.19036		11.47045		-67.85118
6		-33.08316		25.80023		-91.96655
7		-28.0062		26.79326		-82.80565
8		-36.29839		8.38447		-80.98124
9		-27.98156		13.83076		-69.79388
10		-39.68154		13.61395		-92.97703
11		-28.13368		23.28939		-79.55675
12		-43.25076		-1.39476		-85.10677
13		-28.48167		15.57728		-72.54062
14		-29.9807		16.39714		-76.35854
15		-14.51318		34.3056		-63.33196
16		-15.27703		36.11116		-66.66522
17		-16.08108		42.11399		-74.27616
18		-13.51837		45.28113		-72.31786
19		-0.59349		63.74265		-64.92964
20		2.78436		68.04834		-62.47962
21		-0.47819		38.33596		-39.29233
22		-10.73063		5.13036		-26.59161
23		2.34097		23.09726		-18.41533
24		5.87327		23.61704		-11.8705
25		19.81875		42.5671		-2.9296
26		24.27093		44.10622		4.43565
27		22.13926		53.02573		-8.74721
28		30.12267		56.37111		3.87423
29		41.93534		75.80523		8.06546
30		33.91519		82.30381		-14.47342
31		15.24566		54.48589		-23.99458
32		26.27533		66.85823		-14.30757
33		17.43097		44.31529		-9.45334
34		31.98476		64.83193		-0.86242
35		37.07725		67.08271		7.0718
36		1.52869		45.26733		-42.20996
37		15.24551		56.04966		-25.55864
38		19.457		67.63485		-28.72086
39		17.07196		82.81422		-48.67031
40		24.78866		93.65953		-44.0822
41		36.3206		109.12261		-36.4814
42		45.05039		121.35371		-31.25292
43		40.60329		117.19468		-35.9881
44		35.92212		92.04083		-20.19659
45		30.99458		88.32262		-26.33347
46		42.85314		98.93212		-13.22583
47		51.92675		115.20216		-11.34866
48		47.84156		112.76554		-17.08243
49		60.58681		132.53608		-11.36247
50		53.54831		130.24		-23.14337
51		52.95755		153.06244		-47.14733
52		62.56298		161.70619		-36.58024
53		41.99213		122.37131		-38.38705
54		40.79315		95.99136		-14.40507
55		49.75834		114.74201		-15.22533
56		62.60447		124.11847		1.09047
57		55.67217		125.99929		-14.65494
58		55.19319		137.05208		-26.66569
59		47.87083		109.02183		-13.28017
60		12.89034		77.11097		-51.33028
61		27.20515		91.18298		-36.77269
62		15.00063		73.88866		-43.88739
63		32.83559		94.82299		-29.1518
64		34.56378		99.81367		-30.68611
65		53.42838		122.11248		-15.25571
66		56.2404		128.53945		-16.05864
67		25.10952		87.26221		-37.04318
68		36.65834		102.90858		-29.59189
69		28.36046		86.79384		-30.07292
70		9.39857		49.87932		-31.08219
71		3.07505		30.05129		-23.90119
72		13.46416		46.50299		-19.57466
73		-13.09992		48.70429		-74.90414
74		-13.78939		32.03725		-59.61603
75		-11.10606		39.66489		-61.87701
76		1.94577		52.83578		-48.94423
77		-11.58818		40.25336		-63.42971
78		4.84737		59.41741		-49.72267
79		5.1025		62.54464		-52.33965
80		22.4165		82.88192		-38.04891
81		23.59632		87.24412		-40.05149
82		7.79278		111.1616		-95.57604
83		15.0211		116.2025		-86.16029
84		8.99351		106.48189		-88.49488
85		19.69412		117.14971		-77.76147
86		27.54884		135.28691		-80.18924
87		22.18059		121.58531		-77.22412
88		16.52981		126.96949		-93.90987
89		27.62707		136.76578		-81.51163
90		18.85386		113.42612		-75.71841
91		16.43707		90.60994		-57.7358
92		7.07491		81.10703		-66.95721
93		4.03818		79.35015		-71.27379
94		-5.97655		51.40035		-63.35346
95		7.34525		69.30278		-54.61227
96		11.14094		74.78039		-52.49851
97		8.31821		61.83172		-45.19529
98		15.57419		72.45204		-41.30365
99		26.62116		85.91393		-32.67161
100		34.84046		97.80355		-28.12264
101		46.90144		112.60092		-18.79805
102		39.14266		120.0726		-41.78728
103		20.74826		84.43294		-42.93642
104		15.02209		74.26506		-44.22088
105		8.99454		68.83414		-50.84505
106		19.69521		86.5311		-47.14068
107		27.54998		94.03497		-38.935
108		39.22726		113.06052		-34.606
109		48.11003		121.96062		-25.74056
110		26.7785		93.31131		-39.75431
111		7.73335		60.04795		-44.58125
112		1.32219		45.44085		-42.79648
113		11.61905		56.62409		-33.38599
114		19.04876		67.82165		-29.72413
115		30.2786		80.18359		-19.62639
116		4.59948		64.24166		-55.0427
117		-29.24935		-0.99984		-57.49886
118		-20.56152		14.77617		-55.8992
119		-14.82552		16.73872		-46.38976
120		-5.37854		33.45456		-44.21163
121		1.15656		36.39735		-34.08422
122		-22.6462		9.25007		-54.54247
123		-10.20174		20.14665		-40.55014
124		-7.32958		27.81572		-42.47489
125		-11.12444		15.85841		-38.1073
126		-4.89176		27.23911		-37.02263
127		-29.01286		19.16803		-77.19374
128		-16.90348		34.31021		-68.11718
129		-31.42951		32.28099		-95.14
130		-16.03824		51.02544		-83.10191
131		-16.88235		53.71099		-87.4757
132		-17.7709		30.58975		-66.13155
133		-15.29712		40.05038		-70.64462
134		-19.51132		46.28292		-85.30556
135		-30.7655		21.5577		-83.08871
136		-35.79383		1.52365		-73.11131
137		-30.85954		6.93174		-68.65082
138		-22.25645		18.97105		-63.48395
139		-16.60966		25.29805		-58.51737
140		-7.25658		38.30748		-52.82064
141		-0.82032		45.65289		-47.29353
142		9.36378		59.73665		-41.0091
143		16.67479		68.21064		-34.86107
144		10.73423		51.41784		-29.94939
145		-12.56445		15.83193		-40.96083
146		-16.63483		6.97332		-40.24298
147		-10.69216		9.75937		-31.1437
148		-1.02764		24.84826		-26.90353
149		5.73646		28.56777		-17.09485
150		16.26565		44.65849		-12.12719
151		23.93992		49.41489		-1.53506
152		35.42719		66.61279		4.24159
153		27.0645		76.58815		-22.45914
154		42.12531		94.57783		-10.3272
155		47.75153		102.6201		-7.11705
156		29.81022		62.38278		-2.76234
157		24.561		65.42354		-16.30155
158		36.08095		74.17592		-2.01402
159		27.75268		61.42014		-5.91479
160		25.80425		46.25101		5.3575
161		33.98055		59.8414		8.11971
162		45.99628		68.82165		23.17091
163		38.18986		84.65181		-8.27208
164		36.79076		90.72334		-17.14181
165		45.5453		103.63385		-12.54324
166		41.12424		96.13422		-13.88574
167		36.47049		68.47321		4.46778
168		14.52636		30.35909		-1.30638
169		28.92726		47.65281		10.20172
170		16.81339		57.24813		-23.62135
171		17.6983		66.04416		-30.64755
172		22.03888		69.79836		-25.72059
173		19.78973		78.95062		-39.37115
174		10.60403		88.20012		-66.99206
175		24.7985		107.2767		-57.67971
176		29.51277		115.5198		-56.49425
177		27.65699		98.82134		-43.50737
178		35.9308		113.69296		-41.83137
179		48.04917		127.03123		-30.9329
180		57.39625		143.3893		-28.5968
181		70.64438		158.29086		-17.0021
182		64.13523		148.31488		-20.04442
183		64.10168		130.15861		-1.95525
184		74.29363		148.55052		0.03675
185		71.38564		177.14137		-34.37008
186		85.37005		194.57482		-23.83471
187		96.6814		213.73616		-20.37337
188		94.95171		213.59634		-23.69292
189		76.08553		194.24749		-42.07643
190		76.68094		208.56767		-55.20579
191		70.48951		207.175		-66.19598
192		53.74494		181.16995		-73.68007
193		49.75544		198.35687		-98.84599
194		45.55596		184.6865		-93.57458
195		7.04456		127.88784		-113.79872
196		7.41533		106.5368		-91.70615
197		11.2147		120.8794		-98.45001
198		25.44132		135.5472		-84.66457
199		30.18942		151.41707		-91.03823
200		45.41471		167.69214		-76.86272
201		34.16861		143.24655		-74.90932
202		35.96696		131.78312		-59.8492
203		41.26904		145.27401		-62.73593
204		40.032		125.27543		-45.21143
205		48.9571		146.51102		-48.59682
206		27.67005		145.94058		-90.60047
207		-8.37341		90.56465		-107.31147
208		-12.22324		81.51772		-105.9642
209		-23.09374		70.38462		-116.5721
210		-44.76401		29.92388		-119.45189
211		-53.93807		-5.25039		-102.62575
212		-46.54942		9.30869		-102.40753
213		-42.1814		11.98534		-96.34815
214		-34.17381		27.45481		-95.80243
215		-29.1546		31.08585		-89.39505
216		-37.50769		2.97846		-77.99385
217		-29.25541		13.20998		-71.72081
218		-23.97619		20.8351		-68.78749
219		-15.0124		32.00734		-62.03213
220		-8.98296		40.62488		-58.59081
221		0.7688		52.83872		-51.30111
222		7.62983		62.55623		-47.29656
223		18.25397		75.92307		-39.41513
224		8.98124		90.26506		-72.30257
225		6.04756		71.37818		-59.28305
226		-3.87213		67.53746		-75.28173
227		-7.48032		65.11597		-80.07661
228		-1.04347		79.62007		-81.70701
229		9.10447		89.76666		-71.55772
230		-0.67575		59.06406		-60.41555
231		-4.10631		64.62821		-72.84084
232		2.53283		71.5921		-66.52644
233		12.82022		88.74054		-63.10009
234		20.37735		96.99937		-56.24467
235		14.71613		71.89861		-42.46635
236		25.88464		88.06676		-36.29747
237		33.91894		97.41137		-29.57349
238		11.16705		69.0268		-46.69271
239		-7.94022		18.81545		-34.69588
240		-15.50944		11.60837		-42.62724
241		-6.75595		14.08525		-27.59715
242		0.28341		31.15453		-30.58771
243		9.38727		34.55515		-15.78062
244		17.69805		53.64984		-18.25374
245		-0.63559		57.27218		-58.54336
246		-4.94252		42.2244		-52.10943
247		-12.01788		40.90847		-64.94423
248		-17.556		-5.68193		-29.43007
249		-22.8		-11.4		-34.2
250		0.0		0.0		0.0
