step	mediator-random_cum_inst_loss_mean	mediator-random_cum_inst_loss_std_up	mediator-random_cum_inst_loss_std_down
1		66.33435		98.82557		33.84314
2		82.47577		149.16827		15.78328
3		98.69049		202.51577		-5.13479
4		108.37962		253.55786		-36.79862
5		109.35495		298.99284		-80.28293
6		129.60537		322.16505		-62.95431
7		143.5426		343.00083		-55.91564
8		185.8846		371.94549		-0.1763
9		224.92088		403.00118		46.84057
10		256.78796		435.11888		78.45703
11		309.55599		528.57992		90.53207
12		357.7223		629.85301		85.59159
13		399.19993		732.05211		66.34774
14		442.08434		847.38239		36.78628
15		479.84682		963.48237		-3.78872
16		510.37306		1076.93831		-56.19218
17		561.7297		1175.31146		-51.85207
18		608.41031		1270.12756		-53.30694
19		648.32406		1361.86897		-65.22085
20		681.11478		1450.23915		-88.00959
21		706.40759		1534.94268		-122.1275
22		723.80785		1615.68361		-168.0679
23		732.90018		1692.16367		-226.36331
24		733.2473		1764.08048		-297.58588
25		724.38895		1831.12582		-382.34792
26		705.84062		1892.98389		-481.30264
27		677.09232		1949.32975		-595.1451
28		637.60721		1999.82778		-724.61336
29		586.82019		2044.13023		-870.48985
30		524.13643		2081.87581		-1033.60295
31		477.37727		2119.0992		-1164.34467
32		449.22559		2146.21775		-1247.76658
33		449.10822		2200.80244		-1302.586
34		443.45043		2253.84181		-1366.94095
35		436.71861		2313.20221		-1439.765
36		422.25348		2369.62829		-1525.12132
37		397.80329		2420.30905		-1624.70247
38		362.8425		2464.93657		-1739.25157
39		316.81793		2503.18567		-1869.54982
40		287.59475		2549.38737		-1974.19787
41		267.902		2619.60184		-2083.79784
42		239.7938		2690.46859		-2210.88099
43		200.98248		2759.29477		-2357.32981
44		187.79969		2822.73939		-2447.14002
45		168.38882		2884.4328		-2547.65517
46		167.18007		2963.58268		-2629.22255
47		186.97619		3023.37833		-2649.42595
48		200.43522		3076.76307		-2675.89264
49		205.37887		3124.5546		-2713.79685
50		201.35898		3166.5077		-2763.78975
51		187.90376		3202.36493		-2826.5574
52		192.96412		3296.79091		-2910.86266
53		190.91182		3391.282		-3009.45835
54		179.52776		3481.60419		-3122.54866
55		158.3208		3567.53878		-3250.89718
56		126.77393		3648.85539		-3395.30752
57		112.79045		3706.46736		-3480.88646
58		90.692		3757.03928		-3575.65528
59		95.10171		3835.48451		-3645.2811
60		122.65674		3895.21904		-3649.90555
61		144.28305		3948.221		-3659.6549
62		186.27133		4020.4632		-3647.92055
63		223.09052		4089.06304		-3642.882
64		252.62382		4152.19885		-3646.95121
65		274.48776		4209.59494		-3660.61942
66		288.27869		4260.96183		-3684.40445
67		293.57171		4305.99554		-3718.85211
68		289.91957		4344.37685		-3764.53771
69		276.85147		4375.77051		-3822.06757
70		253.87183		4399.82437		-3892.08071
71		248.90648		4433.17413		-3935.36118
72		236.30079		4460.49862		-3987.89703
73		242.2554		4462.13895		-3977.62816
74		249.5919		4468.49425		-3969.31045
75		278.38302		4497.11755		-3940.35151
76		301.31047		4520.4517		-3917.83076
77		316.22088		4536.50132		-3904.05955
78		322.69231		4544.95916		-3899.57453
79		357.17557		4581.85771		-3867.50657
80		416.38699		4597.94249		-3765.16852
81		479.78328		4623.20599		-3663.63942
82		539.13723		4645.00059		-3566.72613
83		600.83881		4677.57075		-3475.89312
84		686.85634		4756.16548		-3382.45279
85		770.02211		4833.02195		-3292.97772
86		856.78878		4923.08153		-3209.50398
87		940.74311		5012.69289		-3131.20667
88		1019.89235		5097.84964		-3058.06494
89		1102.43108		5196.47451		-2991.61235
90		1181.93496		5295.07959		-2931.20967
91		1256.39951		5389.70297		-2876.90396
92		1325.5595		5480.13991		-2829.02091
93		1389.13575		5566.17527		-2787.90377
94		1446.83437		5647.58301		-2753.91426
95		1498.34602		5724.12563		-2727.43359
96		1543.34506		5795.55363		-2708.86351
97		1581.48873		5861.60487		-2698.62741
98		1612.41622		5922.00394		-2697.17151
99		1635.74772		5976.46148		-2704.96604
100		1707.97843		6033.86713		-2617.91026
101		1778.47651		6086.04231		-2529.08929
102		1843.46127		6132.16964		-2445.24709
103		1911.09003		6190.57955		-2368.39949
104		1974.8992		6247.5838		-2297.7854
105		2032.843		6299.13942		-2233.45342
106		2084.61273		6345.04721		-2175.82174
107		2129.88345		6385.10702		-2125.34013
108		2196.76057		6438.55309		-2045.03196
109		2259.77855		6487.89816		-1968.34107
110		2316.88951		6531.7862		-1898.00717
111		2376.23007		6582.53102		-1830.07089
112		2431.31481		6630.32272		-1767.6931
113		2480.07501		6672.32536		-1712.17535
114		2522.17779		6708.3385		-1663.98293
115		2565.72025		6749.7456		-1618.30511
116		2604.17542		6787.38315		-1579.03231
117		2643.87829		6829.81568		-1542.0591
118		2678.29179		6868.19705		-1511.61347
119		2705.29279		6899.86644		-1489.28086
120		2724.49115		6924.52188		-1475.53958
121		2753.92369		6965.50665		-1457.65928
122		2777.52631		7002.12875		-1447.07613
123		2801.59492		7050.71334		-1447.52349
124		2819.55131		7096.94398		-1457.84136
125		2829.22903		7136.56427		-1478.10621
126		2830.19235		7169.24161		-1508.85691
127		2821.98263		7194.62701		-1550.66174
128		2804.11708		7212.35418		-1604.12002
129		2776.08749		7222.03875		-1669.86376
130		2765.8064		7199.65512		-1668.04231
131		2756.0527		7173.53429		-1661.42889
132		2738.40665		7138.85516		-1662.04186
133		2747.50309		7156.77603		-1661.76985
134		2751.54405		7172.90085		-1669.81276
135		2746.57394		7180.80718		-1687.6593
136		2732.1185		7180.07788		-1715.84088
137		2734.57349		7222.1637		-1753.01673
138		2731.62343		7264.01054		-1800.76367
139		2719.29437		7299.05808		-1860.46934
140		2697.09266		7326.96488		-1932.77955
141		2682.94619		7370.5273		-2004.63491
142		2679.12366		7434.07953		-2075.83221
143		2686.16844		7512.82776		-2140.49088
144		2694.65249		7599.31125		-2210.00627
145		2696.20407		7683.78052		-2291.37238
146		2735.50855		7764.05095		-2293.03385
147		2771.34744		7840.33177		-2297.6369
148		2808.29632		7920.20614		-2303.61349
149		2848.25838		8008.41223		-2311.89546
150		2882.94472		8094.90104		-2329.01161
151		2938.68039		8152.74675		-2275.38597
152		2998.41801		8221.19265		-2224.35664
153		3053.92072		8288.13953		-2180.29809
154		3103.12088		8349.5592		-2143.31743
155		3145.68678		8405.17811		-2113.80454
156		3181.26925		8454.70996		-2092.17146
157		3209.50073		8497.85516		-2078.85369
158		3238.44183		8542.82994		-2065.94629
159		3261.52714		8583.07358		-2060.01929
160		3305.05122		8592.0128		-1981.91036
161		3361.93453		8630.16371		-1906.29465
162		3414.4327		8665.60645		-1836.74104
163		3460.47019		8694.35545		-1773.41506
164		3499.70697		8716.13754		-1716.7236
165		3540.23258		8749.10464		-1668.63949
166		3612.40709		8820.52147		-1595.70728
167		3682.84603		8890.65812		-1524.96607
168		3747.76852		8955.53565		-1459.9986
169		3806.88425		9014.90677		-1401.13826
170		3859.88759		9068.51432		-1348.73914
171		3924.90432		9137.03226		-1287.22362
172		3985.96399		9202.53726		-1230.60927
173		4059.46107		9289.89257		-1170.97043
174		4129.44742		9375.87438		-1116.97953
175		4193.89352		9457.75431		-1069.96726
176		4260.95527		9545.39386		-1023.48332
177		4324.16758		9631.56228		-983.22711
178		4381.48312		9714.10697		-951.14073
179		4451.039		9806.725		-904.64699
180		4516.87673		9896.82569		-863.07223
181		4595.40334		9996.45451		-805.64782
182		4670.68394		10093.70679		-752.33891
183		4740.70293		10187.11329		-705.70742
184		4805.18339		10276.49593		-666.12915
185		4863.83381		10361.66932		-634.0017
186		4916.34735		10442.44045		-609.74575
187		4962.40102		10518.6085		-593.80647
188		5001.65482		10589.96449		-586.65486
189		5060.64584		10690.00882		-568.71714
190		5117.2074		10788.95034		-554.53553
191		5167.52215		10884.1506		-549.1063
192		5219.70879		10981.71301		-542.29544
193		5267.26309		11076.87931		-542.35313
194		5316.544		11161.59726		-528.50927
195		5361.03964		11240.48321		-518.40393
196		5398.65342		11314.69946		-517.39263
197		5429.02312		11384.03544		-525.98921
198		5451.76748		11448.27211		-544.73715
199		5466.48518		11507.18155		-574.2112
200		5491.20123		11546.28618		-563.88373
201		5538.28662		11614.53806		-537.96482
202		5580.47119		11679.72572		-518.78334
203		5615.65226		11739.28344		-507.97892
204		5661.90871		11806.37655		-482.55914
205		5703.22071		11869.21769		-462.77627
206		5737.48328		11926.24285		-451.27628
207		5764.32541		11977.15555		-448.50474
208		5791.80402		12015.11061		-431.50257
209		5813.34988		12044.51117		-417.81142
210		5826.80598		12066.34066		-412.72869
211		5840.19405		12090.99045		-410.60235
212		5846.90776		12110.14438		-416.32886
213		5853.19856		12134.43889		-428.04177
214		5852.44147		12153.94046		-449.05753
215		5850.86827		12171.98243		-470.24589
216		5841.83327		12183.54703		-499.88049
217		5823.09901		12186.93085		-540.73283
218		5794.15498		12181.7452		-593.43524
219		5801.35882		12183.69037		-580.97272
220		5803.40757		12179.17838		-572.36325
221		5814.78788		12150.85121		-521.27544
222		5819.38817		12110.80418		-472.02785
223		5831.90181		12084.33662		-420.53301
224		5839.53981		12053.17313		-374.09351
225		5866.80356		12045.77301		-312.16589
226		5916.57073		12052.4593		-219.31783
227		5961.57824		12051.91776		-128.76128
228		5999.73081		12042.43977		-42.97814
229		6030.66768		12023.59746		37.7379
230		6062.45654		12001.37617		123.53691
231		6088.53951		11970.78703		206.29199
232		6106.77151		11930.08894		283.45409
233		6125.18685		11893.91702		356.45667
234		6145.6399		11867.81507		423.46473
235		6159.79044		11835.71905		483.86182
236		6183.90948		11816.50378		551.31518
237		6201.91895		11790.76813		613.06977
238		6240.10004		11809.59048		670.60959
239		6272.91165		11824.08281		721.74049
240		6298.22646		11830.55441		765.8985
241		6315.64987		11828.63569		802.66406
242		6333.21405		11833.38685		833.04125
243		6352.77116		11848.53549		857.00683
244		6365.97859		11859.08148		872.8757
245		6370.65741		11861.41119		879.90363
246		6374.8063		11847.72288		901.88972
247		6371.79516		11822.97666		920.61366
248		6387.85719		11837.7396		937.97477
249		6397.45219		11847.3346		947.56977
250		6397.45219		11847.3346		947.56977
