step	mediator-random_runtime_mean	mediator-random_runtime_std_up	mediator-random_runtime_std_down
1		0.00016		0.00016		0.00015
2		0.45617		0.68322		0.22911
3		0.87501		1.09616		0.65386
4		1.30616		1.44595		1.16637
5		1.48045		1.65197		1.30892
6		1.49248		1.66199		1.32297
7		1.50346		1.67203		1.33488
8		1.6216		1.75649		1.48671
9		1.73089		1.93036		1.53142
10		1.85365		2.16961		1.53769
11		1.8637		2.1799		1.5475
12		1.96958		2.39549		1.54366
13		2.12987		2.64328		1.61645
14		2.29581		2.90585		1.68577
15		2.3559		2.95494		1.75685
16		2.42069		3.08242		1.75896
17		2.46845		3.1292		1.8077
18		2.52922		3.20261		1.85582
19		2.59366		3.33173		1.85559
20		2.60436		3.34288		1.86584
21		2.66172		3.43822		1.88521
22		2.76951		3.65081		1.88821
23		2.82438		3.75241		1.89636
24		2.87857		3.85804		1.8991
25		2.93116		3.96545		1.89687
26		2.9411		3.97531		1.90688
27		2.95103		3.98502		1.91703
28		2.96082		3.99436		1.92729
29		3.01067		4.04466		1.97669
30		3.06123		4.10099		2.02146
31		3.15348		4.261		2.04596
32		3.2458		4.42522		2.06639
33		3.29385		4.49088		2.09681
34		3.3414		4.56015		2.12265
35		3.37592		4.6106		2.14125
36		3.38572		4.62011		2.15132
37		3.39535		4.62985		2.16084
38		3.4058		4.64026		2.17135
39		3.41519		4.64956		2.18083
40		3.42458		4.65875		2.19042
41		3.4344		4.6688		2.20001
42		3.44384		4.67816		2.20952
43		3.45416		4.68837		2.21994
44		3.46343		4.69754		2.22932
45		3.47352		4.70798		2.23906
46		3.48309		4.71765		2.24854
47		3.52924		4.72778		2.33071
48		3.57728		4.74209		2.41247
49		3.62404		4.75989		2.4882
50		3.67059		4.78201		2.55916
51		3.71653		4.80803		2.62503
52		3.76231		4.83819		2.68644
53		3.80812		4.8735		2.74274
54		3.85379		4.91366		2.79392
55		3.9342		4.92682		2.94159
56		4.01794		4.9419		3.09399
57		4.1005		4.95949		3.2415
58		4.22393		5.04477		3.40309
59		4.3024		4.99495		3.60984
60		4.45708		5.07715		3.83701
61		4.62095		5.20884		4.03306
62		4.7851		5.39454		4.17566
63		4.94834		5.64061		4.25608
64		5.1096		5.91508		4.30413
65		5.26872		6.21376		4.32368
66		5.42769		6.52357		4.33181
67		5.65508		6.9051		4.40506
68		5.7999		7.16149		4.4383
69		6.02142		7.52978		4.51306
70		6.24569		7.90955		4.58182
71		6.53724		8.29949		4.77499
72		6.84759		8.71559		4.97958
73		7.07542		9.03711		5.11373
74		7.37032		9.4335		5.30714
75		7.65559		9.82211		5.48906
76		7.81666		10.14135		5.49197
77		8.09894		10.52624		5.67165
78		8.38082		10.90329		5.85835
79		8.63413		11.22314		6.04513
80		8.8434		11.4614		6.2254
81		9.04707		11.70023		6.39392
82		9.35341		12.15793		6.54889
83		9.42968		12.29301		6.56635
84		9.68303		12.6404		6.72565
85		9.82519		12.81581		6.83456
86		10.07586		13.15586		6.99586
87		10.31681		13.48661		7.14701
88		10.48526		13.68353		7.28699
89		10.62036		13.81915		7.42157
90		10.79425		14.03631		7.55218
91		11.00352		14.3196		7.68743
92		11.14626		14.45677		7.83574
93		11.37584		14.65287		8.0988
94		11.5332		14.80036		8.26603
95		11.81714		15.02569		8.60858
96		12.06372		15.21188		8.91556
97		12.18297		15.34353		9.0224
98		12.26347		15.47599		9.05096
99		12.36582		15.50116		9.23048
100		12.46318		15.61968		9.30667
101		12.56361		15.65391		9.47332
102		12.77037		15.8613		9.67945
103		12.97021		16.06289		9.87753
104		13.1961		16.28183		10.11037
105		13.24702		16.35845		10.13558
106		13.45693		16.57816		10.33569
107		13.67344		16.80647		10.54041
108		13.8022		16.98374		10.62065
109		13.93733		17.18098		10.69369
110		14.05608		17.35598		10.75618
111		14.11427		17.42994		10.79861
112		14.14421		17.42189		10.86653
113		14.26086		17.43002		11.09169
114		14.34461		17.5484		11.14083
115		14.38602		17.52621		11.24582
116		14.4683		17.55214		11.38447
117		14.55159		17.58948		11.51369
118		14.56157		17.59952		11.52363
119		14.68005		17.67845		11.68165
120		14.75955		17.71968		11.79942
121		14.84279		17.75829		11.92729
122		14.96202		17.86824		12.0558
123		15.06424		17.92038		12.20809
124		15.18408		18.00532		12.36285
125		15.37331		18.10489		12.64174
126		15.50375		18.27601		12.73149
127		15.65935		18.33607		12.98263
128		15.84954		18.44653		13.25255
129		16.00532		18.53599		13.47465
130		16.07493		18.63632		13.51353
131		16.25175		18.8196		13.68389
132		16.39912		19.03866		13.75958
133		16.5021		19.20044		13.80375
134		16.63822		19.30688		13.96956
135		16.75409		19.34643		14.16174
136		16.82673		19.45283		14.20063
137		16.93038		19.59508		14.26568
138		17.06285		19.69686		14.42885
139		17.16802		19.78515		14.5509
140		17.24669		19.90766		14.58572
141		17.34944		19.9484		14.75049
142		17.45405		20.01759		14.89051
143		17.55886		20.09212		15.02561
144		17.66536		20.17093		15.15978
145		17.73561		20.27481		15.19642
146		17.87334		20.47524		15.27145
147		17.99765		20.64176		15.35355
148		18.07556		20.67863		15.4725
149		18.19335		20.7834		15.6033
150		18.32617		20.87239		15.77995
151		18.40067		20.99415		15.80719
152		18.46955		21.00302		15.93608
153		18.60655		21.10955		16.10355
154		18.70876		21.17878		16.23875
155		18.80919		21.2599		16.35849
156		18.87385		21.3658		16.38191
157		19.03617		21.51152		16.56082
158		19.11671		21.56967		16.66374
159		19.21491		21.63235		16.79748
160		19.32355		21.72777		16.91934
161		19.48018		21.90629		17.05407
162		19.56005		21.94261		17.1775
163		19.70027		22.09488		17.30565
164		19.82451		22.29881		17.35021
165		19.86647		22.36351		17.36943
166		20.01398		22.54629		17.48167
167		20.11245		22.65934		17.56555
168		20.17397		22.67397		17.67396
169		20.27269		22.75845		17.78693
170		20.40215		22.85338		17.95092
171		20.46858		22.86758		18.06957
172		20.56151		22.95644		18.16658
173		20.75832		23.1524		18.36424
174		20.83149		23.2847		18.37827
175		20.92279		23.44319		18.4024
176		21.06512		23.58297		18.54728
177		21.19582		23.75166		18.63998
178		21.28816		23.91191		18.66441
179		21.41193		24.05304		18.77083
180		21.50302		24.21199		18.79404
181		21.62866		24.35838		18.89894
182		21.72614		24.44834		19.00393
183		21.90515		24.60821		19.20208
184		22.02443		24.80677		19.24209
185		22.17797		24.93074		19.42521
186		22.30075		25.0781		19.5234
187		22.41538		25.23971		19.59105
188		22.55964		25.38713		19.73216
189		22.67336		25.54612		19.8006
190		22.82638		25.69817		19.95459
191		22.98644		25.84382		20.12907
192		23.12486		26.01174		20.23798
193		23.24609		26.15664		20.33555
194		23.39805		26.31064		20.48547
195		23.51191		26.4705		20.55333
196		23.62971		26.63758		20.62183
197		23.8001		26.79135		20.80885
198		23.9209		26.93588		20.90593
199		24.03658		27.10188		20.97128
200		24.15401		27.26862		21.0394
201		24.26717		27.43195		21.1024
202		24.40732		27.53394		21.28071
203		24.50125		27.69762		21.30487
204		24.64486		27.84934		21.44038
205		24.80205		27.99257		21.61154
206		24.91431		28.15572		21.67289
207		25.05297		28.32788		21.77807
208		25.17908		28.47084		21.88733
209		25.33096		28.62254		22.03938
210		25.4448		28.78743		22.10216
211		25.58248		28.95547		22.2095
212		25.64513		29.04838		22.24189
213		25.78235		29.2214		22.3433
214		25.94414		29.39252		22.49575
215		26.02562		29.5265		22.52474
216		26.1682		29.67746		22.65893
217		26.33554		29.8262		22.84488
218		26.45937		29.97309		22.94564
219		26.59549		30.11948		23.07151
220		26.72982		30.26467		23.19497
221		26.8671		30.41512		23.31908
222		27.0047		30.55547		23.45392
223		27.14374		30.70935		23.57813
224		27.31283		30.85309		23.77257
225		27.42232		31.0256		23.81904
226		27.50143		31.09508		23.90778
227		27.63151		31.23837		24.02465
228		27.8025		31.38825		24.21675
229		27.92715		31.52727		24.32702
230		28.01488		31.67872		24.35104
231		28.15026		31.81759		24.48294
232		28.25067		31.91408		24.58725
233		28.33554		32.06245		24.60863
234		28.50375		32.20289		24.80462
235		28.59294		32.35751		24.82837
236		28.72757		32.50127		24.95388
237		28.86591		32.64026		25.09156
238		28.99813		32.77831		25.21796
239		29.1162		32.94216		25.29025
240		29.19485		33.07007		25.31963
241		29.32912		33.20703		25.4512
242		29.46601		33.35168		25.58034
243		29.59661		33.5003		25.69292
244		29.76062		33.64169		25.87955
245		29.88127		33.78385		25.97869
246		29.97805		33.92714		26.02897
247		30.07513		34.07052		26.07973
248		30.19517		34.23205		26.15829
249		30.32072		34.36257		26.27887
250		30.48048		34.51986		26.4411
