step	mediator-random_reward_mean	mediator-random_reward_std_up	mediator-random_reward_std_down
1		-0.8		-0.4		-1.2
2		-1.8		-1.4		-2.2
3		-2.8		-2.4		-3.2
4		16.4		57.2		-24.4
5		15.4		56.2		-25.4
6		44.8		123.42163		-33.82163
7		43.8		122.42163		-34.82163
8		42.8		121.42163		-35.82163
9		41.8		120.42163		-36.82163
10		40.8		119.42163		-37.82163
11		70.2		183.91086		-43.51086
12		69.2		182.91086		-44.51086
13		68.2		181.91086		-45.51086
14		87.4		202.90861		-28.10861
15		106.6		220.34638		-7.14638
16		125.8		251.49232		0.10768
17		124.8		250.49232		-0.89232
18		123.8		249.49232		-1.89232
19		122.8		248.49232		-2.89232
20		121.8		247.49232		-3.89232
21		120.8		246.49232		-4.89232
22		140.0		288.06485		-8.06485
23		139.0		287.06485		-9.06485
24		138.0		286.06485		-10.06485
25		137.0		285.06485		-11.06485
26		136.0		284.06485		-12.06485
27		135.0		283.06485		-13.06485
28		134.0		282.06485		-14.06485
29		133.0		281.06485		-15.06485
30		132.0		280.06485		-16.06485
31		131.0		279.06485		-17.06485
32		130.0		278.06485		-18.06485
33		129.0		277.06485		-19.06485
34		128.0		276.06485		-20.06485
35		177.4		303.07673		51.72327
36		176.4		302.07673		50.72327
37		175.4		301.07673		49.72327
38		174.4		300.07673		48.72327
39		203.8		358.654		48.946
40		202.8		357.654		47.946
41		212.0		372.13869		51.86131
42		211.0		371.13869		50.86131
43		210.0		370.13869		49.86131
44		209.0		369.13869		48.86131
45		208.0		368.13869		47.86131
46		207.0		367.13869		46.86131
47		226.4		364.33709		88.46291
48		225.4		363.33709		87.46291
49		244.6		377.92007		111.27993
50		243.6		376.92007		110.27993
51		252.8		388.45604		117.14396
52		251.8		387.45604		116.14396
53		250.8		386.45604		115.14396
54		249.8		385.45604		114.14396
55		299.2		395.44012		202.95988
56		298.2		394.44012		201.95988
57		307.4		388.47675		226.32325
58		326.6		415.06378		238.13622
59		325.6		414.06378		237.13622
60		324.6		413.06378		236.13622
61		343.8		454.89707		232.70293
62		342.8		453.89707		231.70293
63		341.8		452.89707		230.70293
64		351.0		468.48702		233.51298
65		360.2		482.81876		237.58124
66		379.4		477.94258		280.85742
67		378.4		476.94258		279.85742
68		407.8		538.61345		276.98655
69		406.8		537.61345		275.98655
70		405.8		536.61345		274.98655
71		415.0		549.70115		280.29885
72		434.2		554.3822		314.0178
73		453.4		588.04115		318.75885
74		452.4		587.04115		317.75885
75		451.4		586.04115		316.75885
76		450.4		585.04115		315.75885
77		499.8		652.09104		347.50896
78		498.8		651.09104		346.50896
79		528.0		629.50468		426.49532
80		537.2		640.63578		433.76422
81		556.4		656.09674		456.70326
82		565.6		669.30844		461.89156
83		564.6		668.30844		460.89156
84		573.8		680.4947		467.1053
85		572.8		679.4947		466.1053
86		571.8		678.4947		465.1053
87		581.0		689.74006		472.25994
88		580.0		688.74006		471.25994
89		589.2		677.94097		500.45903
90		588.2		676.94097		499.45903
91		587.2		675.94097		498.45903
92		606.4		656.4983		556.3017
93		605.4		655.4983		555.3017
94		624.6		692.50169		556.69831
95		643.8		732.54097		555.05903
96		642.8		731.54097		554.05903
97		641.8		730.54097		553.05903
98		651.0		749.81295		552.18705
99		650.0		748.81295		551.18705
100		659.2		755.96859		562.43141
101		658.2		754.96859		561.43141
102		657.2		753.96859		560.43141
103		666.4		747.97843		584.82157
104		665.4		746.97843		583.82157
105		664.4		745.97843		582.82157
106		683.6		792.90435		574.29565
107		682.6		791.90435		573.29565
108		701.8		813.08234		590.51766
109		700.8		812.08234		589.51766
110		699.8		811.08234		588.51766
111		698.8		810.08234		587.51766
112		697.8		809.08234		586.51766
113		696.8		808.08234		585.51766
114		695.8		807.08234		584.51766
115		715.0		814.51482		615.48518
116		714.0		813.51482		614.48518
117		713.0		812.51482		613.48518
118		732.2		835.57775		628.82225
119		731.2		834.57775		627.82225
120		730.2		833.57775		626.82225
121		779.6		838.88103		720.31897
122		778.6		837.88103		719.31897
123		777.6		836.88103		718.31897
124		776.6		835.88103		717.31897
125		775.6		834.88103		716.31897
126		774.6		833.88103		715.31897
127		783.8		848.00405		719.59595
128		782.8		847.00405		718.59595
129		802.0		890.44659		713.55341
130		801.0		889.44659		712.55341
131		800.0		888.44659		711.55341
132		799.0		887.44659		710.55341
133		798.0		886.44659		709.55341
134		817.2		920.48098		713.91902
135		816.2		919.48098		712.91902
136		815.2		918.48098		711.91902
137		814.2		917.48098		710.91902
138		843.4		918.67177		768.12823
139		862.6		965.53027		759.66973
140		861.6		964.53027		758.66973
141		860.6		963.53027		757.66973
142		859.6		962.53027		756.66973
143		858.6		961.53027		755.66973
144		867.8		968.50631		767.09369
145		866.8		967.50631		766.09369
146		886.0		1019.87606		752.12394
147		885.0		1018.87606		751.12394
148		894.2		1016.14655		772.25345
149		893.2		1015.14655		771.25345
150		892.2		1014.14655		770.25345
151		911.4		1071.10047		751.69953
152		930.6		1095.28224		765.91776
153		929.6		1094.28224		764.91776
154		928.6		1093.28224		763.91776
155		947.8		1095.78838		799.81162
156		946.8		1094.78838		798.81162
157		976.2		1121.72443		830.67557
158		975.2		1120.72443		829.67557
159		994.4		1173.88437		814.91563
160		993.4		1172.88437		813.91563
161		992.4		1171.88437		812.91563
162		991.4		1170.88437		811.91563
163		990.4		1169.88437		810.91563
164		989.4		1168.88437		809.91563
165		988.4		1167.88437		808.91563
166		987.4		1166.88437		807.91563
167		1016.8		1225.59406		808.00594
168		1015.8		1224.59406		807.00594
169		1014.8		1223.59406		806.00594
170		1044.0		1227.80968		860.19032
171		1043.0		1226.80968		859.19032
172		1042.0		1225.80968		858.19032
173		1041.0		1224.80968		857.19032
174		1050.2		1226.49793		873.90207
175		1049.2		1225.49793		872.90207
176		1068.4		1284.27645		852.52355
177		1087.6		1294.98139		880.21861
178		1086.6		1293.98139		879.21861
179		1095.8		1301.69065		889.90935
180		1094.8		1300.69065		888.90935
181		1093.8		1299.69065		887.90935
182		1113.0		1357.84444		868.15556
183		1112.0		1356.84444		867.15556
184		1111.0		1355.84444		866.15556
185		1110.0		1354.84444		865.15556
186		1109.0		1353.84444		864.15556
187		1128.2		1369.8389		886.5611
188		1127.2		1368.8389		885.5611
189		1146.4		1426.39186		866.40814
190		1145.4		1425.39186		865.40814
191		1144.4		1424.39186		864.40814
192		1193.8		1454.9876		932.6124
193		1192.8		1453.9876		931.6124
194		1191.8		1452.9876		930.6124
195		1221.2		1477.26749		965.13251
196		1230.4		1481.12184		979.67816
197		1229.4		1480.12184		978.67816
198		1258.6		1496.84576		1020.35424
199		1257.6		1495.84576		1019.35424
200		1256.6		1494.84576		1018.35424
201		1286.0		1548.96312		1023.03688
202		1285.0		1547.96312		1022.03688
203		1284.0		1546.96312		1021.03688
204		1303.2		1571.66706		1034.73294
205		1302.2		1570.66706		1033.73294
206		1301.2		1569.66706		1032.73294
207		1300.2		1568.66706		1031.73294
208		1299.2		1567.66706		1030.73294
209		1298.2		1566.66706		1029.73294
210		1297.2		1565.66706		1028.73294
211		1296.2		1564.66706		1027.73294
212		1295.2		1563.66706		1026.73294
213		1334.6		1647.42238		1021.77762
214		1333.6		1646.42238		1020.77762
215		1383.0		1722.40477		1043.59523
216		1382.0		1721.40477		1042.59523
217		1381.0		1720.40477		1041.59523
218		1390.2		1729.28607		1051.11393
219		1389.2		1728.28607		1050.11393
220		1388.2		1727.28607		1049.11393
221		1427.8		1754.79443		1100.80557
222		1426.8		1753.79443		1099.80557
223		1425.8		1752.79443		1098.80557
224		1445.0		1784.93352		1105.06648
225		1454.2		1782.42151		1125.97849
226		1453.2		1781.42151		1124.97849
227		1452.2		1780.42151		1123.97849
228		1451.2		1779.42151		1122.97849
229		1470.4		1797.33889		1143.46111
230		1489.6		1832.46242		1146.73758
231		1508.8		1853.9993		1163.6007
232		1518.0		1851.06636		1184.93364
233		1517.0		1850.06636		1183.93364
234		1516.0		1849.06636		1182.93364
235		1515.0		1848.06636		1181.93364
236		1514.0		1847.06636		1180.93364
237		1523.2		1844.97035		1201.42965
238		1522.2		1843.97035		1200.42965
239		1521.2		1842.97035		1199.42965
240		1591.0		1901.40425		1280.59575
241		1590.0		1900.40425		1279.59575
242		1609.2		1940.6522		1277.7478
243		1608.2		1939.6522		1276.7478
244		1627.4		1980.29353		1274.50647
245		1646.6		2021.42241		1271.77759
246		1645.6		2020.42241		1270.77759
247		1644.6		2019.42241		1269.77759
248		1674.0		2074.3973		1273.6027
249		1673.0		2073.3973		1272.6027
250		1672.0		2072.3973		1271.6027
