step	mediator-random_cov_err_sq_T_mean	mediator-random_cov_err_sq_T_std_up	mediator-random_cov_err_sq_T_std_down
1		12.80792		12.80792		12.80792
2		12.80792		12.80792		12.80792
3		12.80792		12.80792		12.80792
4		12.80792		12.80792		12.80792
5		12.80792		12.80792		12.80792
6		12.80792		12.80792		12.80792
7		12.80792		12.80792		12.80792
8		12.80792		12.80792		12.80792
9		12.80792		12.80792		12.80792
10		12.80792		12.80792		12.80792
11		12.80792		12.80792		12.80792
12		12.80792		12.80792		12.80792
13		12.80792		12.80792		12.80792
14		12.80792		12.80792		12.80792
15		12.80792		12.80792		12.80792
16		12.80792		12.80792		12.80792
17		12.80792		12.80792		12.80792
18		12.80792		12.80792		12.80792
19		12.80792		12.80792		12.80792
20		12.80792		12.80792		12.80792
21		12.80792		12.80792		12.80792
22		12.80792		12.80792		12.80792
23		12.80792		12.80792		12.80792
24		12.80792		12.80792		12.80792
25		12.80792		12.80792		12.80792
26		12.80792		12.80792		12.80792
27		12.80792		12.80792		12.80792
28		12.80792		12.80792		12.80792
29		12.80792		12.80792		12.80792
30		12.80792		12.80792		12.80792
31		12.80792		12.80792		12.80792
32		12.80792		12.80792		12.80792
33		12.80792		12.80792		12.80792
34		12.80792		12.80792		12.80792
35		12.80792		12.80792		12.80792
36		12.80792		12.80792		12.80792
37		12.80792		12.80792		12.80792
38		12.80792		12.80792		12.80792
39		12.80792		12.80792		12.80792
40		12.80792		12.80792		12.80792
41		12.80792		12.80792		12.80792
42		12.80792		12.80792		12.80792
43		12.80792		12.80792		12.80792
44		12.80792		12.80792		12.80792
45		12.80792		12.80792		12.80792
46		12.80792		12.80792		12.80792
47		12.80792		12.80792		12.80792
48		12.80792		12.80792		12.80792
49		12.80792		12.80792		12.80792
50		12.80792		12.80792		12.80792
51		12.80792		12.80792		12.80792
52		12.80792		12.80792		12.80792
53		12.80792		12.80792		12.80792
54		12.80792		12.80792		12.80792
55		12.80792		12.80792		12.80792
56		12.80792		12.80792		12.80792
57		12.80792		12.80792		12.80792
58		12.80792		12.80792		12.80792
59		12.80792		12.80792		12.80792
60		12.80792		12.80792		12.80792
61		12.80792		12.80792		12.80792
62		12.80792		12.80792		12.80792
63		12.80792		12.80792		12.80792
64		12.80792		12.80792		12.80792
65		12.80792		12.80792		12.80792
66		12.80792		12.80792		12.80792
67		12.80792		12.80792		12.80792
68		12.80792		12.80792		12.80792
69		12.80792		12.80792		12.80792
70		12.80792		12.80792		12.80792
71		12.80792		12.80792		12.80792
72		12.80792		12.80792		12.80792
73		12.80792		12.80792		12.80792
74		12.80792		12.80792		12.80792
75		12.80792		12.80792		12.80792
76		12.80792		12.80792		12.80792
77		12.80792		12.80792		12.80792
78		12.80792		12.80792		12.80792
79		12.80792		12.80792		12.80792
80		12.80792		12.80792		12.80792
81		12.80792		12.80792		12.80792
82		12.80792		12.80792		12.80792
83		12.80792		12.80792		12.80792
84		12.80792		12.80792		12.80792
85		12.80792		12.80792		12.80792
86		12.80792		12.80792		12.80792
87		12.80792		12.80792		12.80792
88		12.80792		12.80792		12.80792
89		12.80792		12.80792		12.80792
90		12.80792		12.80792		12.80792
91		12.80792		12.80792		12.80792
92		12.80792		12.80792		12.80792
93		12.80792		12.80792		12.80792
94		12.80792		12.80792		12.80792
95		12.80792		12.80792		12.80792
96		12.80792		12.80792		12.80792
97		12.80792		12.80792		12.80792
98		12.80792		12.80792		12.80792
99		12.80792		12.80792		12.80792
100		12.80792		12.80792		12.80792
101		12.80792		12.80792		12.80792
102		12.80792		12.80792		12.80792
103		12.80792		12.80792		12.80792
104		12.80792		12.80792		12.80792
105		12.80792		12.80792		12.80792
106		12.80792		12.80792		12.80792
107		12.80792		12.80792		12.80792
108		12.80792		12.80792		12.80792
109		12.80792		12.80792		12.80792
110		12.80792		12.80792		12.80792
111		12.80792		12.80792		12.80792
112		12.80792		12.80792		12.80792
113		12.80792		12.80792		12.80792
114		12.80792		12.80792		12.80792
115		12.80792		12.80792		12.80792
116		12.80792		12.80792		12.80792
117		12.80792		12.80792		12.80792
118		12.80792		12.80792		12.80792
119		12.80792		12.80792		12.80792
120		12.80792		12.80792		12.80792
121		12.80792		12.80792		12.80792
122		12.80792		12.80792		12.80792
123		12.80792		12.80792		12.80792
124		12.80792		12.80792		12.80792
125		12.80792		12.80792		12.80792
126		12.80792		12.80792		12.80792
127		12.80792		12.80792		12.80792
128		12.80792		12.80792		12.80792
129		12.80792		12.80792		12.80792
130		12.80792		12.80792		12.80792
131		12.80792		12.80792		12.80792
132		12.80792		12.80792		12.80792
133		12.80792		12.80792		12.80792
134		12.80792		12.80792		12.80792
135		12.80792		12.80792		12.80792
136		12.80792		12.80792		12.80792
137		12.80792		12.80792		12.80792
138		12.80792		12.80792		12.80792
139		12.80792		12.80792		12.80792
140		12.80792		12.80792		12.80792
141		12.80792		12.80792		12.80792
142		12.80792		12.80792		12.80792
143		12.80792		12.80792		12.80792
144		12.80792		12.80792		12.80792
145		12.80792		12.80792		12.80792
146		12.80792		12.80792		12.80792
147		12.80792		12.80792		12.80792
148		12.80792		12.80792		12.80792
149		12.80792		12.80792		12.80792
150		12.80792		12.80792		12.80792
151		12.80792		12.80792		12.80792
152		12.80792		12.80792		12.80792
153		12.80792		12.80792		12.80792
154		12.80792		12.80792		12.80792
155		12.80792		12.80792		12.80792
156		12.80792		12.80792		12.80792
157		12.80792		12.80792		12.80792
158		12.80792		12.80792		12.80792
159		12.80792		12.80792		12.80792
160		12.80792		12.80792		12.80792
161		12.80792		12.80792		12.80792
162		12.80792		12.80792		12.80792
163		12.80792		12.80792		12.80792
164		12.80792		12.80792		12.80792
165		12.80792		12.80792		12.80792
166		12.80792		12.80792		12.80792
167		12.80792		12.80792		12.80792
168		12.80792		12.80792		12.80792
169		12.80792		12.80792		12.80792
170		12.80792		12.80792		12.80792
171		12.80792		12.80792		12.80792
172		12.80792		12.80792		12.80792
173		12.80792		12.80792		12.80792
174		12.80792		12.80792		12.80792
175		12.80792		12.80792		12.80792
176		12.80792		12.80792		12.80792
177		12.80792		12.80792		12.80792
178		12.80792		12.80792		12.80792
179		12.80792		12.80792		12.80792
180		12.80792		12.80792		12.80792
181		12.80792		12.80792		12.80792
182		12.80792		12.80792		12.80792
183		12.80792		12.80792		12.80792
184		12.80792		12.80792		12.80792
185		12.80792		12.80792		12.80792
186		12.80792		12.80792		12.80792
187		12.80792		12.80792		12.80792
188		12.80792		12.80792		12.80792
189		12.80792		12.80792		12.80792
190		12.80792		12.80792		12.80792
191		12.80792		12.80792		12.80792
192		12.80792		12.80792		12.80792
193		12.80792		12.80792		12.80792
194		12.80792		12.80792		12.80792
195		12.80792		12.80792		12.80792
196		12.80792		12.80792		12.80792
197		12.80792		12.80792		12.80792
198		12.80792		12.80792		12.80792
199		12.80792		12.80792		12.80792
200		12.80792		12.80792		12.80792
201		12.80792		12.80792		12.80792
202		12.80792		12.80792		12.80792
203		12.80792		12.80792		12.80792
204		12.80792		12.80792		12.80792
205		12.80792		12.80792		12.80792
206		12.80792		12.80792		12.80792
207		12.80792		12.80792		12.80792
208		12.80792		12.80792		12.80792
209		12.80792		12.80792		12.80792
210		12.80792		12.80792		12.80792
211		12.80792		12.80792		12.80792
212		12.80792		12.80792		12.80792
213		12.80792		12.80792		12.80792
214		12.80792		12.80792		12.80792
215		12.80792		12.80792		12.80792
216		12.80792		12.80792		12.80792
217		12.80792		12.80792		12.80792
218		12.80792		12.80792		12.80792
219		12.80792		12.80792		12.80792
220		12.80792		12.80792		12.80792
221		12.80792		12.80792		12.80792
222		12.80792		12.80792		12.80792
223		12.80792		12.80792		12.80792
224		12.80792		12.80792		12.80792
225		12.80792		12.80792		12.80792
226		12.80792		12.80792		12.80792
227		12.80792		12.80792		12.80792
228		12.80792		12.80792		12.80792
229		12.80792		12.80792		12.80792
230		12.80792		12.80792		12.80792
231		12.80792		12.80792		12.80792
232		12.80792		12.80792		12.80792
233		12.80792		12.80792		12.80792
234		12.80792		12.80792		12.80792
235		12.80792		12.80792		12.80792
236		12.80792		12.80792		12.80792
237		12.80792		12.80792		12.80792
238		12.80792		12.80792		12.80792
239		12.80792		12.80792		12.80792
240		12.80792		12.80792		12.80792
241		12.80792		12.80792		12.80792
242		12.80792		12.80792		12.80792
243		12.80792		12.80792		12.80792
244		12.80792		12.80792		12.80792
245		12.80792		12.80792		12.80792
246		12.80792		12.80792		12.80792
247		12.80792		12.80792		12.80792
248		12.80792		12.80792		12.80792
249		12.80792		12.80792		12.80792
250		12.80792		12.80792		12.80792
