step	mediator-random_cum_inst_loss_mean	mediator-random_cum_inst_loss_std_up	mediator-random_cum_inst_loss_std_down
1		52.59987		96.0193		9.18044
2		49.42749		138.14976		-39.29479
3		56.31541		193.28371		-80.65289
4		70.38403		257.88882		-117.12075
5		78.37493		294.64292		-137.89306
6		97.01368		349.15974		-155.13239
7		106.40613		385.70869		-172.89643
8		129.92929		445.34126		-185.48267
9		141.05415		519.91412		-237.80581
10		135.71908		563.62562		-292.18747
11		136.92139		622.55377		-348.71099
12		131.3688		663.24284		-400.50525
13		101.66033		674.69443		-471.37377
14		84.02462		700.76048		-532.71125
15		51.82435		705.46762		-601.81892
16		0.88388		672.19631		-670.42856
17		-62.96495		622.67037		-748.60027
18		-116.53787		582.67467		-815.75042
19		-169.52133		547.1781		-886.22076
20		-228.70249		511.43232		-968.8373
21		-284.18026		483.22743		-1051.58795
22		-332.35064		465.4288		-1130.13008
23		-376.23812		455.40373		-1207.87998
24		-412.2082		457.33007		-1281.74647
25		-443.25326		467.33261		-1353.83912
26		-482.75045		449.78012		-1415.28102
27		-514.09917		445.99201		-1474.19034
28		-540.27963		446.34662		-1526.90588
29		-557.61075		461.10511		-1576.3266
30		-569.03584		481.34786		-1619.41955
31		-604.92589		451.88472		-1661.73651
32		-629.06853		439.71682		-1697.85389
33		-651.07275		428.50721		-1730.65271
34		-677.64417		395.5173		-1750.80563
35		-698.7959		371.26518		-1768.85699
36		-727.87907		328.22117		-1783.97931
37		-748.26566		297.7154		-1794.24672
38		-779.95249		270.28371		-1830.18869
39		-799.6707		255.22345		-1854.56484
40		-817.01761		244.30414		-1878.33936
41		-821.64115		246.8189		-1890.1012
42		-823.09895		254.52245		-1900.72034
43		-810.99711		276.8521		-1898.84632
44		-794.84924		305.5411		-1895.23957
45		-764.21511		350.18442		-1878.61465
46		-745.60503		383.59465		-1874.80471
47		-726.01547		432.29039		-1884.32134
48		-701.98579		486.53111		-1890.5027
49		-663.05503		561.37684		-1887.4869
50		-618.66619		643.25823		-1880.59061
51		-575.35018		705.37684		-1856.07721
52		-522.93621		781.13144		-1827.00385
53		-474.58178		840.18965		-1789.35321
54		-430.50057		876.47391		-1737.47504
55		-390.91747		931.44967		-1713.28462
56		-373.11469		976.2921		-1722.52149
57		-340.73856		1042.37221		-1723.84933
58		-303.24933		1117.72937		-1724.22803
59		-267.19608		1170.76211		-1705.15426
60		-239.47255		1227.99159		-1706.9367
61		-213.69899		1283.86103		-1711.259
62		-179.75074		1356.11218		-1715.61366
63		-150.83392		1423.15519		-1724.82303
64		-144.2588		1450.05878		-1738.57638
65		-140.74671		1501.24759		-1782.74101
66		-147.27705		1540.28866		-1834.84276
67		-191.65109		1520.09653		-1903.39871
68		-224.72424		1513.48476		-1962.93324
69		-256.12899		1509.71828		-2021.97627
70		-275.55027		1520.30369		-2071.40422
71		-292.58462		1534.81914		-2119.98837
72		-296.87915		1564.55093		-2158.30924
73		-297.99062		1599.4056		-2195.38685
74		-319.61514		1612.36675		-2251.59702
75		-332.15051		1637.66275		-2301.96378
76		-338.52746		1671.3375		-2348.39242
77		-335.01277		1718.53835		-2388.56389
78		-341.54036		1759.8227		-2442.90343
79		-351.82061		1774.32978		-2477.971
80		-355.82373		1803.4894		-2515.13686
81		-349.81028		1841.52111		-2541.14167
82		-336.66214		1895.54976		-2568.87404
83		-312.59473		1960.14356		-2585.33302
84		-297.48788		2000.66953		-2595.64529
85		-267.94957		2061.10133		-2597.00047
86		-233.44753		2132.14043		-2599.03548
87		-200.53867		2196.16367		-2597.24101
88		-176.12505		2245.9776		-2598.22769
89		-153.83558		2284.11105		-2591.78221
90		-123.55481		2334.83882		-2581.94844
91		-81.45304		2396.92126		-2559.82733
92		-47.36266		2443.89549		-2538.6208
93		-31.93259		2442.91623		-2506.7814
94		-5.46314		2462.34158		-2473.26786
95		29.21762		2486.27453		-2427.83929
96		58.9055		2508.34064		-2390.52964
97		83.33772		2525.2718		-2358.59636
98		102.23766		2534.10655		-2329.63123
99		115.31416		2527.55703		-2296.92872
100		105.21525		2491.16155		-2280.73105
101		91.17573		2482.05741		-2299.70594
102		66.17002		2493.6642		-2361.32415
103		53.48458		2520.74886		-2413.77969
104		26.49513		2526.90564		-2473.91539
105		-1.91483		2519.56911		-2523.39876
106		-28.41095		2519.90332		-2576.72522
107		-42.66524		2532.06654		-2617.39703
108		-71.30613		2518.6625		-2661.27475
109		-118.49988		2472.01214		-2709.01189
110		-161.35933		2433.09858		-2755.81724
111		-196.24727		2399.203		-2791.69754
112		-243.19869		2357.6292		-2844.02658
113		-278.98487		2324.06221		-2882.03195
114		-313.24545		2295.84757		-2922.33847
115		-335.67285		2276.30416		-2947.64986
116		-355.87155		2262.94385		-2974.68695
117		-380.54243		2273.12277		-3034.20763
118		-399.69359		2288.16543		-3087.55262
119		-426.6709		2289.1297		-3142.47149
120		-444.84079		2300.52511		-3190.20668
121		-457.1488		2320.29647		-3234.59407
122		-476.92279		2314.962		-3268.80758
123		-487.51024		2324.33591		-3299.3564
124		-491.83675		2336.99385		-3320.66734
125		-486.16369		2365.52998		-3337.85736
126		-473.37387		2398.27589		-3345.02363
127		-483.77454		2388.8156		-3356.36467
128		-515.17715		2345.64535		-3375.99966
129		-555.05072		2297.32673		-3407.42816
130		-586.79562		2254.51982		-3428.11106
131		-613.39313		2219.14545		-3445.9317
132		-648.20868		2204.41044		-3500.8278
133		-674.62936		2195.5902		-3544.84893
134		-695.62242		2197.60464		-3588.84949
135		-724.53857		2183.95128		-3633.02841
136		-761.79479		2168.41079		-3692.00037
137		-790.7846		2157.73793		-3739.30713
138		-831.52746		2120.38873		-3783.44364
139		-860.77831		2094.074		-3815.63062
140		-888.15959		2070.86737		-3847.18656
141		-903.34563		2059.57993		-3866.2712
142		-915.92185		2052.15377		-3883.99747
143		-932.56906		2039.90152		-3905.03964
144		-943.27426		2035.0954		-3921.64392
145		-961.36107		1999.73905		-3922.46119
146		-987.218		1961.45667		-3935.89267
147		-1004.20855		1927.01582		-3935.43293
148		-1015.27516		1903.97826		-3934.52857
149		-1016.69694		1885.73224		-3919.12613
150		-1028.42084		1860.31952		-3917.16119
151		-1027.12541		1844.13192		-3898.38274
152		-1022.35271		1837.61811		-3882.32353
153		-1003.69246		1841.66171		-3849.04662
154		-980.64099		1857.1515		-3818.43348
155		-942.73993		1884.80295		-3770.28281
156		-916.48044		1881.92218		-3714.88305
157		-905.88432		1838.61477		-3650.38341
158		-887.91233		1809.54836		-3585.37302
159		-892.85808		1770.27871		-3555.99488
160		-901.47323		1753.26346		-3556.20992
161		-903.72363		1738.00358		-3545.45083
162		-895.86519		1741.39656		-3533.12694
163		-914.86588		1746.74811		-3576.47986
164		-917.82115		1772.60682		-3608.24911
165		-920.93196		1803.2379		-3645.10182
166		-924.20649		1826.87406		-3675.28705
167		-924.24429		1860.42096		-3708.90953
168		-944.73861		1866.38786		-3755.86509
169		-1007.22068		1815.6462		-3830.08755
170		-1055.94582		1780.57228		-3892.46391
171		-1107.23544		1745.06432		-3959.53519
172		-1178.26997		1693.3514		-4049.89133
173		-1246.22497		1645.91632		-4138.36626
174		-1307.52929		1606.93843		-4221.997
175		-1365.24196		1573.13922		-4303.62314
176		-1415.76487		1548.44791		-4379.97765
177		-1462.1287		1529.93894		-4454.19634
178		-1517.75091		1510.6123		-4546.11412
179		-1583.11879		1465.78036		-4632.01795
180		-1641.69981		1433.55494		-4716.95457
181		-1696.54587		1402.27874		-4795.37047
182		-1744.05128		1384.32591		-4872.42847
183		-1787.2388		1368.16395		-4942.64154
184		-1822.47207		1366.12511		-5011.06924
185		-1852.74154		1366.81561		-5072.29868
186		-1874.37687		1382.52105		-5131.27478
187		-1890.33271		1402.0014		-5182.66683
188		-1896.90107		1437.49062		-5231.29276
189		-1896.99695		1477.91852		-5271.91242
190		-1886.8706		1535.4622		-5309.2034
191		-1869.3931		1599.23845		-5338.02466
192		-1840.76847		1681.36233		-5362.89926
193		-1820.86454		1765.90566		-5407.63474
194		-1820.36759		1828.51629		-5469.25147
195		-1826.66266		1867.78395		-5521.10927
196		-1823.06178		1923.67718		-5569.80074
197		-1829.49864		1976.76515		-5635.76244
198		-1839.68338		2051.74756		-5731.11432
199		-1843.58599		2131.22284		-5818.39481
200		-1837.46671		2231.68729		-5906.6207
201		-1824.20719		2338.0246		-5986.43897
202		-1817.06799		2431.26454		-6065.40052
203		-1799.32579		2537.58503		-6136.23661
204		-1790.87709		2619.84841		-6201.60258
205		-1802.43819		2676.86613		-6281.74251
206		-1821.42599		2707.77942		-6350.63141
207		-1848.23129		2715.14961		-6411.6122
208		-1866.22005		2733.94081		-6466.38091
209		-1895.38275		2725.11006		-6515.87557
210		-1912.4438		2733.67162		-6558.55921
211		-1926.99376		2742.24027		-6596.22778
212		-1962.76451		2724.31872		-6649.84774
213		-1990.19096		2713.75101		-6694.13294
214		-2029.28858		2672.31963		-6730.8968
215		-2073.85289		2648.28976		-6795.99554
216		-2113.94405		2623.53489		-6851.42299
217		-2162.96284		2605.06505		-6930.99074
218		-2221.38055		2582.7626		-7025.5237
219		-2272.64717		2575.30326		-7120.59761
220		-2319.79248		2568.6569		-7208.24186
221		-2359.19456		2577.69845		-7296.08757
222		-2393.84987		2588.42901		-7376.12876
223		-2420.10658		2615.7834		-7455.99656
224		-2440.92291		2645.80019		-7527.64601
225		-2469.64759		2655.8854		-7595.18057
226		-2489.6461		2675.64396		-7654.93615
227		-2520.91033		2668.1374		-7709.95807
228		-2557.23533		2667.13963		-7781.61029
229		-2588.67027		2669.36386		-7846.7044
230		-2611.50027		2686.24746		-7909.24801
231		-2628.74186		2707.33192		-7964.81564
232		-2653.74616		2705.73557		-8013.22788
233		-2686.83586		2676.80043		-8050.47216
234		-2711.34357		2660.80685		-8083.49399
235		-2730.40744		2647.04885		-8107.86373
236		-2757.40399		2610.05318		-8124.86117
237		-2775.8135		2581.38363		-8133.01064
238		-2788.18133		2558.56855		-8134.93121
239		-2807.7651		2537.81623		-8153.34643
240		-2817.65262		2524.8242		-8160.12945
241		-2821.68069		2519.44899		-8162.81037
242		-2814.82836		2523.08166		-8152.73838
243		-2801.55609		2534.76817		-8137.88034
244		-2795.40199		2512.42705		-8103.23103
245		-2780.66751		2502.20114		-8063.53616
246		-2756.61059		2492.58361		-8005.80478
247		-2724.47228		2493.48587		-7942.43043
248		-2729.88728		2489.6391		-7949.41365
249		-2735.58728		2477.67271		-7948.84727
250		-2735.58728		2477.67271		-7948.84727
