step	mediator-random_cov_err_sq_T_mean	mediator-random_cov_err_sq_T_std_up	mediator-random_cov_err_sq_T_std_down
1		12.80527		12.80527		12.80527
2		12.80527		12.80527		12.80527
3		12.80527		12.80527		12.80527
4		12.80527		12.80527		12.80527
5		12.80527		12.80527		12.80527
6		12.80527		12.80527		12.80527
7		12.80527		12.80527		12.80527
8		12.80527		12.80527		12.80527
9		12.80527		12.80527		12.80527
10		12.80527		12.80527		12.80527
11		12.80527		12.80527		12.80527
12		12.80527		12.80527		12.80527
13		12.80527		12.80527		12.80527
14		12.80527		12.80527		12.80527
15		12.80527		12.80527		12.80527
16		12.80527		12.80527		12.80527
17		12.80527		12.80527		12.80527
18		12.80527		12.80527		12.80527
19		12.80527		12.80527		12.80527
20		12.80527		12.80527		12.80527
21		12.80527		12.80527		12.80527
22		12.80527		12.80527		12.80527
23		12.80527		12.80527		12.80527
24		12.80527		12.80527		12.80527
25		12.80527		12.80527		12.80527
26		12.80527		12.80527		12.80527
27		12.80527		12.80527		12.80527
28		12.80527		12.80527		12.80527
29		12.80527		12.80527		12.80527
30		12.80527		12.80527		12.80527
31		12.80527		12.80527		12.80527
32		12.80527		12.80527		12.80527
33		12.80527		12.80527		12.80527
34		12.80527		12.80527		12.80527
35		12.80527		12.80527		12.80527
36		12.80527		12.80527		12.80527
37		12.80527		12.80527		12.80527
38		12.80527		12.80527		12.80527
39		12.80527		12.80527		12.80527
40		12.80527		12.80527		12.80527
41		12.80527		12.80527		12.80527
42		12.80527		12.80527		12.80527
43		12.80527		12.80527		12.80527
44		12.80527		12.80527		12.80527
45		12.80527		12.80527		12.80527
46		12.80527		12.80527		12.80527
47		12.80527		12.80527		12.80527
48		12.80527		12.80527		12.80527
49		12.80527		12.80527		12.80527
50		12.80527		12.80527		12.80527
51		12.80527		12.80527		12.80527
52		12.80527		12.80527		12.80527
53		12.80527		12.80527		12.80527
54		12.80527		12.80527		12.80527
55		12.80527		12.80527		12.80527
56		12.80527		12.80527		12.80527
57		12.80527		12.80527		12.80527
58		12.80527		12.80527		12.80527
59		12.80527		12.80527		12.80527
60		12.80527		12.80527		12.80527
61		12.80527		12.80527		12.80527
62		12.80527		12.80527		12.80527
63		12.80527		12.80527		12.80527
64		12.80527		12.80527		12.80527
65		12.80527		12.80527		12.80527
66		12.80527		12.80527		12.80527
67		12.80527		12.80527		12.80527
68		12.80527		12.80527		12.80527
69		12.80527		12.80527		12.80527
70		12.80527		12.80527		12.80527
71		12.80527		12.80527		12.80527
72		12.80527		12.80527		12.80527
73		12.80527		12.80527		12.80527
74		12.80527		12.80527		12.80527
75		12.80527		12.80527		12.80527
76		12.80527		12.80527		12.80527
77		12.80527		12.80527		12.80527
78		12.80527		12.80527		12.80527
79		12.80527		12.80527		12.80527
80		12.80527		12.80527		12.80527
81		12.80527		12.80527		12.80527
82		12.80527		12.80527		12.80527
83		12.80527		12.80527		12.80527
84		12.80527		12.80527		12.80527
85		12.80527		12.80527		12.80527
86		12.80527		12.80527		12.80527
87		12.80527		12.80527		12.80527
88		12.80527		12.80527		12.80527
89		12.80527		12.80527		12.80527
90		12.80527		12.80527		12.80527
91		12.80527		12.80527		12.80527
92		12.80527		12.80527		12.80527
93		12.80527		12.80527		12.80527
94		12.80527		12.80527		12.80527
95		12.80527		12.80527		12.80527
96		12.80527		12.80527		12.80527
97		12.80527		12.80527		12.80527
98		12.80527		12.80527		12.80527
99		12.80527		12.80527		12.80527
100		12.80527		12.80527		12.80527
101		12.80527		12.80527		12.80527
102		12.80527		12.80527		12.80527
103		12.80527		12.80527		12.80527
104		12.80527		12.80527		12.80527
105		12.80527		12.80527		12.80527
106		12.80527		12.80527		12.80527
107		12.80527		12.80527		12.80527
108		12.80527		12.80527		12.80527
109		12.80527		12.80527		12.80527
110		12.80527		12.80527		12.80527
111		12.80527		12.80527		12.80527
112		12.80527		12.80527		12.80527
113		12.80527		12.80527		12.80527
114		12.80527		12.80527		12.80527
115		12.80527		12.80527		12.80527
116		12.80527		12.80527		12.80527
117		12.80527		12.80527		12.80527
118		12.80527		12.80527		12.80527
119		12.80527		12.80527		12.80527
120		12.80527		12.80527		12.80527
121		12.80527		12.80527		12.80527
122		12.80527		12.80527		12.80527
123		12.80527		12.80527		12.80527
124		12.80527		12.80527		12.80527
125		12.80527		12.80527		12.80527
126		12.80527		12.80527		12.80527
127		12.80527		12.80527		12.80527
128		12.80527		12.80527		12.80527
129		12.80527		12.80527		12.80527
130		12.80527		12.80527		12.80527
131		12.80527		12.80527		12.80527
132		12.80527		12.80527		12.80527
133		12.80527		12.80527		12.80527
134		12.80527		12.80527		12.80527
135		12.80527		12.80527		12.80527
136		12.80527		12.80527		12.80527
137		12.80527		12.80527		12.80527
138		12.80527		12.80527		12.80527
139		12.80527		12.80527		12.80527
140		12.80527		12.80527		12.80527
141		12.80527		12.80527		12.80527
142		12.80527		12.80527		12.80527
143		12.80527		12.80527		12.80527
144		12.80527		12.80527		12.80527
145		12.80527		12.80527		12.80527
146		12.80527		12.80527		12.80527
147		12.80527		12.80527		12.80527
148		12.80527		12.80527		12.80527
149		12.80527		12.80527		12.80527
150		12.80527		12.80527		12.80527
151		12.80527		12.80527		12.80527
152		12.80527		12.80527		12.80527
153		12.80527		12.80527		12.80527
154		12.80527		12.80527		12.80527
155		12.80527		12.80527		12.80527
156		12.80527		12.80527		12.80527
157		12.80527		12.80527		12.80527
158		12.80527		12.80527		12.80527
159		12.80527		12.80527		12.80527
160		12.80527		12.80527		12.80527
161		12.80527		12.80527		12.80527
162		12.80527		12.80527		12.80527
163		12.80527		12.80527		12.80527
164		12.80527		12.80527		12.80527
165		12.80527		12.80527		12.80527
166		12.80527		12.80527		12.80527
167		12.80527		12.80527		12.80527
168		12.80527		12.80527		12.80527
169		12.80527		12.80527		12.80527
170		12.80527		12.80527		12.80527
171		12.80527		12.80527		12.80527
172		12.80527		12.80527		12.80527
173		12.80527		12.80527		12.80527
174		12.80527		12.80527		12.80527
175		12.80527		12.80527		12.80527
176		12.80527		12.80527		12.80527
177		12.80527		12.80527		12.80527
178		12.80527		12.80527		12.80527
179		12.80527		12.80527		12.80527
180		12.80527		12.80527		12.80527
181		12.80527		12.80527		12.80527
182		12.80527		12.80527		12.80527
183		12.80527		12.80527		12.80527
184		12.80527		12.80527		12.80527
185		12.80527		12.80527		12.80527
186		12.80527		12.80527		12.80527
187		12.80527		12.80527		12.80527
188		12.80527		12.80527		12.80527
189		12.80527		12.80527		12.80527
190		12.80527		12.80527		12.80527
191		12.80527		12.80527		12.80527
192		12.80527		12.80527		12.80527
193		12.80527		12.80527		12.80527
194		12.80527		12.80527		12.80527
195		12.80527		12.80527		12.80527
196		12.80527		12.80527		12.80527
197		12.80527		12.80527		12.80527
198		12.80527		12.80527		12.80527
199		12.80527		12.80527		12.80527
200		12.80527		12.80527		12.80527
201		12.80527		12.80527		12.80527
202		12.80527		12.80527		12.80527
203		12.80527		12.80527		12.80527
204		12.80527		12.80527		12.80527
205		12.80527		12.80527		12.80527
206		12.80527		12.80527		12.80527
207		12.80527		12.80527		12.80527
208		12.80527		12.80527		12.80527
209		12.80527		12.80527		12.80527
210		12.80527		12.80527		12.80527
211		12.80527		12.80527		12.80527
212		12.80527		12.80527		12.80527
213		12.80527		12.80527		12.80527
214		12.80527		12.80527		12.80527
215		12.80527		12.80527		12.80527
216		12.80527		12.80527		12.80527
217		12.80527		12.80527		12.80527
218		12.80527		12.80527		12.80527
219		12.80527		12.80527		12.80527
220		12.80527		12.80527		12.80527
221		12.80527		12.80527		12.80527
222		12.80527		12.80527		12.80527
223		12.80527		12.80527		12.80527
224		12.80527		12.80527		12.80527
225		12.80527		12.80527		12.80527
226		12.80527		12.80527		12.80527
227		12.80527		12.80527		12.80527
228		12.80527		12.80527		12.80527
229		12.80527		12.80527		12.80527
230		12.80527		12.80527		12.80527
231		12.80527		12.80527		12.80527
232		12.80527		12.80527		12.80527
233		12.80527		12.80527		12.80527
234		12.80527		12.80527		12.80527
235		12.80527		12.80527		12.80527
236		12.80527		12.80527		12.80527
237		12.80527		12.80527		12.80527
238		12.80527		12.80527		12.80527
239		12.80527		12.80527		12.80527
240		12.80527		12.80527		12.80527
241		12.80527		12.80527		12.80527
242		12.80527		12.80527		12.80527
243		12.80527		12.80527		12.80527
244		12.80527		12.80527		12.80527
245		12.80527		12.80527		12.80527
246		12.80527		12.80527		12.80527
247		12.80527		12.80527		12.80527
248		12.80527		12.80527		12.80527
249		12.80527		12.80527		12.80527
250		12.80527		12.80527		12.80527
