step	mediator-random_reward_mean	mediator-random_reward_std_up	mediator-random_reward_std_down
1		0.0		0.0		0.0
2		30.0		54.4949		5.5051
3		30.0		54.4949		5.5051
4		180.0		204.4949		155.5051
5		180.0		204.4949		155.5051
6		330.0		354.4949		305.5051
7		330.0		354.4949		305.5051
8		420.0		501.24038		338.75962
9		480.0		504.4949		455.5051
10		570.0		651.24038		488.75962
11		630.0		654.4949		605.5051
12		660.0		733.48469		586.51531
13		750.0		804.77226		695.22774
14		780.0		804.4949		755.5051
15		900.0		954.77226		845.22774
16		930.0		954.4949		905.5051
17		990.0		1063.48469		916.51531
18		1050.0		1127.45967		972.54033
19		1140.0		1213.48469		1066.51531
20		1200.0		1277.45967		1122.54033
21		1230.0		1342.24972		1117.75028
22		1320.0		1417.97959		1222.02041
23		1320.0		1417.97959		1222.02041
24		1440.0		1531.65151		1348.34849
25		1470.0		1567.97959		1372.02041
26		1500.0		1634.16408		1365.83592
27		1590.0		1732.82857		1447.17143
28		1650.0		1784.16408		1515.83592
29		1710.0		1841.90906		1578.09094
30		1740.0		1882.82857		1597.17143
31		1800.0		1964.31677		1635.68323
32		1860.0		2055.95918		1664.04082
33		1950.0		2114.31677		1785.68323
34		2010.0		2205.95918		1814.04082
35		2100.0		2264.31677		1935.68323
36		2130.0		2313.30303		1946.69697
37		2190.0		2332.82857		2047.17143
38		2280.0		2463.30303		2096.69697
39		2340.0		2482.82857		2197.17143
40		2430.0		2613.30303		2246.69697
41		2490.0		2632.82857		2347.17143
42		2550.0		2714.31677		2385.68323
43		2580.0		2692.24972		2467.75028
44		2670.0		2836.13248		2503.86752
45		2700.0		2822.47449		2577.52551
46		2790.0		2961.46428		2618.53572
47		2820.0		2956.38182		2683.61818
48		2910.0		3072.48077		2747.51923
49		2970.0		3106.38182		2833.61818
50		3060.0		3222.48077		2897.51923
51		3120.0		3256.38182		2983.61818
52		3210.0		3372.48077		3047.51923
53		3240.0		3411.46428		3068.53572
54		3330.0		3536.39767		3123.60233
55		3390.0		3561.46428		3218.53572
56		3450.0		3614.31677		3285.68323
57		3510.0		3672.48077		3347.51923
58		3570.0		3744.92856		3395.07144
59		3660.0		3822.48077		3497.51923
60		3690.0		3861.46428		3518.53572
61		3810.0		3972.48077		3647.51923
62		3810.0		3972.48077		3647.51923
63		3960.0		4122.48077		3797.51923
64		3960.0		4122.48077		3797.51923
65		4080.0		4254.92856		3905.07144
66		4080.0		4254.92856		3905.07144
67		4200.0		4381.65902		4018.34098
68		4230.0		4404.92856		4055.07144
69		4320.0		4511.31126		4128.68874
70		4380.0		4554.92856		4205.07144
71		4440.0		4571.90906		4308.09094
72		4530.0		4704.92856		4355.07144
73		4590.0		4721.90906		4458.09094
74		4680.0		4854.92856		4505.07144
75		4710.0		4862.97059		4557.02941
76		4770.0		4926.84387		4613.15613
77		4860.0		5012.97059		4707.02941
78		4920.0		5076.84387		4763.15613
79		4980.0		5154.92856		4805.07144
80		5040.0		5228.14888		4851.85112
81		5100.0		5222.47449		4977.52551
82		5190.0		5378.14888		5001.85112
83		5250.0		5372.47449		5127.52551
84		5340.0		5528.14888		5151.85112
85		5400.0		5522.47449		5277.52551
86		5490.0		5678.14888		5301.85112
87		5550.0		5672.47449		5427.52551
88		5640.0		5828.14888		5451.85112
89		5670.0		5826.84387		5513.15613
90		5790.0		5978.14888		5601.85112
91		5820.0		5976.84387		5663.15613
92		5910.0		6062.97059		5757.02941
93		5970.0		6126.84387		5813.15613
94		6030.0		6166.38182		5893.61818
95		6120.0		6276.84387		5963.15613
96		6180.0		6316.38182		6043.61818
97		6270.0		6426.84387		6113.15613
98		6330.0		6466.38182		6193.61818
99		6390.0		6578.14888		6201.85112
100		6480.0		6616.38182		6343.61818
101		6510.0		6690.0		6330.0
102		6570.0		6744.92856		6395.07144
103		6660.0		6840.0		6480.0
104		6720.0		6894.92856		6545.07144
105		6810.0		6990.0		6630.0
106		6840.0		6992.97059		6687.02941
107		6930.0		7121.31126		6738.68874
108		6990.0		7142.97059		6837.02941
109		7080.0		7271.31126		6888.68874
110		7140.0		7292.97059		6987.02941
111		7230.0		7421.31126		7038.68874
112		7260.0		7431.46428		7088.53572
113		7350.0		7494.91377		7205.08623
114		7410.0		7581.46428		7238.53572
115		7500.0		7644.91377		7355.08623
116		7560.0		7731.46428		7388.53572
117		7620.0		7744.89996		7495.10004
118		7680.0		7871.31126		7488.68874
119		7770.0		7894.89996		7645.10004
120		7800.0		7944.91377		7655.08623
121		7920.0		8044.89996		7795.10004
122		7950.0		8094.91377		7805.08623
123		8040.0		8192.97059		7887.02941
124		8100.0		8244.91377		7955.08623
125		8190.0		8342.97059		8037.02941
126		8250.0		8394.91377		8105.08623
127		8310.0		8490.0		8130.0
128		8370.0		8553.30303		8186.69697
129		8460.0		8640.0		8280.0
130		8520.0		8703.30303		8336.69697
131		8580.0		8771.31126		8388.68874
132		8640.0		8802.48077		8477.51923
133		8700.0		8881.65902		8518.34098
134		8760.0		8922.48077		8597.51923
135		8850.0		9031.65902		8668.34098
136		8910.0		9072.48077		8747.51923
137		8940.0		9071.90906		8808.09094
138		9060.0		9222.48077		8897.51923
139		9060.0		9222.48077		8897.51923
140		9210.0		9372.48077		9047.51923
141		9210.0		9372.48077		9047.51923
142		9330.0		9504.92856		9155.07144
143		9360.0		9522.48077		9197.51923
144		9480.0		9654.92856		9305.07144
145		9510.0		9672.48077		9347.51923
146		9630.0		9804.92856		9455.07144
147		9660.0		9822.48077		9497.51923
148		9780.0		9954.92856		9605.07144
149		9810.0		9972.48077		9647.51923
150		9930.0		10104.92856		9755.07144
151		9960.0		10122.48077		9797.51923
152		10050.0		10172.47449		9927.52551
153		10110.0		10272.48077		9947.51923
154		10170.0		10336.13248		10003.86752
155		10260.0		10422.48077		10097.51923
156		10320.0		10486.13248		10153.86752
157		10410.0		10572.48077		10247.51923
158		10440.0		10611.46428		10268.53572
159		10560.0		10722.48077		10397.51923
160		10590.0		10761.46428		10418.53572
161		10710.0		10872.48077		10547.51923
162		10710.0		10872.48077		10547.51923
163		10830.0		11036.39767		10623.60233
164		10860.0		11022.48077		10697.51923
165		10980.0		11186.39767		10773.60233
166		11010.0		11172.48077		10847.51923
167		11070.0		11244.92856		10895.07144
168		11130.0		11313.30303		10946.69697
169		11190.0		11361.46428		11018.53572
170		11250.0		11384.16408		11115.83592
171		11310.0		11505.95918		11114.04082
172		11370.0		11544.92856		11195.07144
173		11430.0		11613.30303		11246.69697
174		11490.0		11693.4699		11286.5301
175		11580.0		11763.30303		11396.69697
176		11640.0		11843.4699		11436.5301
177		11670.0		11916.17067		11423.82933
178		11790.0		11993.4699		11586.5301
179		11820.0		12066.17067		11573.82933
180		11910.0		12105.95918		11714.04082
181		11940.0		12143.4699		11736.5301
182		12030.0		12263.66643		11796.33357
183		12090.0		12293.4699		11886.5301
184		12150.0		12369.08902		11930.91098
185		12240.0		12443.4699		12036.5301
186		12300.0		12519.08902		12080.91098
187		12330.0		12563.66643		12096.33357
188		12450.0		12669.08902		12230.91098
189		12480.0		12713.66643		12246.33357
190		12570.0		12816.17067		12323.82933
191		12630.0		12863.66643		12396.33357
192		12720.0		12966.17067		12473.82933
193		12780.0		13013.66643		12546.33357
194		12840.0		13083.72115		12596.27885
195		12930.0		13163.66643		12696.33357
196		12990.0		13233.72115		12746.27885
197		13080.0		13313.66643		12846.33357
198		13110.0		13305.95918		12914.04082
199		13200.0		13462.67851		12937.32149
200		13260.0		13455.95918		13064.04082
201		13320.0		13547.15633		13092.84367
202		13380.0		13613.66643		13146.33357
203		13470.0		13697.15633		13242.84367
204		13530.0		13763.66643		13296.33357
205		13620.0		13847.15633		13392.84367
206		13680.0		13913.66643		13446.33357
207		13770.0		13997.15633		13542.84367
208		13830.0		14063.66643		13596.33357
209		13920.0		14147.15633		13692.84367
210		13980.0		14213.66643		13746.33357
211		14040.0		14307.20778		13772.79222
212		14130.0		14363.66643		13896.33357
213		14190.0		14457.20778		13922.79222
214		14280.0		14513.66643		14046.33357
215		14340.0		14607.20778		14072.79222
216		14430.0		14663.66643		14196.33357
217		14490.0		14757.20778		14222.79222
218		14580.0		14813.66643		14346.33357
219		14580.0		14813.66643		14346.33357
220		14670.0		14897.15633		14442.84367
221		14730.0		14963.66643		14496.33357
222		14820.0		15047.15633		14592.84367
223		14880.0		15113.66643		14646.33357
224		14910.0		15153.72115		14666.27885
225		15000.0		15219.08902		14780.91098
226		15030.0		15263.66643		14796.33357
227		15150.0		15369.08902		14930.91098
228		15180.0		15413.66643		14946.33357
229		15240.0		15523.54894		14956.45106
230		15330.0		15563.66643		15096.33357
231		15360.0		15603.72115		15116.27885
232		15450.0		15712.67851		15187.32149
233		15510.0		15753.72115		15266.27885
234		15600.0		15862.67851		15337.32149
235		15660.0		15903.72115		15416.27885
236		15750.0		16012.67851		15487.32149
237		15780.0		16013.66643		15546.33357
238		15870.0		16133.81812		15606.18188
239		15900.0		16138.74673		15661.25327
240		16020.0		16283.81812		15756.18188
241		16050.0		16288.74673		15811.25327
242		16140.0		16364.49944		15915.50056
243		16170.0		16368.99749		15971.00251
244		16290.0		16514.49944		16065.50056
245		16320.0		16518.99749		16121.00251
246		16440.0		16664.49944		16215.50056
247		16440.0		16664.49944		16215.50056
248		16590.0		16814.49944		16365.50056
249		16590.0		16814.49944		16365.50056
250		16710.0		16971.53394		16448.46606
