step	mediator-random_cum_inst_loss_mean	mediator-random_cum_inst_loss_std_up	mediator-random_cum_inst_loss_std_down
1		110.18081		164.66032		55.7013
2		172.4764		284.30276		60.65004
3		228.82696		401.01842		56.63549
4		297.36708		512.74347		81.99069
5		362.13558		624.3332		99.93796
6		421.08921		734.7894		107.38901
7		473.92191		843.26362		104.5802
8		520.31154		949.18938		91.4337
9		559.91899		1052.14813		67.68984
10		592.38729		1151.8005		32.97408
11		625.78819		1254.11463		-2.53824
12		682.01553		1330.39842		33.63264
13		733.82321		1400.1121		67.53431
14		779.13386		1464.50294		93.76478
15		817.60554		1523.29498		111.91611
16		848.8783		1576.19709		121.55952
17		891.02075		1606.04136		176.00013
18		928.00221		1626.6819		229.32252
19		957.70633		1639.33901		276.07365
20		979.75008		1643.62227		315.87789
21		993.73028		1639.12763		348.33293
22		1027.67002		1668.5711		386.76894
23		1056.01707		1697.5853		414.44884
24		1076.63233		1723.94506		429.3196
25		1089.10886		1747.90576		430.31195
26		1111.46579		1784.69958		438.23199
27		1127.6204		1822.33947		432.90133
28		1135.40152		1859.45215		411.35089
29		1134.36842		1895.87007		372.86677
30		1124.0572		1931.24798		316.86643
31		1103.97955		1965.09862		242.86047
32		1100.51641		2000.81777		200.21504
33		1091.33675		2033.49375		149.17975
34		1072.4502		2062.81545		82.08496
35		1043.34589		2088.41651		-1.72473
36		1003.48602		2109.87646		-102.90441
37		952.30452		2126.73115		-222.1221
38		917.65301		2141.6322		-306.32619
39		873.79873		2157.75291		-410.15545
40		846.86008		2180.68781		-486.96765
41		811.12461		2201.22249		-578.97328
42		782.73207		2219.74562		-654.28149
43		745.46618		2233.59582		-742.66345
44		705.46269		2242.87437		-831.949
45		664.42223		2247.31001		-918.46554
46		632.29025		2247.19981		-982.61931
47		599.5356		2265.06493		-1065.99373
48		557.67803		2283.38596		-1168.0299
49		522.84117		2315.52695		-1269.8446
50		497.23929		2341.26332		-1346.78475
51		499.80592		2383.18561		-1383.57377
52		496.97339		2422.10464		-1428.15786
53		493.21552		2453.30868		-1466.87763
54		490.32837		2500.44733		-1519.79059
55		479.91026		2546.70819		-1586.88767
56		506.61507		2639.31109		-1626.08095
57		547.63863		2726.87898		-1631.60172
58		610.33731		2841.40061		-1620.72599
59		699.24916		2947.28439		-1548.78607
60		785.46159		3049.04596		-1478.12278
61		866.98777		3147.27994		-1413.3044
62		943.58106		3241.8292		-1354.66708
63		1014.98182		3332.53014		-1302.56649
64		1080.91678		3419.21238		-1257.37881
65		1141.09826		3501.69837		-1219.50185
66		1195.22344		3579.80305		-1189.35617
67		1242.97357		3653.33335		-1167.38621
68		1284.01311		3722.08774		-1154.06151
69		1317.98889		3785.85569		-1149.8779
70		1344.52913		3844.41704		-1155.35879
71		1363.24247		3897.54137		-1171.05643
72		1402.16447		3930.38476		-1126.05582
73		1435.75601		3955.87476		-1084.36275
74		1461.89177		3974.7091		-1050.92556
75		1480.17935		3986.68181		-1026.3231
76		1508.65319		4003.65792		-986.35154
77		1531.24665		4014.0507		-951.55739
78		1545.8055		4016.31644		-924.70545
79		1560.35434		4015.45453		-894.74584
80		1586.73741		4052.5068		-879.03197
81		1625.57756		4099.30762		-848.15251
82		1677.53041		4150.70271		-795.64188
83		1724.83863		4196.84988		-747.17261
84		1783.8605		4245.98106		-678.26005
85		1855.50477		4300.91804		-589.9085
86		1925.38554		4352.30394		-501.53285
87		1989.72051		4397.6301		-418.18909
88		2048.21778		4436.63939		-340.20384
89		2109.01759		4475.6186		-257.58341
90		2165.63841		4509.89091		-178.6141
91		2224.46301		4533.03758		-84.11157
92		2287.45213		4567.72148		7.18278
93		2346.37747		4599.97657		92.77838
94		2407.6279		4645.03875		170.21704
95		2464.72303		4688.20858		241.23749
96		2515.59943		4725.17714		306.02173
97		2578.37728		4743.27383		413.48073
98		2655.52772		4795.61377		515.44166
99		2729.35971		4847.18019		611.53923
100		2797.85385		4893.84517		701.86253
101		2860.7292		4935.58069		785.87771
102		2917.69004		4972.38867		862.9914
103		2968.42507		5004.30556		932.54458
104		3012.60662		5031.40675		993.80649
105		3049.88977		5053.81055		1045.96899
106		3088.35894		5080.74966		1095.96822
107		3121.47381		5104.35739		1138.59022
108		3184.00279		5156.38119		1211.62439
109		3244.28853		5205.29185		1283.28521
110		3306.97095		5243.89297		1370.04893
111		3365.57344		5275.02353		1456.12336
112		3418.03654		5299.25532		1536.81775
113		3464.0371		5316.33423		1611.73997
114		3503.235		5326.01167		1680.45834
115		3535.27221		5328.0484		1742.49601
116		3568.21933		5330.91364		1805.52501
117		3613.969		5342.1485		1885.78949
118		3654.74755		5346.85229		1962.6428
119		3706.89608		5362.6178		2051.17437
120		3754.41029		5373.60728		2135.21329
121		3850.54396		5452.17528		2248.91263
122		3948.04779		5533.56516		2362.53043
123		4041.45967		5610.48489		2472.43445
124		4149.0117		5734.17183		2563.85157
125		4254.84538		5860.7468		2648.94395
126		4357.0255		5985.24545		2728.80554
127		4455.35977		6107.58913		2803.13042
128		4549.6458		6227.6956		2871.59599
129		4639.6705		6345.47866		2933.86233
130		4725.20959		6460.84777		2989.57142
131		4814.47449		6574.98612		3053.96287
132		4901.05855		6686.41073		3115.70637
133		4982.97592		6794.66798		3171.28385
134		5059.98098		6899.60276		3220.35921
135		5131.8152		7001.05206		3262.57834
136		5198.20642		7098.84455		3297.5683
137		5258.86818		7192.80004		3324.93632
138		5313.49891		7282.72899		3344.26883
139		5370.22869		7377.27317		3363.1842
140		5422.56525		7470.20209		3374.92841
141		5485.3276		7568.2266		3402.42859
142		5545.85898		7664.44128		3427.27669
143		5600.35248		7756.8358		3443.86917
144		5648.49032		7845.22631		3451.75434
145		5689.93798		7929.41926		3450.45671
146		5724.34336		8009.21086		3439.47585
147		5751.3358		8084.38641		3418.28519
148		5788.97264		8153.80965		3424.13563
149		5821.21137		8218.13601		3424.28673
150		5854.37062		8285.69281		3423.04842
151		5881.89609		8350.04738		3413.74481
152		5901.64654		8409.21707		3394.076
153		5913.21273		8462.9659		3363.45957
154		5916.16393		8511.04567		3321.28219
155		5910.04671		8553.19519		3266.89823
156		5912.83128		8637.4735		3188.18906
157		5908.3834		8722.25089		3094.51592
158		5922.92517		8806.47673		3039.37361
159		5930.85331		8888.7621		2972.94451
160		5948.42245		8963.60605		2933.23886
161		5959.5373		9034.2735		2884.80109
162		5980.46088		9095.25463		2865.66712
163		5995.1067		9150.81259		2839.40081
164		6001.29961		9201.29455		2801.30468
165		6027.04222		9237.46715		2816.61728
166		6065.20818		9292.27731		2838.13905
167		6098.00389		9344.92646		2851.08132
168		6141.74943		9406.95434		2876.54452
169		6180.41838		9464.96479		2895.87196
170		6211.89878		9517.324		2906.47356
171		6244.2598		9567.72955		2920.79004
172		6270.94503		9613.33736		2928.55269
173		6289.811		9653.14344		2926.47855
174		6318.89366		9698.1536		2939.63372
175		6350.57548		9749.29175		2951.85921
176		6376.54577		9796.7328		2956.35874
177		6403.10666		9842.73145		2963.48187
178		6423.6865		9883.81489		2963.55811
179		6454.57323		9913.80226		2995.3442
180		6479.70658		9936.57471		3022.83846
181		6496.939		9952.34602		3041.53198
182		6524.30213		9969.19893		3079.40533
183		6554.17392		9990.60115		3117.74669
184		6578.23891		10006.86919		3149.60864
185		6594.34674		10015.23677		3173.45671
186		6602.0786		10015.34206		3188.81515
187		6600.99366		10006.81037		3195.17696
188		6590.62788		9989.25414		3192.00161
189		6570.49278		9962.27299		3178.71256
190		6540.07419		9925.45381		3154.69458
191		6545.72586		9947.97428		3143.47744
192		6546.14074		9967.83772		3124.44376
193		6537.35371		9980.6776		3094.02981
194		6537.32795		10012.41693		3062.23897
195		6529.92184		10040.64785		3019.19582
196		6512.90218		10062.67625		2963.12812
197		6504.21051		10126.81313		2881.60789
198		6487.68237		10191.52224		2783.84251
199		6461.0606		10252.03086		2670.09034
200		6452.26142		10335.9175		2568.60534
201		6462.51511		10418.48144		2506.54878
202		6467.77422		10497.99148		2437.55695
203		6482.53387		10574.55114		2390.51659
204		6490.69134		10649.23974		2332.14295
205		6508.50191		10718.52099		2298.48283
206		6519.87087		10784.13663		2255.60511
207		6541.06195		10841.72042		2240.40348
208		6564.43684		10905.55083		2223.32284
209		6581.66299		10967.24632		2196.07966
210		6590.57203		11024.26338		2156.88069
211		6590.72623		11076.44969		2105.00278
212		6600.11229		11117.20562		2083.01896
213		6602.61336		11151.13206		2054.09465
214		6642.91729		11208.099		2077.73558
215		6679.80824		11260.73871		2098.87777
216		6709.41707		11307.13483		2111.69932
217		6739.80801		11349.22005		2130.39597
218		6764.41947		11385.18063		2143.65832
219		6799.55002		11406.56452		2192.53553
220		6829.15055		11419.17759		2239.12352
221		6851.08526		11423.31954		2278.85097
222		6864.95068		11418.55528		2311.34608
223		6870.32212		11404.42817		2336.21606
224		6866.75251		11380.45909		2353.04594
225		6853.7713		11346.14548		2361.39711
226		6830.88311		11300.96032		2360.8059
227		6797.56654		11244.35116		2350.78192
228		6753.27272		11175.73906		2330.80638
229		6725.87139		11133.28901		2318.45377
230		6689.64889		11083.42281		2295.87497
231		6679.19118		11058.49739		2299.88497
232		6662.64881		11027.59996		2297.69767
233		6654.45954		10977.90283		2331.01625
234		6656.90775		10940.73442		2373.08107
235		6670.5533		10900.89407		2440.21253
236		6677.53804		10851.0913		2503.98479
237		6675.66666		10790.4283		2560.90503
238		6664.47304		10718.48733		2610.45875
239		6671.91403		10700.53719		2643.29086
240		6672.36765		10677.42322		2667.31207
241		6700.51638		10681.79213		2719.24063
242		6724.61237		10680.32625		2768.89849
243		6749.20032		10671.74273		2826.65791
244		6786.15087		10695.96473		2876.337
245		6817.66719		10716.46717		2918.86721
246		6841.61845		10728.87617		2954.36072
247		6857.6073		10732.77264		2982.44197
248		6873.66933		10746.67366		3000.665
249		6883.26433		10756.26866		3010.26
250		6883.26433		10756.26866		3010.26
