step	mediator-random_runtime_mean	mediator-random_runtime_std_up	mediator-random_runtime_std_down
1		0.0		0.0		0.0
2		0.54835		0.86242		0.23429
3		0.85979		1.15898		0.56059
4		1.41004		1.99516		0.82492
5		1.68287		2.38747		0.97828
6		1.75607		2.54105		0.97108
7		1.82311		2.60785		1.03838
8		1.88673		2.57768		1.19577
9		1.94977		2.55344		1.34611
10		2.01242		2.5363		1.48855
11		2.09859		2.61464		1.58254
12		2.22938		2.58794		1.87082
13		2.34093		2.77835		1.90352
14		2.5832		3.08776		2.07863
15		2.70746		3.30722		2.1077
16		2.78005		3.30713		2.25298
17		2.90933		3.51696		2.3017
18		3.0352		3.58719		2.48322
19		3.1682		3.69417		2.64224
20		3.34909		3.8615		2.83667
21		3.3603		3.87229		2.84832
22		3.43611		3.9717		2.90052
23		3.63615		4.29056		2.98174
24		3.70197		4.40012		3.00382
25		3.79693		4.48475		3.10911
26		3.8069		4.49387		3.11993
27		3.81708		4.5042		3.12996
28		3.94074		4.64877		3.2327
29		4.05851		4.80663		3.3104
30		4.11605		4.89932		3.33277
31		4.1838		5.02535		3.34225
32		4.31623		5.21854		3.41391
33		4.4022		5.34895		3.45545
34		4.58163		5.59826		3.565
35		4.6486		5.71758		3.57962
36		4.7581		5.86485		3.65135
37		4.86169		6.04315		3.68023
38		4.95265		6.18481		3.7205
39		5.00797		6.2591		3.75683
40		5.0696		6.34939		3.7898
41		5.08136		6.35958		3.80315
42		5.13622		6.44536		3.82707
43		5.32182		6.76194		3.8817
44		5.33179		6.77293		3.89065
45		5.4058		6.91483		3.89677
46		5.46365		6.94942		3.97788
47		5.68541		7.14457		4.22625
48		5.79092		7.22985		4.352
49		5.85551		7.36554		4.34548
50		5.91457		7.49312		4.33602
51		5.97199		7.61797		4.32602
52		6.12265		7.82506		4.42023
53		6.26627		8.03723		4.49531
54		6.37498		8.23577		4.51419
55		6.49277		8.4493		4.53623
56		6.63161		8.66131		4.60191
57		6.64098		8.67111		4.61085
58		6.6991		8.75757		4.64064
59		6.82068		8.93535		4.70601
60		6.87323		8.98967		4.75679
61		6.9975		9.17322		4.82178
62		7.1518		9.3964		4.9072
63		7.26177		9.5751		4.94844
64		7.31544		9.62054		5.01033
65		7.35453		9.65629		5.05278
66		7.36491		9.66703		5.06278
67		7.41751		9.71635		5.11868
68		7.46855		9.76798		5.16913
69		7.52971		9.9016		5.15782
70		7.54167		9.91482		5.16851
71		7.55326		9.9279		5.17862
72		7.60556		10.04261		5.16851
73		7.66401		10.17417		5.15384
74		7.7781		10.36854		5.18766
75		7.78985		10.37967		5.20004
76		7.80184		10.39079		5.21289
77		7.86865		10.54677		5.19052
78		7.88038		10.56131		5.19945
79		8.08006		10.86226		5.29785
80		8.09262		10.87575		5.3095
81		8.17894		10.97023		5.38765
82		8.24634		11.04785		5.44483
83		8.30838		11.12427		5.49249
84		8.41462		11.31203		5.5172
85		8.53842		11.34026		5.73658
86		8.67616		11.53236		5.81996
87		8.71765		11.5832		5.8521
88		8.76773		11.68444		5.85101
89		8.82296		11.80393		5.84199
90		8.83393		11.81252		5.85534
91		8.883		11.91709		5.84891
92		8.93524		12.02993		5.84056
93		9.02509		12.16625		5.88393
94		9.11235		12.2986		5.9261
95		9.27518		12.5322		6.01816
96		9.28736		12.54168		6.03304
97		9.42555		12.59784		6.25327
98		9.54741		12.71559		6.37923
99		9.60925		12.78662		6.43188
100		9.70061		12.95974		6.44148
101		9.74963		12.994		6.50526
102		9.79745		13.02951		6.56539
103		9.84759		13.06872		6.62646
104		9.85876		13.0794		6.63811
105		9.9158		13.12234		6.70926
106		9.96249		13.22186		6.70313
107		10.00217		13.25547		6.74887
108		10.11001		13.4112		6.80882
109		10.17164		13.38936		6.95392
110		10.25062		13.35967		7.14158
111		10.3046		13.40807		7.20113
112		10.37287		13.38739		7.35835
113		10.46085		13.4075		7.5142
114		10.5536		13.50043		7.60678
115		10.67799		13.62091		7.73507
116		10.68855		13.63119		7.74592
117		10.82261		13.78085		7.86437
118		10.95509		13.93464		7.97554
119		11.1347		14.10835		8.16105
120		11.24573		14.25261		8.23885
121		11.38338		14.38787		8.37888
122		11.43474		14.51273		8.35675
123		11.48021		14.62313		8.33728
124		11.53028		14.66422		8.39633
125		11.70046		14.81419		8.58673
126		11.74973		14.93099		8.56847
127		11.81716		15.05635		8.57796
128		11.87242		15.0572		8.68764
129		12.01145		15.23238		8.79051
130		12.06158		15.23652		8.88664
131		12.11458		15.2406		8.98856
132		12.20712		15.39819		9.01604
133		12.26402		15.44197		9.08607
134		12.31673		15.575		9.05845
135		12.45041		15.70551		9.19532
136		12.50646		15.74874		9.26418
137		12.6334		15.88732		9.37948
138		12.64378		15.89673		9.39084
139		12.73069		16.00832		9.45306
140		12.77995		16.1338		9.4261
141		12.82781		16.24987		9.40575
142		12.89161		16.29941		9.4838
143		12.98357		16.42584		9.5413
144		13.14369		16.61542		9.67195
145		13.2351		16.76076		9.70944
146		13.28557		16.80342		9.76773
147		13.37749		16.93291		9.82208
148		13.51434		17.07674		9.95195
149		13.71601		17.27159		10.16044
150		13.76879		17.4001		10.13748
151		13.91801		17.55712		10.27891
152		14.02332		17.69633		10.35031
153		14.07958		17.72689		10.43228
154		14.14594		17.78148		10.5104
155		14.15831		17.7924		10.52421
156		14.21725		17.84395		10.59055
157		14.31471		18.00324		10.62619
158		14.40986		18.04079		10.77893
159		14.57029		18.24034		10.90025
160		14.67688		18.28604		11.06772
161		14.84049		18.49514		11.18583
162		14.93744		18.62626		11.24861
163		14.99351		18.65102		11.33599
164		15.09182		18.7162		11.46744
165		15.17333		18.85633		11.49033
166		15.2983		18.99123		11.60536
167		15.43683		19.07274		11.80091
168		15.52486		19.1377		11.91201
169		15.62956		19.18312		12.07599
170		15.76638		19.34812		12.18464
171		15.85473		19.47578		12.23369
172		15.99212		19.61895		12.36529
173		16.08124		19.76253		12.39995
174		16.0934		19.77427		12.41254
175		16.13791		19.81497		12.46085
176		16.2348		19.86618		12.60342
177		16.41702		20.06448		12.76956
178		16.55659		20.26822		12.84496
179		16.66147		20.35038		12.97256
180		16.67424		20.36318		12.9853
181		16.77465		20.44682		13.10249
182		16.82712		20.50158		13.15266
183		16.91866		20.57955		13.25777
184		17.01122		20.74238		13.28007
185		17.13658		20.92309		13.35007
186		17.24806		21.02454		13.47158
187		17.31658		21.10458		13.52857
188		17.42969		21.27515		13.58422
189		17.44225		21.28646		13.59803
190		17.45442		21.29789		13.61095
191		17.53263		21.42242		13.64284
192		17.5819		21.53456		13.62924
193		17.69246		21.64898		13.73593
194		17.77616		21.78137		13.77096
195		17.96746		21.98214		13.95278
196		18.01095		22.082		13.9399
197		18.05682		22.13742		13.97623
198		18.18569		22.28139		14.08999
199		18.31023		22.43998		14.18049
200		18.37846		22.49397		14.26295
201		18.50406		22.59274		14.41538
202		18.51563		22.60403		14.42723
203		18.55891		22.64012		14.47771
204		18.66022		22.82143		14.49901
205		18.77129		22.90342		14.63915
206		18.81657		23.00942		14.62371
207		18.86684		23.05311		14.68058
208		18.91132		23.10562		14.71702
209		18.96498		23.13503		14.79493
210		19.01226		23.17618		14.84834
211		19.05416		23.2714		14.83691
212		19.10182		23.31451		14.88913
213		19.24309		23.47549		15.01069
214		19.36323		23.66313		15.06333
215		19.50344		23.77952		15.22736
216		19.58644		23.86815		15.30472
217		19.69076		23.93792		15.4436
218		19.84462		24.15529		15.53395
219		19.94534		24.231		15.65969
220		20.08636		24.35808		15.81464
221		20.15261		24.40331		15.90191
222		20.27047		24.49905		16.04189
223		20.28484		24.51274		16.05695
224		20.2995		24.52681		16.07219
225		20.36086		24.58796		16.13375
226		20.37422		24.59904		16.1494
227		20.49431		24.76736		16.22126
228		20.50449		24.77634		16.23264
229		20.58288		24.84669		16.31908
230		20.67862		24.95295		16.40429
231		20.79963		25.12141		16.47785
232		20.92932		25.29517		16.56348
233		20.97959		25.33929		16.6199
234		21.05969		25.46939		16.64999
235		21.1646		25.64395		16.68525
236		21.30662		25.82996		16.78328
237		21.35409		25.88256		16.82562
238		21.40915		25.93128		16.88703
239		21.41993		25.94199		16.89787
240		21.55187		26.08077		17.02297
241		21.64466		26.22128		17.06804
242		21.73459		26.31238		17.1568
243		21.78949		26.37158		17.2074
244		21.84126		26.42171		17.2608
245		21.92164		26.54623		17.29706
246		22.00084		26.67788		17.32379
247		22.05129		26.72971		17.37288
248		22.10168		26.78455		17.41881
249		22.23792		26.93395		17.5419
250		22.2495		26.94657		17.55242
