step	mediator-random_runtime_mean	mediator-random_runtime_std_up	mediator-random_runtime_std_down
1		0.00016		0.00017		0.00015
2		0.41762		0.62184		0.2134
3		0.81832		1.06102		0.57562
4		1.30549		1.54958		1.0614
5		1.40842		1.59898		1.21786
6		1.41781		1.60844		1.22719
7		1.42709		1.61784		1.23634
8		1.58889		1.89766		1.28011
9		1.6636		1.87206		1.45514
10		1.67325		1.8811		1.46541
11		1.68318		1.89025		1.47611
12		1.69278		1.8996		1.48597
13		1.70266		1.90875		1.49658
14		1.71275		1.91805		1.50744
15		1.77735		1.98375		1.57095
16		1.78705		1.99264		1.58145
17		1.79727		2.00203		1.5925
18		1.85692		2.10895		1.60489
19		1.96566		2.33113		1.6002
20		2.07135		2.55021		1.59248
21		2.17022		2.6873		1.65315
22		2.22355		2.79775		1.64935
23		2.27579		2.91194		1.63964
24		2.43317		3.22592		1.64041
25		2.50932		3.3193		1.69934
26		2.60884		3.46176		1.75591
27		2.74961		3.64097		1.85825
28		2.75918		3.65044		1.86792
29		2.82288		3.77496		1.87081
30		2.83218		3.78449		1.87987
31		2.84201		3.79483		1.88919
32		2.85131		3.80405		1.89856
33		2.9081		3.92041		1.89578
34		3.01134		4.04797		1.9747
35		3.10666		4.16486		2.04846
36		3.24415		4.25415		2.23416
37		3.25339		4.26364		2.24314
38		3.50111		4.64526		2.35695
39		3.55413		4.6736		2.43465
40		3.65106		4.82299		2.47913
41		3.84722		5.08582		2.60863
42		3.97797		5.32603		2.6299
43		4.02776		5.40403		2.6515
44		4.17712		5.53673		2.81751
45		4.23076		5.66217		2.79936
46		4.3254		5.81006		2.84074
47		4.51003		6.04674		2.97332
48		4.60224		6.23057		2.97391
49		4.77975		6.46077		3.09873
50		4.92651		6.69098		3.16204
51		5.11173		6.84786		3.37559
52		5.28689		7.02996		3.54382
53		5.42958		7.26349		3.59566
54		5.56358		7.3493		3.77786
55		5.73352		7.57284		3.89419
56		5.90638		7.80488		4.00788
57		6.07638		8.03401		4.11875
58		6.26739		8.23136		4.30342
59		6.39356		8.39195		4.39517
60		6.48019		8.53416		4.42623
61		6.60648		8.70001		4.51295
62		6.73105		8.88296		4.57915
63		6.76384		8.91588		4.6118
64		6.77328		8.92478		4.62177
65		6.78282		8.93386		4.63178
66		6.8333		8.92324		4.74337
67		6.88497		8.9136		4.85633
68		6.9409		8.9447		4.9371
69		6.95014		8.95399		4.9463
70		7.00462		9.02976		4.97948
71		7.05584		9.01979		5.09189
72		7.0651		9.02874		5.10147
73		7.07454		9.03806		5.11103
74		7.08431		9.0478		5.12082
75		7.13789		9.12582		5.14996
76		7.18699		9.1185		5.25549
77		7.24032		9.14793		5.33272
78		7.24961		9.15729		5.34192
79		7.30482		9.19175		5.4179
80		7.31414		9.20127		5.42701
81		7.32343		9.21061		5.43625
82		7.36558		9.3035		5.42766
83		7.37498		9.31294		5.43702
84		7.38437		9.32223		5.4465
85		7.39362		9.33145		5.45578
86		7.43589		9.42503		5.44676
87		7.48311		9.45733		5.50889
88		7.5251		9.55086		5.49935
89		7.56724		9.64539		5.48908
90		7.6462		9.76342		5.52897
91		7.76381		9.92006		5.60756
92		7.8472		10.04801		5.64639
93		7.91464		10.21088		5.61839
94		7.92435		10.22007		5.62863
95		8.01435		10.3806		5.64809
96		8.05783		10.48159		5.63407
97		8.18811		10.67394		5.70228
98		8.28151		10.84101		5.72201
99		8.32606		10.87979		5.77232
100		8.41748		10.95646		5.8785
101		8.42766		10.96613		5.88919
102		8.51813		11.1248		5.91146
103		8.56368		11.16514		5.96223
104		8.64098		11.29192		5.99003
105		8.71859		11.4215		6.01567
106		8.83132		11.59965		6.06299
107		8.87424		11.69577		6.0527
108		8.91526		11.78986		6.04066
109		8.95641		11.88433		6.0285
110		9.00345		11.92522		6.08168
111		9.06353		12.0711		6.05596
112		9.0743		12.08141		6.06719
113		9.13338		12.22604		6.04073
114		9.18962		12.27634		6.10289
115		9.2385		12.31927		6.15773
116		9.3314		12.40448		6.25832
117		9.38486		12.53243		6.23729
118		9.43272		12.57771		6.28773
119		9.4427		12.58802		6.29737
120		9.49706		12.64043		6.35368
121		9.50732		12.65091		6.36372
122		9.51729		12.66052		6.37405
123		9.52684		12.66957		6.38411
124		9.53656		12.67854		6.39457
125		9.58381		12.72524		6.44238
126		9.6245		12.81796		6.43105
127		9.66523		12.91061		6.41985
128		9.74431		13.04115		6.44747
129		9.79085		13.0871		6.49461
130		9.83242		13.18233		6.48251
131		9.93953		13.38248		6.49658
132		9.94974		13.39315		6.50633
133		9.95988		13.40307		6.51669
134		9.96959		13.41266		6.52652
135		10.0545		13.49697		6.61204
136		10.11058		13.55153		6.66963
137		10.12042		13.56148		6.67937
138		10.16853		13.61077		6.72629
139		10.22117		13.66686		6.77548
140		10.26787		13.71857		6.81717
141		10.32104		13.77957		6.8625
142		10.37611		13.83548		6.91675
143		10.38679		13.84664		6.92694
144		10.43344		13.90137		6.96551
145		10.51754		13.97423		7.06085
146		10.56537		14.02586		7.10488
147		10.57554		14.03679		7.11428
148		10.58632		14.04693		7.12571
149		10.59663		14.05774		7.13553
150		10.60676		14.0685		7.14503
151		10.65302		14.12166		7.18437
152		10.66333		14.13222		7.19444
153		10.67311		14.14234		7.20388
154		10.75197		14.21841		7.28553
155		10.76253		14.22956		7.2955
156		10.80304		14.26064		7.34544
157		10.84808		14.3152		7.38097
158		10.85837		14.32575		7.39099
159		10.90579		14.38473		7.42684
160		10.91655		14.39557		7.43754
161		10.96478		14.45714		7.47241
162		11.01421		14.49406		7.53435
163		11.02389		14.50321		7.54457
164		11.13776		14.62159		7.65392
165		11.18464		14.67016		7.69913
166		11.1945		14.67922		7.70978
167		11.23967		14.73785		7.7415
168		11.24979		14.74763		7.75194
169		11.29229		14.78192		7.80266
170		11.30255		14.79248		7.81263
171		11.31277		14.80234		7.8232
172		11.36179		14.86837		7.85522
173		11.37229		14.87922		7.86536
174		11.45187		14.96744		7.9363
175		11.51028		15.04969		7.97086
176		11.52045		15.05975		7.98115
177		11.63557		15.18864		8.08249
178		11.68424		15.259		8.10948
179		11.73215		15.32926		8.13503
180		11.78091		15.40205		8.15977
181		11.87037		15.51845		8.22229
182		11.91337		15.58418		8.24256
183		11.9248		15.5955		8.25409
184		11.93578		15.60675		8.26481
185		11.98236		15.65539		8.30933
186		12.03418		15.73636		8.332
187		12.0446		15.74597		8.34324
188		12.08929		15.81665		8.36194
189		12.13389		15.88726		8.38052
190		12.17805		15.95852		8.39759
191		12.22195		16.0311		8.41281
192		12.28007		16.09075		8.4694
193		12.32348		16.16283		8.48413
194		12.37205		16.2458		8.4983
195		12.45363		16.36045		8.54682
196		12.46333		16.3696		8.55707
197		12.47274		16.37884		8.56664
198		12.48245		16.38779		8.57711
199		12.49244		16.39707		8.5878
200		12.5821		16.52691		8.6373
201		12.59267		16.53665		8.64868
202		12.60326		16.54697		8.65956
203		12.65016		16.59889		8.70144
204		12.66116		16.6097		8.71263
205		12.6716		16.61974		8.72347
206		12.68181		16.63041		8.73322
207		12.7319		16.71736		8.74644
208		12.74214		16.72764		8.75664
209		12.78859		16.8099		8.76729
210		12.83407		16.89073		8.77741
211		12.85936		16.931		8.78772
212		12.97152		17.06963		8.87342
213		13.04776		17.18034		8.91518
214		13.08815		17.25213		8.92416
215		13.17093		17.37223		8.96964
216		13.18102		17.38153		8.98052
217		13.2602		17.47926		9.04114
218		13.31268		17.5392		9.08616
219		13.36765		17.64066		9.09464
220		13.37806		17.65058		9.10554
221		13.46059		17.77831		9.14287
222		13.5057		17.8611		9.1503
223		13.55003		17.94388		9.15617
224		13.62385		18.07908		9.16862
225		13.74048		18.23065		9.25031
226		13.79046		18.29128		9.28964
227		13.80168		18.30303		9.30033
228		13.84263		18.33031		9.35495
229		13.91819		18.43809		9.39829
230		13.9899		18.5207		9.4591
231		14.0812		18.6551		9.5073
232		14.11583		18.67958		9.55209
233		14.20368		18.82094		9.58642
234		14.25411		18.85618		9.65203
235		14.26509		18.86707		9.66311
236		14.38302		19.01179		9.75425
237		14.42995		19.09991		9.75999
238		14.47059		19.12898		9.81219
239		14.51877		19.18541		9.85213
240		14.55903		19.21511		9.90296
241		14.61173		19.31551		9.90795
242		14.62198		19.32513		9.91883
243		14.67818		19.43323		9.92313
244		14.76032		19.56509		9.95554
245		14.80389		19.64875		9.95904
246		14.84701		19.73085		9.96316
247		14.90595		19.81625		9.99566
248		15.00198		19.95262		10.05134
249		15.04839		20.00795		10.08883
250		15.1623		20.15947		10.16512
