step	mediator-random_cum_inst_loss_mean	mediator-random_cum_inst_loss_std_up	mediator-random_cum_inst_loss_std_down
1		-18.54242		43.30703		-80.39188
2		-96.60144		33.2182		-226.42107
3		-185.587		5.94325		-377.11725
4		-269.02874		-11.79599		-526.26148
5		-350.04397		-21.22105		-678.86689
6		-425.09588		-22.33969		-827.85208
7		-497.27972		-14.41701		-980.14243
8		-563.03543		2.17377		-1128.24463
9		-642.47924		-17.03876		-1267.91972
10		-729.5134		-64.89797		-1394.12883
11		-814.31012		-105.55579		-1523.06444
12		-910.388		-163.24249		-1657.53351
13		-1018.3408		-253.4245		-1783.2571
14		-1121.74805		-333.98548		-1909.51062
15		-1223.77961		-412.91318		-2034.64603
16		-1320.95397		-481.41587		-2160.49207
17		-1416.4246		-547.77657		-2285.07262
18		-1506.69272		-602.91583		-2410.46961
19		-1594.89361		-655.36011		-2534.42711
20		-1677.50939		-695.78918		-2659.22959
21		-1757.65517		-732.91605		-2782.39429
22		-1831.79189		-757.22328		-2906.3605
23		-1903.01236		-777.55375		-3028.47096
24		-1984.79945		-819.59686		-3150.00205
25		-2077.70931		-887.85879		-3267.55983
26		-2165.28189		-946.26368		-3384.30011
27		-2250.64537		-1003.57644		-3497.71431
28		-2330.2744		-1050.58196		-3609.96683
29		-2407.27624		-1095.73578		-3718.8167
30		-2478.10354		-1130.07337		-3826.13371
31		-2562.88586		-1186.65111		-3939.12061
32		-2655.5395		-1262.76062		-4048.31839
33		-2746.25147		-1336.62993		-4155.87302
34		-2831.51048		-1403.20799		-4259.81297
35		-2914.43863		-1467.13511		-4361.74214
36		-2991.50414		-1523.10995		-4459.89832
37		-3065.80754		-1575.97053		-4555.64456
38		-3133.79438		-1620.15214		-4647.43663
39		-3198.5413		-1660.69721		-4736.38538
40		-3256.46867		-1691.76533		-4821.17201
41		-3310.62667		-1718.60857		-4902.64478
42		-3357.40782		-1735.09941		-4979.71623
43		-3399.83296		-1746.70321		-5052.96271
44		-3451.30917		-1770.64445		-5131.9739
45		-3512.31285		-1781.06259		-5243.5631
46		-3566.29997		-1784.51168		-5348.08825
47		-3616.31033		-1776.48782		-5456.13284
48		-3675.771		-1799.30589		-5552.23612
49		-3728.13391		-1804.56365		-5651.70417
50		-3776.43458		-1810.40306		-5742.4661
51		-3817.05012		-1797.8242		-5836.27604
52		-3852.98513		-1784.75843		-5921.21184
53		-3880.58419		-1752.33272		-6008.83566
54		-3902.81765		-1718.2415		-6087.3938
55		-3915.99402		-1663.75528		-6168.23275
56		-3923.0457		-1606.30635		-6239.78504
57		-3920.24124		-1527.3226		-6313.15989
58		-3910.47101		-1443.95074		-6376.99127
59		-3889.95927		-1337.78633		-6442.13221
60		-3861.54979		-1225.66922		-6497.43037
61		-3821.41781		-1089.36879		-6553.46682
62		-3789.40088		-952.00466		-6626.7971
63		-3742.06249		-788.56434		-6695.56064
64		-3688.82351		-617.90386		-6759.74317
65		-3636.19158		-459.09118		-6813.29197
66		-3573.97136		-285.26869		-6862.67403
67		-3498.24912		-91.17785		-6905.32039
68		-3411.72332		119.68432		-6943.13096
69		-3344.50716		330.9258		-7019.94012
70		-3277.1624		525.65772		-7079.98252
71		-3216.50045		707.55768		-7140.55859
72		-3139.00941		910.9381		-7188.95692
73		-3054.0308		1133.45058		-7241.51218
74		-2967.98872		1342.38193		-7278.35937
75		-2870.59993		1579.30196		-7320.50182
76		-2757.85814		1833.80724		-7349.52352
77		-2666.4553		2046.29092		-7379.20152
78		-2570.24178		2251.73684		-7392.22041
79		-2482.60076		2439.06375		-7404.26527
80		-2424.43796		2573.86248		-7422.73841
81		-2352.98669		2732.91658		-7438.88996
82		-2270.95665		2902.46941		-7444.3827
83		-2191.42741		3058.81168		-7441.6665
84		-2131.57606		3180.43335		-7443.58548
85		-2054.93828		3327.38946		-7437.26602
86		-1970.85784		3480.80878		-7422.52446
87		-1885.7612		3652.69222		-7424.21463
88		-1789.36761		3834.0377		-7412.77293
89		-1711.76432		3988.903		-7412.43163
90		-1616.44027		4162.80113		-7395.68167
91		-1529.73553		4321.04924		-7380.5203
92		-1455.51284		4472.20265		-7383.22833
93		-1387.61096		4597.47817		-7372.7001
94		-1353.63531		4685.88769		-7393.1583
95		-1304.23509		4789.86747		-7398.33766
96		-1248.82577		4905.62371		-7403.27526
97		-1210.95472		4985.50669		-7407.41613
98		-1160.86319		5086.95521		-7408.68159
99		-1101.31707		5194.54203		-7397.17617
100		-1028.40968		5325.19614		-7382.01549
101		-944.84687		5463.66935		-7353.36308
102		-880.74965		5554.91317		-7316.41248
103		-833.73345		5623.75256		-7291.21945
104		-791.06089		5674.41062		-7256.5324
105		-770.00604		5716.07563		-7256.0877
106		-768.29758		5767.52547		-7304.12064
107		-790.36285		5780.66816		-7361.39386
108		-816.99853		5774.2379		-7408.23496
109		-838.21791		5774.03252		-7450.46835
110		-867.37229		5772.83264		-7507.57721
111		-887.83383		5780.26455		-7555.9322
112		-919.59956		5786.73945		-7625.93857
113		-939.40082		5804.34599		-7683.14762
114		-956.83515		5829.78291		-7743.45321
115		-978.59617		5854.39396		-7811.5863
116		-1011.72978		5856.4653		-7879.92486
117		-1032.9709		5873.14984		-7939.09165
118		-1051.92089		5893.35481		-7997.19658
119		-1075.27733		5937.93189		-8088.48655
120		-1093.04488		5985.79596		-8171.88572
121		-1101.52029		6052.45613		-8255.49671
122		-1103.62359		6123.59982		-8330.847
123		-1112.65577		6181.37126		-8406.6828
124		-1128.98151		6216.71273		-8474.67576
125		-1135.93923		6270.47738		-8542.35584
126		-1136.44497		6328.47319		-8601.36312
127		-1143.7955		6367.91987		-8655.51088
128		-1158.35109		6404.04696		-8720.74913
129		-1163.44548		6453.6038		-8780.49477
130		-1179.03528		6473.52304		-8831.5936
131		-1215.90013		6466.87899		-8898.67925
132		-1244.47797		6467.6249		-8956.58084
133		-1284.78718		6468.07871		-9037.65307
134		-1313.58156		6478.1202		-9105.28332
135		-1340.48234		6496.54318		-9177.50787
136		-1355.1626		6525.50955		-9235.83474
137		-1367.2064		6563.91177		-9298.32457
138		-1366.24773		6613.92274		-9346.4182
139		-1361.82951		6674.54251		-9398.20152
140		-1360.58784		6732.77276		-9453.94843
141		-1352.46264		6805.11014		-9510.03541
142		-1333.68252		6887.81758		-9555.18262
143		-1307.0958		6985.98731		-9600.17891
144		-1285.92795		7084.55646		-9656.41237
145		-1287.50965		7147.48644		-9722.50574
146		-1275.53822		7228.6812		-9779.75765
147		-1259.52764		7316.63051		-9835.68578
148		-1263.12893		7370.30507		-9896.56293
149		-1256.6925		7440.33332		-9953.71831
150		-1243.09912		7518.50636		-10004.7046
151		-1252.65394		7562.86137		-10068.16925
152		-1266.12073		7584.75294		-10116.99441
153		-1273.47813		7618.85322		-10165.80947
154		-1288.04093		7649.72735		-10225.80922
155		-1310.18838		7656.46808		-10276.84484
156		-1340.31967		7645.15215		-10325.79149
157		-1361.80954		7644.86407		-10368.48315
158		-1377.61227		7650.86631		-10406.09086
159		-1401.06491		7637.13982		-10439.26964
160		-1415.52463		7635.11966		-10466.16892
161		-1440.97266		7626.21864		-10508.16396
162		-1471.16915		7599.76856		-10542.10685
163		-1496.13674		7580.96809		-10573.24158
164		-1529.2366		7578.88912		-10637.36233
165		-1553.85129		7583.76026		-10691.46284
166		-1589.98876		7560.24082		-10740.21833
167		-1614.39183		7550.4087		-10779.19237
168		-1636.67019		7542.54708		-10815.88747
169		-1646.48473		7549.25372		-10842.22319
170		-1653.40674		7558.82488		-10865.63835
171		-1647.05669		7583.94839		-10878.06178
172		-1636.96335		7612.93626		-10886.86296
173		-1629.74786		7625.23727		-10884.733
174		-1615.33443		7647.18842		-10877.85728
175		-1606.98058		7687.23696		-10901.19813
176		-1605.00524		7703.14662		-10913.1571
177		-1592.69866		7736.45546		-10921.85277
178		-1572.92618		7772.01434		-10917.8667
179		-1541.88577		7826.0		-10909.77155
180		-1519.43893		7872.1618		-10911.03966
181		-1482.17431		7939.5984		-10903.94703
182		-1439.53931		8008.93423		-10888.01285
183		-1398.06945		8089.737		-10885.8759
184		-1347.59878		8175.45309		-10870.65066
185		-1301.28995		8243.96893		-10846.54883
186		-1259.36199		8313.80376		-10832.52774
187		-1205.00002		8398.79112		-10808.79116
188		-1158.00417		8456.49743		-10772.50577
189		-1111.94394		8498.36706		-10722.25494
190		-1056.64131		8549.4679		-10662.75052
191		-1005.2462		8604.72695		-10615.21935
192		-957.96426		8679.79576		-10595.72428
193		-897.96653		8767.39236		-10563.32541
194		-862.08375		8822.95863		-10547.12613
195		-824.31241		8864.38584		-10513.01066
196		-798.18947		8880.34046		-10476.7194
197		-787.73708		8885.43762		-10460.91178
198		-769.91639		8897.33762		-10437.17039
199		-740.93049		8921.51804		-10403.37902
200		-703.60084		8953.76192		-10360.9636
201		-654.07921		8999.37277		-10307.53118
202		-612.17846		9060.77168		-10285.12859
203		-571.48149		9126.47586		-10269.43885
204		-538.86988		9167.9416		-10245.68136
205		-490.90555		9227.62022		-10209.43132
206		-437.00767		9293.05138		-10167.06672
207		-383.68213		9383.98463		-10151.3489
208		-320.73176		9481.07376		-10122.53728
209		-244.24103		9600.75024		-10089.2323
210		-156.90621		9728.22567		-10042.03808
211		-71.79288		9840.45136		-9984.03713
212		-23.10992		9925.97631		-9972.19614
213		45.18026		10033.9884		-9943.62788
214		117.06466		10148.71547		-9914.58614
215		158.64328		10203.83783		-9886.55126
216		212.63822		10279.50968		-9854.23324
217		259.24863		10365.5815		-9847.08425
218		287.85528		10421.69002		-9845.97946
219		328.19325		10492.72787		-9836.34136
220		377.47383		10573.62626		-9818.6786
221		422.53176		10630.28198		-9785.21847
222		480.192		10704.14679		-9743.76279
223		530.66443		10774.26371		-9712.93486
224		580.38214		10852.78709		-9692.02281
225		622.49745		10934.14627		-9689.15137
226		680.48001		11035.21816		-9674.25814
227		744.91867		11144.71201		-9654.87467
228		809.33356		11234.49312		-9615.82599
229		883.94062		11340.3637		-9572.48246
230		972.73376		11459.22706		-9513.75953
231		1056.01522		11555.12148		-9443.09103
232		1140.25229		11675.34175		-9394.83716
233		1218.7688		11792.36741		-9354.82981
234		1280.77062		11880.80699		-9319.26575
235		1322.4677		11947.57828		-9302.64288
236		1380.218		12033.79782		-9273.36182
237		1427.6639		12116.24257		-9260.91476
238		1477.60696		12187.10195		-9231.88803
239		1517.0486		12236.51567		-9202.41848
240		1540.68782		12273.6553		-9192.27966
241		1540.05183		12289.07322		-9208.96957
242		1539.38235		12326.06347		-9247.29876
243		1541.70729		12364.7303		-9281.31572
244		1540.24624		12379.73417		-9299.24169
245		1544.21261		12401.84046		-9313.41525
246		1539.84078		12421.6205		-9341.93894
247		1542.05409		12449.23524		-9365.12706
248		1554.19509		12488.53264		-9380.14246
249		1571.29509		12534.28034		-9391.69016
250		1571.29509		12534.28034		-9391.69016
