step	mediator-random_cov_err_sq_T_mean	mediator-random_cov_err_sq_T_std_up	mediator-random_cov_err_sq_T_std_down
1		11.20475		11.20475		11.20475
2		11.20475		11.20475		11.20475
3		11.20475		11.20475		11.20475
4		11.20475		11.20475		11.20475
5		11.20475		11.20475		11.20475
6		11.20475		11.20475		11.20475
7		11.20475		11.20475		11.20475
8		11.20475		11.20475		11.20475
9		11.20475		11.20475		11.20475
10		11.20475		11.20475		11.20475
11		11.20475		11.20475		11.20475
12		11.20475		11.20475		11.20475
13		11.20475		11.20475		11.20475
14		11.20475		11.20475		11.20475
15		11.20475		11.20475		11.20475
16		11.20475		11.20475		11.20475
17		11.20475		11.20475		11.20475
18		11.20475		11.20475		11.20475
19		11.20475		11.20475		11.20475
20		11.20475		11.20475		11.20475
21		11.20475		11.20475		11.20475
22		11.20475		11.20475		11.20475
23		11.20475		11.20475		11.20475
24		11.20475		11.20475		11.20475
25		11.20475		11.20475		11.20475
26		11.20475		11.20475		11.20475
27		11.20475		11.20475		11.20475
28		11.20475		11.20475		11.20475
29		11.20475		11.20475		11.20475
30		11.20475		11.20475		11.20475
31		11.20475		11.20475		11.20475
32		11.20475		11.20475		11.20475
33		11.20475		11.20475		11.20475
34		11.20475		11.20475		11.20475
35		11.20475		11.20475		11.20475
36		11.20475		11.20475		11.20475
37		11.20475		11.20475		11.20475
38		11.20475		11.20475		11.20475
39		11.20475		11.20475		11.20475
40		11.20475		11.20475		11.20475
41		11.20475		11.20475		11.20475
42		11.20475		11.20475		11.20475
43		11.20475		11.20475		11.20475
44		11.20475		11.20475		11.20475
45		11.20475		11.20475		11.20475
46		11.20475		11.20475		11.20475
47		11.20475		11.20475		11.20475
48		11.20475		11.20475		11.20475
49		11.20475		11.20475		11.20475
50		11.20475		11.20475		11.20475
51		11.20475		11.20475		11.20475
52		11.20475		11.20475		11.20475
53		11.20475		11.20475		11.20475
54		11.20475		11.20475		11.20475
55		11.20475		11.20475		11.20475
56		11.20475		11.20475		11.20475
57		11.20475		11.20475		11.20475
58		11.20475		11.20475		11.20475
59		11.20475		11.20475		11.20475
60		11.20475		11.20475		11.20475
61		11.20475		11.20475		11.20475
62		11.20475		11.20475		11.20475
63		11.20475		11.20475		11.20475
64		11.20475		11.20475		11.20475
65		11.20475		11.20475		11.20475
66		11.20475		11.20475		11.20475
67		11.20475		11.20475		11.20475
68		11.20475		11.20475		11.20475
69		11.20475		11.20475		11.20475
70		11.20475		11.20475		11.20475
71		11.20475		11.20475		11.20475
72		11.20475		11.20475		11.20475
73		11.20475		11.20475		11.20475
74		11.20475		11.20475		11.20475
75		11.20475		11.20475		11.20475
76		11.20475		11.20475		11.20475
77		11.20475		11.20475		11.20475
78		11.20475		11.20475		11.20475
79		11.20475		11.20475		11.20475
80		11.20475		11.20475		11.20475
81		11.20475		11.20475		11.20475
82		11.20475		11.20475		11.20475
83		11.20475		11.20475		11.20475
84		11.20475		11.20475		11.20475
85		11.20475		11.20475		11.20475
86		11.20475		11.20475		11.20475
87		11.20475		11.20475		11.20475
88		11.20475		11.20475		11.20475
89		11.20475		11.20475		11.20475
90		11.20475		11.20475		11.20475
91		11.20475		11.20475		11.20475
92		11.20475		11.20475		11.20475
93		11.20475		11.20475		11.20475
94		11.20475		11.20475		11.20475
95		11.20475		11.20475		11.20475
96		11.20475		11.20475		11.20475
97		11.20475		11.20475		11.20475
98		11.20475		11.20475		11.20475
99		11.20475		11.20475		11.20475
100		11.20475		11.20475		11.20475
101		11.20475		11.20475		11.20475
102		11.20475		11.20475		11.20475
103		11.20475		11.20475		11.20475
104		11.20475		11.20475		11.20475
105		11.20475		11.20475		11.20475
106		11.20475		11.20475		11.20475
107		11.20475		11.20475		11.20475
108		11.20475		11.20475		11.20475
109		11.20475		11.20475		11.20475
110		11.20475		11.20475		11.20475
111		11.20475		11.20475		11.20475
112		11.20475		11.20475		11.20475
113		11.20475		11.20475		11.20475
114		11.20475		11.20475		11.20475
115		11.20475		11.20475		11.20475
116		11.20475		11.20475		11.20475
117		11.20475		11.20475		11.20475
118		11.20475		11.20475		11.20475
119		11.20475		11.20475		11.20475
120		11.20475		11.20475		11.20475
121		11.20475		11.20475		11.20475
122		11.20475		11.20475		11.20475
123		11.20475		11.20475		11.20475
124		11.20475		11.20475		11.20475
125		11.20475		11.20475		11.20475
126		11.20475		11.20475		11.20475
127		11.20475		11.20475		11.20475
128		11.20475		11.20475		11.20475
129		11.20475		11.20475		11.20475
130		11.20475		11.20475		11.20475
131		11.20475		11.20475		11.20475
132		11.20475		11.20475		11.20475
133		11.20475		11.20475		11.20475
134		11.20475		11.20475		11.20475
135		11.20475		11.20475		11.20475
136		11.20475		11.20475		11.20475
137		11.20475		11.20475		11.20475
138		11.20475		11.20475		11.20475
139		11.20475		11.20475		11.20475
140		11.20475		11.20475		11.20475
141		11.20475		11.20475		11.20475
142		11.20475		11.20475		11.20475
143		11.20475		11.20475		11.20475
144		11.20475		11.20475		11.20475
145		11.20475		11.20475		11.20475
146		11.20475		11.20475		11.20475
147		11.20475		11.20475		11.20475
148		11.20475		11.20475		11.20475
149		11.20475		11.20475		11.20475
150		11.20475		11.20475		11.20475
151		11.20475		11.20475		11.20475
152		11.20475		11.20475		11.20475
153		11.20475		11.20475		11.20475
154		11.20475		11.20475		11.20475
155		11.20475		11.20475		11.20475
156		11.20475		11.20475		11.20475
157		11.20475		11.20475		11.20475
158		11.20475		11.20475		11.20475
159		11.20475		11.20475		11.20475
160		11.20475		11.20475		11.20475
161		11.20475		11.20475		11.20475
162		11.20475		11.20475		11.20475
163		11.20475		11.20475		11.20475
164		11.20475		11.20475		11.20475
165		11.20475		11.20475		11.20475
166		11.20475		11.20475		11.20475
167		11.20475		11.20475		11.20475
168		11.20475		11.20475		11.20475
169		11.20475		11.20475		11.20475
170		11.20475		11.20475		11.20475
171		11.20475		11.20475		11.20475
172		11.20475		11.20475		11.20475
173		11.20475		11.20475		11.20475
174		11.20475		11.20475		11.20475
175		11.20475		11.20475		11.20475
176		11.20475		11.20475		11.20475
177		11.20475		11.20475		11.20475
178		11.20475		11.20475		11.20475
179		11.20475		11.20475		11.20475
180		11.20475		11.20475		11.20475
181		11.20475		11.20475		11.20475
182		11.20475		11.20475		11.20475
183		11.20475		11.20475		11.20475
184		11.20475		11.20475		11.20475
185		11.20475		11.20475		11.20475
186		11.20475		11.20475		11.20475
187		11.20475		11.20475		11.20475
188		11.20475		11.20475		11.20475
189		11.20475		11.20475		11.20475
190		11.20475		11.20475		11.20475
191		11.20475		11.20475		11.20475
192		11.20475		11.20475		11.20475
193		11.20475		11.20475		11.20475
194		11.20475		11.20475		11.20475
195		11.20475		11.20475		11.20475
196		11.20475		11.20475		11.20475
197		11.20475		11.20475		11.20475
198		11.20475		11.20475		11.20475
199		11.20475		11.20475		11.20475
200		11.20475		11.20475		11.20475
201		11.20475		11.20475		11.20475
202		11.20475		11.20475		11.20475
203		11.20475		11.20475		11.20475
204		11.20475		11.20475		11.20475
205		11.20475		11.20475		11.20475
206		11.20475		11.20475		11.20475
207		11.20475		11.20475		11.20475
208		11.20475		11.20475		11.20475
209		11.20475		11.20475		11.20475
210		11.20475		11.20475		11.20475
211		11.20475		11.20475		11.20475
212		11.20475		11.20475		11.20475
213		11.20475		11.20475		11.20475
214		11.20475		11.20475		11.20475
215		11.20475		11.20475		11.20475
216		11.20475		11.20475		11.20475
217		11.20475		11.20475		11.20475
218		11.20475		11.20475		11.20475
219		11.20475		11.20475		11.20475
220		11.20475		11.20475		11.20475
221		11.20475		11.20475		11.20475
222		11.20475		11.20475		11.20475
223		11.20475		11.20475		11.20475
224		11.20475		11.20475		11.20475
225		11.20475		11.20475		11.20475
226		11.20475		11.20475		11.20475
227		11.20475		11.20475		11.20475
228		11.20475		11.20475		11.20475
229		11.20475		11.20475		11.20475
230		11.20475		11.20475		11.20475
231		11.20475		11.20475		11.20475
232		11.20475		11.20475		11.20475
233		11.20475		11.20475		11.20475
234		11.20475		11.20475		11.20475
235		11.20475		11.20475		11.20475
236		11.20475		11.20475		11.20475
237		11.20475		11.20475		11.20475
238		11.20475		11.20475		11.20475
239		11.20475		11.20475		11.20475
240		11.20475		11.20475		11.20475
241		11.20475		11.20475		11.20475
242		11.20475		11.20475		11.20475
243		11.20475		11.20475		11.20475
244		11.20475		11.20475		11.20475
245		11.20475		11.20475		11.20475
246		11.20475		11.20475		11.20475
247		11.20475		11.20475		11.20475
248		11.20475		11.20475		11.20475
249		11.20475		11.20475		11.20475
250		11.20475		11.20475		11.20475
