step	mediator-random_inst_loss_mean	mediator-random_inst_loss_std_up	mediator-random_inst_loss_std_down
1		34.68817		68.42033		0.956
2		-0.06484		35.41165		-35.54134
3		2.84498		40.53633		-34.84636
4		-4.38428		36.0244		-44.79295
5		-13.83877		28.69667		-56.37421
6		4.65662		52.88926		-43.57602
7		25.9702		66.03551		-14.09512
8		19.95805		63.88218		-23.96607
9		11.78473		58.02065		-34.45119
10		3.18124		51.85063		-45.48816
11		2.57241		58.78182		-53.63699
12		13.7763		66.72032		-39.16772
13		7.12237		63.40793		-49.16319
14		35.16846		59.13057		11.20636
15		31.48519		59.66808		3.3023
16		23.91856		53.58476		-5.74764
17		24.40118		56.07027		-7.26791
18		18.30645		52.90258		-16.28967
19		18.4937		50.28466		-13.29727
20		30.53554		61.27555		-0.20447
21		24.76368		59.18489		-9.65753
22		16.84329		53.07614		-19.38956
23		35.40101		68.71749		2.08453
24		31.72997		69.92444		-6.4645
25		61.0712		106.89781		15.2446
26		58.75123		109.87088		7.63159
27		52.61966		106.42981		-1.19049
28		46.16537		102.80763		-10.4769
29		39.37138		98.99482		-20.25206
30		32.21982		94.98133		-30.5417
31		24.69185		90.7566		-41.3729
32		16.76768		86.30952		-52.77417
33		16.87393		95.36438		-61.61651
34		18.83053		99.81544		-62.15439
35		12.44261		97.43774		-72.55252
36		3.87374		93.3423		-85.59482
37		23.30137		75.85429		-29.25156
38		45.59625		106.60394		-15.41144
39		40.61705		107.07173		-25.83762
40		33.53105		103.48334		-36.42124
41		26.0721		99.70609		-47.56189
42		18.22057		95.73003		-59.2889
43		46.85078		87.84554		5.85602
44		43.78236		83.45188		4.11285
45		55.31044		97.94428		12.6766
46		50.84252		97.51904		4.16601
47		72.74219		114.64974		30.83464
48		77.63922		110.8749		44.40354
49		74.3465		106.99869		41.6943
50		69.03573		103.40646		34.66499
51		63.44544		99.62516		27.26572
52		57.56093		95.64485		19.47702
53		51.36671		91.45504		11.27838
54		44.84648		87.04472		2.64823
55		46.43056		83.31455		9.54657
56		41.49528		79.51894		3.47161
57		34.4555		74.48041		-5.56941
58		27.0452		69.17669		-15.08628
59		64.58735		125.19018		3.98453
60		64.29719		131.07069		-2.47631
61		58.45751		128.7454		-11.83039
62		52.31047		126.29773		-21.67678
63		54.2874		135.03979		-26.46499
64		58.21313		127.96356		-11.5373
65		53.89798		123.79146		-15.99549
66		47.51097		121.08305		-26.06111
67		40.7878		118.2321		-36.65649
68		33.71079		115.2311		-47.80952
69		34.70878		122.1042		-52.68664
70		29.15657		121.92202		-63.60889
71		29.91487		131.03143		-71.2017
72		24.11034		131.6597		-83.43903
73		16.15556		129.36542		-97.0543
74		34.67708		121.87512		-52.52095
75		39.41544		134.7159		-55.88503
76		34.11094		136.02263		-67.80076
77		55.12999		110.64497		-0.38498
78		50.65258		106.09863		-4.79347
79		80.98973		108.68439		53.29508
80		79.71811		108.13245		51.30376
81		74.69005		104.59989		44.78022
82		69.39736		100.8814		37.91332
83		63.82611		96.9672		30.68502
84		57.96164		92.847		23.07628
85		51.7885		88.50993		15.06707
86		45.29047		83.94461		6.63633
87		38.45043		79.139		-2.23813
88		31.2504		74.08047		-11.57967
89		23.67141		68.75569		-21.41287
90		15.69353		63.15067		-31.76361
91		7.29576		57.25065		-42.65912
92		-1.544		51.04009		-54.12809
93		-10.849		44.50267		-66.20068
94		-20.64375		37.62117		-78.90867
95		14.38846		95.56697		-66.79005
96		11.45625		98.84326		-75.93076
97		2.83547		94.82179		-89.15086
98		40.65593		96.28357		-14.9717
99		37.26147		93.31683		-18.79388
100		38.44635		101.63015		-24.73745
101		33.09085		101.0619		-34.88021
102		34.05621		114.16747		-46.05504
103		56.91714		114.69641		-0.86214
104		60.98127		118.67015		3.29239
105		56.81182		117.57913		-3.9555
106		50.57817		114.54376		-13.38743
107		44.01643		111.34863		-23.31577
108		55.55683		99.80151		11.31215
109		51.10188		95.85967		6.34409
110		71.46268		119.92282		23.00255
111		69.68963		123.39999		15.97927
112		64.13376		120.67099		7.59654
113		58.28548		117.79835		-1.22739
114		52.12939		114.77452		-10.51573
115		45.6493		111.59154		-20.29294
116		38.82815		108.24103		-30.58473
117		31.64799		104.71418		-41.4182
118		24.08993		101.00171		-52.82185
119		34.58157		94.53161		-25.36848
120		29.02265		90.88987		-32.84456
121		21.32642		86.4498		-43.79697
122		21.67261		77.72195		-34.37674
123		15.43427		72.02114		-41.15259
124		7.02286		66.58798		-52.54226
125		35.06372		98.00186		-27.87442
126		31.37493		99.40177		-36.65191
127		23.8025		95.40969		-47.8047
128		44.279		75.13028		13.42773
129		66.12546		98.80904		33.44187
130		64.0715		100.38658		27.75642
131		58.21994		96.44634		19.99354
132		60.50789		101.3305		19.68529
133		56.31352		100.32074		12.3063
134		50.05365		96.37704		3.73026
135		51.91179		106.083		-2.25942
136		47.265		106.07635		-11.54635
137		40.52888		102.43557		-21.3778
138		33.43824		98.60317		-31.72669
139		34.42189		108.07821		-39.23443
140		28.85457		107.9501		-50.24095
141		21.14949		104.40794		-62.10896
142		49.93386		89.54839		10.31932
143		47.02771		84.34222		9.7132
144		58.72659		86.34837		31.10482
145		54.43847		84.77328		24.10366
146		48.07991		80.01129		16.14853
147		41.38669		74.99866		7.77471
148		34.34119		69.72222		-1.03984
149		63.81985		89.00449		38.63522
150		61.64455		92.24954		31.03955
151		64.11274		96.90323		31.32226
152		60.1081		95.87386		24.34234
153		54.04794		91.69611		16.39977
154		47.66882		87.29848		8.03917
155		40.95397		82.66939		-0.76146
156		33.88569		77.79667		-10.02528
157		26.44541		72.66749		-19.77667
158		18.61353		67.26835		-30.04129
159		10.36944		61.58504		-40.84616
160		1.69146		55.60261		-52.2197
161		1.00422		66.14088		-64.13243
162		-6.32192		64.4975		-77.14133
163		12.56909		60.15772		-35.01953
164		5.85163		56.04288		-44.33961
165		-3.06413		49.76876		-55.89702
166		5.99834		70.56274		-58.56605
167		17.38254		58.75144		-23.98637
168		10.91841		52.37543		-30.53861
169		10.71681		64.28315		-42.84953
170		3.90186		62.89669		-55.09298
171		-5.11653		56.9833		-67.21635
172		-14.60956		50.75867		-79.9778
173		-16.15474		50.35827		-82.66776
174		4.0635		61.90819		-53.78119
175		-3.10163		58.82835		-65.0316
176		-12.48861		52.70084		-77.67806
177		-13.92216		60.42755		-88.27188
178		-3.58642		48.34944		-55.52227
179		17.29332		65.74347		-31.15684
180		10.8245		63.81182		-42.16282
181		30.61795		57.28935		3.94655
182		24.85043		54.15896		-4.45811
183		16.9346		47.78569		-13.91649
184		17.04964		37.1051		-3.00582
185		10.56799		29.93123		-8.79524
186		10.34795		28.40279		-7.7069
187		21.96107		49.38312		-5.46098
188		15.73792		47.75458		-16.27874
189		7.34249		41.04423		-26.35926
190		15.40017		67.93691		-37.13658
191		29.12394		76.58658		-18.33869
192		23.27779		73.47068		-26.91511
193		33.72668		102.44646		-34.9931
194		28.12277		102.90739		-46.66185
195		28.82666		108.20649		-50.55317
196		22.96486		107.13774		-61.20803
197		14.94979		103.55283		-73.65325
198		6.51288		99.77923		-86.75348
199		6.0794		111.94726		-99.78845
200		27.46787		116.10232		-61.16658
201		21.53455		114.2592		-71.1901
202		13.4442		111.0491		-84.1607
203		4.92805		107.67004		-97.81395
204		14.41116		123.8152		-94.99288
205		44.68563		106.49217		-17.12092
206		41.50325		102.76347		-19.75696
207		34.46389		98.94833		-30.02054
208		55.50152		85.1365		25.86655
209		51.04366		81.91638		20.17094
210		44.50643		77.00402		12.00883
211		37.62513		71.83312		3.41713
212		30.38165		66.39007		-5.62677
213		31.20443		58.09317		4.31568
214		25.46777		52.23128		-1.29574
215		17.58444		45.75656		-10.58768
216		9.28619		38.94105		-20.36867
217		0.55119		31.76684		-30.66445
218		9.80395		42.53426		-22.92637
219		2.94095		39.58821		-33.70631
220		-6.12801		32.44805		-44.70407
221		-15.67428		24.9321		-56.28066
222		-17.2755		37.66471		-72.21571
223		-25.56373		35.24431		-86.37177
224		10.76204		79.12069		-57.59661
225		14.24171		76.65409		-48.17068
226		7.61228		70.91975		-55.6952
227		7.23667		78.77831		-64.30498
228		0.23855		77.0896		-76.6125
229		-0.52515		86.716		-87.76631
230		10.5157		89.01633		-67.98492
231		3.69016		85.61567		-78.23534
232		3.10813		74.41582		-68.19956
233		-4.10728		67.81391		-76.02848
234		-5.09971		67.54691		-77.74634
235		-4.29962		56.15108		-64.75033
236		-3.45743		62.39069		-69.30555
237		-11.01839		60.01641		-82.0532
238		-20.82205		53.95143		-95.59553
239		-31.14169		47.56723		-109.85062
240		-23.55699		60.87334		-107.98731
241		13.16664		54.92018		-28.58689
242		10.17013		53.16302		-32.82277
243		1.48165		46.73733		-43.77402
244		0.78338		51.93871		-50.37195
245		21.89309		41.08109		2.70509
246		15.66631		37.08765		-5.75503
247		7.26786		29.81664		-15.28092
248		-1.58128		22.15428		-25.31683
249		5.757		10.45757		1.05643
250		0.0		0.0		0.0
