step	mediator-random_runtime_mean	mediator-random_runtime_std_up	mediator-random_runtime_std_down
1		0.00016		0.00017		0.00015
2		0.52248		0.77941		0.26554
3		0.65558		1.00732		0.30385
4		0.79005		1.03987		0.54022
5		0.86485		1.19844		0.53125
6		0.94203		1.19144		0.69261
7		0.95149		1.20108		0.70191
8		0.96081		1.21052		0.71111
9		1.02597		1.30349		0.74845
10		1.03533		1.31311		0.75754
11		1.04501		1.3229		0.76712
12		1.20297		1.58728		0.81866
13		1.21245		1.59687		0.82803
14		1.3125		1.79569		0.82931
15		1.32198		1.80528		0.83868
16		1.41767		1.99899		0.83635
17		1.42704		2.00829		0.84578
18		1.53144		2.22142		0.84147
19		1.54088		2.23045		0.85132
20		1.59191		2.3381		0.84573
21		1.60134		2.3477		0.85498
22		1.6939		2.45884		0.92896
23		1.70324		2.46829		0.93819
24		1.79187		2.58516		0.99859
25		1.80158		2.59497		1.00818
26		2.02649		2.81064		1.24234
27		2.03619		2.81996		1.25243
28		2.29137		3.07741		1.50534
29		2.3446		3.16172		1.52747
30		2.54716		3.35443		1.73989
31		2.74552		3.71032		1.78072
32		2.90314		3.89645		1.90982
33		3.16032		4.27365		2.04699
34		3.43005		4.59969		2.26042
35		3.69964		4.87835		2.52093
36		4.15488		5.35236		2.9574
37		4.42392		5.62566		3.22217
38		4.87399		6.0802		3.66777
39		5.12644		6.32907		3.92381
40		5.53139		6.6629		4.39988
41		5.88041		7.03963		4.72119
42		6.27879		7.36438		5.19319
43		6.5754		7.62458		5.52622
44		7.00931		8.05081		5.96781
45		7.30716		8.31916		6.29516
46		7.74159		8.74677		6.73641
47		8.04154		9.02807		7.05502
48		8.47991		9.46449		7.49532
49		8.78092		9.75822		7.80362
50		9.21633		10.19231		8.24034
51		9.50726		10.48273		8.5318
52		9.93152		10.90868		8.95436
53		10.21317		11.20027		9.22608
54		10.59857		11.63997		9.55716
55		10.88688		11.94003		9.83374
56		11.31685		12.37687		10.25683
57		11.59485		12.67648		10.51322
58		11.96386		13.04824		10.87948
59		12.28426		13.40022		11.16831
60		12.65781		13.78224		11.53338
61		12.9429		14.10225		11.78354
62		13.33827		14.50737		12.16918
63		13.60815		14.8191		12.3972
64		13.94742		15.18355		12.71128
65		14.28409		15.55155		13.01663
66		14.62271		15.91409		13.33133
67		14.92332		16.21761		13.62903
68		15.22684		16.57031		13.88337
69		15.59429		16.96218		14.22639
70		15.90089		17.32945		14.47234
71		16.25826		17.70097		14.81556
72		16.55015		18.04429		15.05602
73		16.84344		18.34647		15.34041
74		17.17055		18.67856		15.66255
75		17.45689		18.97004		15.94374
76		17.74562		19.26587		16.22537
77		18.11248		19.69959		16.52538
78		18.40164		20.00775		16.79553
79		18.72133		20.38634		17.05632
80		19.04559		20.73166		17.35953
81		19.35934		21.09576		17.62291
82		19.67623		21.42914		17.92333
83		20.02456		21.78895		18.26017
84		20.34844		22.13932		18.55755
85		20.72312		22.53018		18.91606
86		21.04387		22.87403		19.21371
87		21.43243		23.27806		19.58681
88		21.74616		23.61563		19.87668
89		22.11592		24.00745		20.2244
90		22.40528		24.34501		20.46556
91		22.74144		24.71922		20.76366
92		23.05432		25.06286		21.04579
93		23.39441		25.44394		21.34487
94		23.70478		25.78814		21.62143
95		24.04222		26.17617		21.90827
96		24.34427		26.50863		22.17991
97		24.68178		26.90708		22.45647
98		25.00715		27.2852		22.7291
99		25.34059		27.64931		23.03187
100		25.62808		28.01371		23.24246
101		25.9861		28.38634		23.58585
102		26.25927		28.71544		23.8031
103		26.62616		29.12389		24.12843
104		26.91074		29.4856		24.33588
105		27.25859		29.84103		24.67615
106		27.53911		30.19357		24.88464
107		27.85445		30.54549		25.16341
108		28.15905		30.90187		25.41623
109		28.47937		31.26746		25.69128
110		28.7773		31.60835		25.94625
111		29.10804		31.9956		26.22047
112		29.40989		32.33845		26.48134
113		29.69972		32.66249		26.73695
114		29.99942		33.00922		26.98962
115		30.2622		33.33056		27.19384
116		30.61651		33.70945		27.52357
117		30.92505		34.04711		27.80299
118		31.27501		34.40762		28.1424
119		31.57656		34.75713		28.39599
120		31.93309		35.14823		28.71795
121		32.24023		35.50531		28.97516
122		32.58433		35.85119		29.31748
123		32.89035		36.20925		29.57144
124		33.23051		36.55556		29.90546
125		33.5378		36.9126		30.163
126		33.85937		37.25948		30.45925
127		34.18655		37.60907		30.76403
128		34.47106		37.93717		31.00496
129		34.79615		38.2919		31.3004
130		35.11992		38.63633		31.60351
131		35.47146		39.01862		31.9243
132		35.80095		39.38746		32.21445
133		36.11492		39.72077		32.50906
134		36.45135		40.094		32.8087
135		36.76543		40.42191		33.10895
136		37.09174		40.81286		33.37063
137		37.41103		41.15527		33.6668
138		37.71788		41.49604		33.93972
139		38.04354		41.84603		34.24105
140		38.35556		42.21035		34.50077
141		38.69665		42.60986		34.78344
142		39.02224		42.9852		35.05928
143		39.33777		43.32223		35.35331
144		39.66746		43.72714		35.60779
145		39.95185		44.05902		35.84468
146		40.30446		44.44812		36.16081
147		40.58641		44.77685		36.39598
148		40.93367		45.15039		36.71694
149		41.24035		45.50198		36.97871
150		41.56715		45.91125		37.22305
151		41.89708		46.25786		37.5363
152		42.18571		46.6045		37.76692
153		42.51814		46.9539		38.08237
154		42.83518		47.29229		38.37806
155		43.16646		47.68435		38.64856
156		43.50305		48.05364		38.95246
157		43.82076		48.41353		39.22798
158		44.11832		48.74145		39.49519
159		44.45659		49.14286		39.77032
160		44.79649		49.49907		40.09391
161		45.17944		49.90757		40.45131
162		45.51004		50.26089		40.75919
163		45.84802		50.59955		41.09649
164		46.18512		50.95559		41.41465
165		46.52582		51.29752		41.75412
166		46.86656		51.66525		42.06786
167		47.18515		51.9938		42.37649
168		47.53411		52.36314		42.70508
169		47.85533		52.69563		43.01503
170		48.22074		53.07561		43.36587
171		48.53936		53.40485		43.67386
172		48.87936		53.77587		43.98284
173		49.20196		54.10913		44.29479
174		49.55042		54.49307		44.60778
175		49.88304		54.82612		44.93995
176		50.2307		55.18753		45.27387
177		50.54858		55.51769		45.57948
178		50.91234		55.91751		45.90717
179		51.27244		56.27719		46.26768
180		51.6082		56.63728		46.57912
181		51.92493		56.98678		46.86307
182		52.26349		57.31878		47.2082
183		52.5869		57.66737		47.50642
184		52.90644		57.98878		47.8241
185		53.23572		58.3408		48.13064
186		53.56803		58.66273		48.47333
187		53.89013		58.99583		48.78442
188		54.22148		59.33807		49.1049
189		54.56497		59.70481		49.42512
190		54.89705		60.04757		49.74652
191		55.26055		60.44786		50.07323
192		55.58881		60.78862		50.389
193		55.90695		61.11445		50.69946
194		56.2567		61.48545		51.02795
195		56.58757		61.83442		51.34073
196		56.89597		62.14095		51.65099
197		57.2441		62.50326		51.98493
198		57.55712		62.80815		52.30608
199		57.88909		63.17481		52.60338
200		58.22529		63.54263		52.90794
201		58.53831		63.88639		53.19023
202		58.84613		64.19735		53.4949
203		59.17596		64.56209		53.78983
204		59.50131		64.91822		54.0844
205		59.81935		65.27211		54.36659
206		60.13194		65.59888		54.665
207		60.44408		65.91644		54.97172
208		60.76412		66.2509		55.27734
209		61.08042		66.5668		55.59404
210		61.39377		66.88966		55.89789
211		61.70036		67.20588		56.19483
212		62.03427		67.55098		56.51755
213		62.34707		67.8759		56.81824
214		62.67539		68.22574		57.12503
215		62.99068		68.56287		57.41848
216		63.28865		68.85197		57.72533
217		63.60757		69.19399		58.02115
218		63.93064		69.49165		58.36963
219		64.25839		69.85367		58.66311
220		64.56906		70.17928		58.95885
221		64.88395		70.48776		59.28013
222		65.20325		70.83916		59.56733
223		65.49987		71.12692		59.87282
224		65.81922		71.45932		60.17912
225		66.16847		71.78599		60.55095
226		66.49308		72.12362		60.86254
227		66.79909		72.42786		61.17032
228		67.12408		72.77189		61.47628
229		67.45993		73.12608		61.79378
230		67.81209		73.49942		62.12475
231		68.14041		73.80627		62.47455
232		68.4553		74.12986		62.78075
233		68.77135		74.45408		63.08863
234		69.07289		74.76101		63.38478
235		69.38081		75.0603		63.70133
236		69.71439		75.38526		64.04352
237		70.02133		75.68404		64.35863
238		70.32635		76.01304		64.63967
239		70.64825		76.35736		64.93915
240		70.95274		76.68089		65.22459
241		71.29403		77.03137		65.55668
242		71.61228		77.34651		65.87804
243		71.94996		77.69752		66.20241
244		72.26758		78.00909		66.52607
245		72.57613		78.30797		66.8443
246		72.89069		78.59863		67.18275
247		73.21736		78.9034		67.53131
248		73.52222		79.21348		67.83097
249		73.82606		79.51082		68.14131
250		74.13587		79.84669		68.42505
