step	mediator-random_cum_inst_loss_mean	mediator-random_cum_inst_loss_std_up	mediator-random_cum_inst_loss_std_down
1		886.85726		1257.8355		515.87902
2		1704.18069		2427.57079		980.7906
3		2563.74489		3675.29974		1452.19005
4		3461.17032		4985.0757		1937.26494
5		4365.05241		6267.30866		2462.79615
6		5337.57573		7626.90704		3048.24442
7		6322.35298		8965.0109		3679.69506
8		7351.58162		10371.31429		4331.84895
9		8394.20393		11758.92438		5029.48349
10		9512.7696		13262.86066		5762.67853
11		10651.27563		14761.39437		6541.15689
12		11810.77153		16285.78854		7335.75452
13		12992.36202		17806.22766		8178.49637
14		14197.20997		19349.87745		9044.54249
15		15426.53947		20891.69258		9961.38637
16		16681.63902		22455.89453		10907.38351
17		17963.86493		24020.7431		11906.98675
18		19274.6449		25608.38236		12940.90744
19		20615.48179		27199.54153		14031.42206
20		22016.40503		28811.78269		15221.02737
21		23422.4218		30399.89154		16444.95205
22		24865.35269		32012.09759		17718.60779
23		26342.19078		33596.20841		19088.17314
24		27861.51518		35204.05241		20518.97796
25		29390.32001		36786.1275		21994.51252
26		30930.94898		38392.90154		23468.99642
27		32484.02442		39972.61917		24995.42966
28		34050.2014		41575.44263		26524.96016
29		35630.16947		43150.44432		28109.89463
30		37224.6545		44747.805		29701.504
31		38802.868		46323.14278		31282.59323
32		40397.35086		47920.50128		32874.20043
33		41975.56208		49495.83679		34455.28737
34		43570.04253		51093.19288		36046.89219
35		45148.25123		52668.52586		37627.9766
36		46742.72902		54265.87928		39219.57876
37		48320.93491		55841.20945		40800.66037
38		49915.40975		57438.55991		42392.25959
39		51493.61254		59013.88699		43973.33809
40		53088.08411		60611.23416		45564.93406
41		54666.28346		62186.5578		47146.00912
42		56260.75141		63783.90134		48737.60148
43		57838.94694		65359.22117		50318.67272
44		59433.41088		66956.56068		51910.26109
45		61011.60219		68531.87628		53491.3281
46		62606.06169		70129.21133		55082.91204
47		64184.24832		71704.52226		56663.97437
48		65778.70288		73301.85237		58255.5534
49		67356.88433		74877.15811		59836.61054
50		68951.33343		76474.48274		61428.18413
51		70529.50913		78049.78274		63009.23553
52		72123.95219		79647.10129		64600.80309
53		73702.12152		81222.39494		66181.84811
54		75296.55788		82819.70676		67773.409
55		76874.72016		84394.99335		69354.44697
56		78469.14909		85992.29772		70946.00046
57		80047.30355		87567.5765		72527.0306
58		81641.72425		89164.87261		74118.5759
59		83219.87005		90740.14274		75699.59737
60		84814.28164		92337.42969		77291.13359
61		86392.41784		93912.69023		78872.14546
62		87986.81933		95509.96704		80463.67161
63		89564.9449		97085.21695		82044.67284
64		91159.33519		98682.48253		83636.18784
65		92737.44897		100257.72067		85217.17728
66		94331.82686		101854.97379		86808.67993
67		95909.92759		103430.19888		88389.65631
68		97504.29174		105027.43821		89981.14527
69		99082.37801		106602.64884		91562.10717
70		100676.72692		108199.87289		93153.58096
71		102254.79716		109775.0675		94734.52682
72		103849.12921		111372.27461		96325.9838
73		105427.18168		112947.45148		97906.91189
74		107021.49504		114544.63982		99498.35025
75		108599.52783		116119.79702		101079.25865
76		110193.82047		117716.96456		102670.67638
77		111771.83147		119292.09998		104251.56296
78		113366.10115		120889.24448		105842.95782
79		114944.08798		122464.35575		107423.82022
80		116538.33224		124061.47472		109015.18976
81		118116.2923		125636.55923		110596.02537
82		119710.50837		127233.64991		112187.36683
83		121288.43877		128808.70479		113768.17276
84		122882.62362		130405.76412		115359.48312
85		124460.52116		131980.78615		116940.25616
86		126054.67141		133577.81076		118531.53206
87		127632.53252		135152.79639		120112.26865
88		129226.64444		136749.78251		121703.50637
89		130804.4652		138324.72783		123284.20258
90		132398.53464		139921.6713		124875.39798
91		133976.3107		141496.57193		126456.04946
92		135570.33307		143093.46817		128047.19798
93		137148.05958		144668.31929		129627.79988
94		138742.02981		146265.16317		131218.89645
95		140319.70142		147839.95943		132799.44342
96		141913.61387		149436.7453		134390.48243
97		143491.22466		151011.48078		135970.96853
98		145085.07308		152608.20238		137561.94377
99		146662.61647		154182.87051		139142.36243
100		148256.39395		155779.52089		140733.267
101		149833.86266		157354.11439		142313.61093
102		151427.56153		158950.68586		143904.43721
103		153004.94751		160525.19668		145484.69834
104		154598.55927		162121.6807		147075.43785
105		156175.85357		163696.0999		148655.60723
106		157769.36882		165292.48704		150246.25061
107		159346.56153		166866.80472		151826.31834
108		160939.96985		168463.08451		153416.8552
109		162517.04999		170037.2897		154996.81028
110		164110.33983		171633.45054		156587.22912
111		165687.29525		173207.5311		158167.05939
112		167280.4538		174803.56014		159757.34745
113		168857.27101		176377.50259		161337.03943
114		170450.28409		177973.3856		162927.18259
115		172026.94818		179547.17503		164506.72134
116		173619.80007		181142.89622		166096.70393
117		175196.29449		182716.51609		167676.07289
118		176788.96778		184312.05799		169265.87758
119		178365.2742		185885.48999		170845.05841
120		179957.74959		187480.83322		172434.66597
121		181533.8477		189054.05705		174013.63835
122		183126.10382		190649.18015		175603.02749
123		184701.97111		192222.17333		177181.76889
124		186293.98427		193817.05252		178770.91601
125		187869.59581		195389.79013		180349.40149
126		189461.33975		196984.39906		181938.28044
127		191036.66791		198556.85348		183516.48234
128		192628.11356		200151.16295		185105.06416
129		194203.12772		201723.30359		186682.95185
130		195794.24284		203317.28126		188271.20443
131		197368.90909		204889.07422		189848.74396
132		198959.65799		206482.68424		191436.63173
133		200533.93873		208054.09196		193013.78549
134		202124.28183		209647.29461		194601.26905
135		203698.13542		211218.27548		196177.99536
136		205288.02889		212811.02674		197765.03103
137		206861.40918		214381.53464		199341.28371
138		208450.80444		215973.78577		200927.82311
139		210023.6603		217543.7696		202503.551
140		211612.50352		219135.46655		204089.5405
141		213184.7783		220704.8697		205664.6869
142		214773.00986		222295.9526		207250.06711
143		216344.64077		223864.71234		208824.56919
144		217932.19458		225455.11487		210409.27428
145		219503.11207		227023.16168		211983.06245
146		221089.9149		228612.81033		213567.01948
147		222660.0419		230180.0672		215140.01659
148		224246.01264		231768.88053		216723.14474
149		225815.26374		233335.26212		218295.26535
150		227400.31248		234923.14988		219877.47508
151		228968.59306		236488.56165		221448.62448
152		230552.62021		238075.42385		223029.81656
153		232119.82542		239639.76101		224599.88983
154		233702.72059		241225.48687		226179.95432
155		235268.73426		242788.63333		227748.8352
156		236850.37518		244373.10009		229327.65028
157		238415.06858		245934.92722		230895.20994
158		239995.31974		247517.99886		232472.64063
159		241558.55024		249078.36414		234038.73633
160		243137.2615		250659.88994		235614.63307
161		244698.87105		252218.63545		237179.10665
162		246275.87605		253798.44841		238753.3037
163		247835.68954		255355.39916		240315.97992
164		249410.80396		256933.31426		241888.29365
165		250968.62735		258488.27637		243448.97832
166		252541.64692		260064.08858		245019.20526
167		254097.26522		261616.84723		246577.68321
168		255667.96365		263190.32938		248145.59791
169		257221.13863		264740.64653		249701.63073
170		258789.26514		266311.54691		251266.98337
171		260339.73285		267859.15882		252820.30688
172		261905.0096		269427.19854		254382.82066
173		263452.47756		270971.81297		255933.14215
174		265014.59667		272536.683		257492.51035
175		266558.74081		274077.97615		259039.50546
176		268117.36116		275639.3341		260595.38823
177		269657.82239		277176.94719		262138.69758
178		271212.566		278734.41367		263690.71833
179		272748.94644		280267.94918		265229.9437
180		274299.39449		281821.10382		266777.68516
181		275831.25329		283350.12129		268312.38529
182		277376.94171		284898.49832		269855.38511
183		278903.79038		286422.50971		271385.07105
184		280444.20498		287965.59306		272922.8169
185		281965.50226		289484.05762		274446.94689
186		283500.07329		291021.27549		275978.87109
187		285015.21943		292533.59407		277496.8448
188		286543.31559		294064.31288		279022.31831
189		288051.64608		295569.82162		280533.47054
190		289572.56787		297093.33939		282051.79635
191		291073.34639		298591.30275		283555.39003
192		292586.31874		300106.84167		285065.7958
193		294078.72942		301596.44468		286561.01417
194		295582.89352		303103.14296		288062.64409
195		297066.03237		304583.48261		289548.58212
196		298560.43664		306080.3854		291040.48787
197		300033.30198		307550.46122		292516.14273
198		301516.89203		309036.51056		293997.27349
199		302978.37398		310495.21403		295461.53394
200		304449.98152		311969.23773		296930.72531
201		305898.85031		313415.34064		298382.35997
202		307357.18082		314876.03997		299838.32168
203		308792.0738		316308.18153		301275.96607
204		310235.69294		317754.11752		302717.26835
205		311655.10025		319170.79003		304139.41046
206		313082.41868		320600.3684		305564.46896
207		314484.66736		321999.90142		306969.43331
208		315893.92408		323411.35579		308376.49238
209		317277.16043		324791.89856		309762.4223
210		318666.40417		326183.2719		311149.53644
211		320028.57422		327542.77395		312514.37449
212		321395.64291		328911.89803		313879.38778
213		322734.4708		330248.0876		315220.85401
214		324076.9688		331592.56023		316561.37737
215		325389.93281		332902.92044		317876.94518
216		326705.20566		334220.08023		319190.3311
217		327989.51162		335501.82267		320477.20057
218		329274.61811		336788.72113		321760.51509
219		330527.17001		338038.75663		323015.58338
220		331778.85117		339292.12725		324265.57508
221		332996.2185		340507.03345		325485.40355
222		334210.86327		341723.25741		326698.46914
223		335389.24494		342899.24293		327879.24696
224		336562.85218		344074.31126		329051.39309
225		337698.03643		345207.17596		330188.8969
226		338826.17271		346336.64751		331315.69791
227		339913.4928		347421.73857		332405.24703
228		340991.24574		348500.69354		333481.79794
229		342025.53074		349532.85674		334518.20473
230		343047.45727		350555.84524		335539.06929
231		344022.97763		351529.37114		336516.58411
232		344983.04664		352490.35626		337475.73702
233		345893.45382		353398.92052		338387.98712
234		346784.98265		354291.21528		339278.75002
235		347623.24226		355127.81272		340118.6718
236		348438.82629		355944.01035		340933.64223
237		349197.14401		356700.88192		341693.40609
238		349928.57866		357432.77869		342424.37863
239		350598.3181		358101.33066		343095.30553
240		351236.51246		358739.84055		343733.18436
241		351808.10421		359310.55517		344305.65325
242		352342.98522		359845.61541		344840.35503
243		352805.82608		360307.95208		345303.70009
244		353226.23247		360728.41876		345724.04618
245		353568.5737		361070.70468		346066.44271
246		353862.13861		361364.23755		346360.03968
247		354070.95848		361573.54324		346568.37373
248		354224.00282		361726.50202		346721.50361
249		354284.46082		361788.10763		346780.81401
250		354284.46082		361788.10763		346780.81401
