step	mediator-random_cum_inst_loss_mean	mediator-random_cum_inst_loss_std_up	mediator-random_cum_inst_loss_std_down
1		39.50954		110.02771		-31.00863
2		27.41431		172.16213		-117.33351
3		23.90624		213.07654		-165.26406
4		12.83454		246.20709		-220.53801
5		-8.04363		272.36524		-288.45249
6		-39.24439		290.99834		-369.48712
7		-44.41606		356.53041		-445.36254
8		-55.39418		425.48174		-536.2701
9		-57.72634		480.1214		-595.57409
10		-67.56025		530.67386		-665.79436
11		-31.79301		636.12098		-699.707
12		2.16722		750.66088		-746.32644
13		28.69109		867.6464		-810.26423
14		65.83469		979.39673		-847.72735
15		116.00171		1088.26773		-856.26431
16		161.43011		1197.61968		-874.75947
17		200.02573		1307.30507		-907.25362
18		249.87644		1406.25568		-906.5028
19		294.97188		1501.95429		-912.01053
20		333.21702		1595.18912		-928.75508
21		364.25132		1685.77792		-957.27529
22		387.69525		1773.5229		-998.13239
23		421.59683		1846.39083		-1003.19718
24		449.9037		1914.17322		-1014.36583
25		470.47666		1977.81236		-1036.85905
26		482.90866		2037.11403		-1071.29671
27		486.77124		2091.86654		-1118.32407
28		481.61336		2141.83976		-1178.61303
29		485.40777		2203.4659		-1232.65037
30		500.47037		2290.25782		-1289.31709
31		527.39423		2365.20132		-1310.41286
32		548.35614		2434.39664		-1337.68435
33		561.19757		2498.59902		-1376.20388
34		583.93861		2572.81916		-1404.94194
35		600.49754		2643.62992		-1442.63483
36		608.70426		2709.32314		-1491.91462
37		626.56665		2761.04558		-1507.91227
38		637.99018		2806.50561		-1530.52526
39		640.79119		2846.32837		-1564.74598
40		634.51589		2880.28059		-1611.24882
41		618.68656		2908.11558		-1670.74246
42		611.24785		2934.585		-1712.0893
43		596.03864		2954.04083		-1761.96356
44		589.25268		2970.60086		-1792.09549
45		574.73058		2979.66337		-1830.20222
46		550.22041		2980.36057		-1879.91976
47		515.19648		2972.28036		-1941.88739
48		487.55294		2970.07676		-1994.97088
49		469.52297		2989.0291		-2049.98317
50		443.16505		3002.84827		-2116.51817
51		406.19613		3008.41201		-2196.01975
52		376.50522		3052.2556		-2299.24515
53		337.87264		3093.9286		-2418.18331
54		306.43051		3135.79373		-2522.93271
55		284.40202		3164.95713		-2596.15309
56		272.28264		3214.77104		-2670.20577
57		252.14639		3261.3326		-2757.03982
58		221.7266		3301.62896		-2858.17577
59		198.92951		3349.79815		-2951.93914
60		167.55357		3392.98449		-3057.87734
61		143.75002		3421.77241		-3134.27237
62		111.31465		3442.14776		-3219.51845
63		67.94842		3454.43211		-3318.53528
64		13.076		3458.20291		-3432.05091
65		-53.90818		3453.01542		-3560.83177
66		-96.74661		3439.51097		-3633.00418
67		-147.37394		3416.43527		-3711.18314
68		-172.99463		3406.73706		-3752.72632
69		-205.49803		3390.91525		-3801.91131
70		-212.0409		3421.30639		-3845.38819
71		-224.46238		3451.24792		-3900.17267
72		-246.76136		3475.3573		-3968.88003
73		-242.56275		3513.20207		-3998.32756
74		-243.6774		3547.29806		-4034.65286
75		-235.62697		3584.54283		-4055.79677
76		-234.53183		3616.23223		-4085.29589
77		-242.60279		3641.19763		-4126.40322
78		-241.8748		3705.06533		-4188.81494
79		-248.48749		3768.56446		-4265.53944
80		-264.67196		3827.12779		-4356.47171
81		-290.93199		3880.54131		-4462.40529
82		-309.35038		3921.81856		-4540.51932
83		-336.11716		3956.563		-4628.79731
84		-355.06896		3991.62905		-4701.76697
85		-363.94974		4014.24736		-4742.14684
86		-380.67693		4029.13893		-4790.49278
87		-407.50823		4036.63001		-4851.64648
88		-408.08048		4081.87878		-4898.03974
89		-395.7696		4131.20166		-4922.74086
90		-390.18978		4175.26723		-4955.64678
91		-375.09254		4218.09523		-4968.2803
92		-348.13221		4283.43204		-4979.69646
93		-308.68443		4339.98523		-4957.35408
94		-274.53944		4389.97054		-4939.04942
95		-247.82109		4433.69843		-4929.34061
96		-228.92026		4470.87178		-4928.7123
97		-218.24839		4501.1806		-4937.67738
98		-197.7911		4517.81009		-4913.39229
99		-183.63611		4526.0103		-4893.28251
100		-177.95986		4526.0545		-4881.97421
101		-162.76111		4520.73278		-4846.255
102		-154.14143		4506.52113		-4814.80399
103		-154.29182		4482.64983		-4791.23348
104		-145.22639		4494.81398		-4785.26675
105		-143.06282		4503.4417		-4789.56734
106		-113.11415		4533.43737		-4759.66566
107		-87.12348		4558.8979		-4733.14486
108		-68.98862		4576.61538		-4714.59262
109		-22.22806		4626.12242		-4670.57855
110		21.45933		4673.34376		-4630.42511
111		58.22231		4714.21065		-4597.76603
112		106.14393		4770.61642		-4558.32855
113		149.20875		4823.61489		-4525.19739
114		203.76388		4874.21086		-4466.6831
115		253.81134		4919.52867		-4411.90598
116		297.26913		4959.07162		-4364.53336
117		333.79043		4992.65366		-4325.0728
118		363.01016		5020.09115		-4294.07084
119		384.54402		5041.20406		-4272.11602
120		397.9875		5055.8171		-4259.8421
121		402.91479		5063.76101		-4257.93142
122		398.87767		5064.87375		-4267.11842
123		385.40432		5059.00182		-4288.19318
124		380.44559		5039.81701		-4278.92583
125		367.84688		5012.65391		-4276.96015
126		345.36133		4978.06105		-4287.33838
127		349.36357		4977.45429		-4278.72714
128		348.04221		4974.55635		-4278.47194
129		355.87504		4979.27353		-4267.52344
130		356.74114		4978.18687		-4264.7046
131		366.87656		4982.71946		-4248.96634
132		370.16643		4980.63085		-4240.29799
133		364.40571		4970.34005		-4241.52864
134		367.56553		4999.37869		-4264.24763
135		381.96016		5038.3144		-4274.39409
136		389.7334		5071.7245		-4292.25771
137		388.69201		5098.14695		-4320.76292
138		378.37207		5117.25636		-4360.51221
139		395.18021		5148.22812		-4357.86769
140		407.33874		5174.32696		-4359.64948
141		429.36094		5239.75385		-4381.03197
142		445.16321		5304.43528		-4414.10886
143		452.57343		5363.70431		-4458.55745
144		469.5974		5410.65708		-4471.46227
145		480.13838		5450.33562		-4490.05885
146		500.4579		5495.27993		-4494.36414
147		514.46786		5535.02594		-4506.09022
148		519.99145		5568.12708		-4528.14419
149		535.02949		5603.01351		-4532.95452
150		543.48002		5632.21335		-4545.25331
151		561.59906		5646.5354		-4523.33729
152		591.74022		5696.53791		-4513.05747
153		616.08876		5744.58772		-4512.4102
154		632.49506		5786.13169		-4521.14157
155		677.43609		5844.83047		-4489.95829
156		719.20818		5899.92714		-4461.51078
157		753.95507		5948.84234		-4440.93221
158		781.30699		5991.26482		-4428.65085
159		819.32223		6036.62367		-4397.97922
160		851.95927		6076.57627		-4372.65772
161		895.5378		6123.45542		-4332.37982
162		934.03094		6165.51315		-4297.45126
163		965.3263		6201.20455		-4270.55196
164		989.04503		6230.2623		-4252.17225
165		1004.78837		6252.41174		-4242.835
166		1012.13656		6267.37097		-4243.09784
167		1010.64776		6274.85114		-4253.55562
168		1018.30434		6263.77269		-4227.164
169		1037.4324		6283.86632		-4209.00152
170		1050.1882		6300.14857		-4199.77217
171		1054.39161		6308.27599		-4199.49277
172		1068.04		6320.62494		-4184.54495
173		1093.47522		6315.07471		-4128.12428
174		1131.31762		6340.38997		-4077.75473
175		1163.77274		6362.50489		-4034.95941
176		1188.71228		6377.22645		-3999.8019
177		1205.74068		6384.24192		-3972.76057
178		1214.44156		6383.23073		-3954.3476
179		1214.37665		6373.86503		-3945.11173
180		1241.97955		6376.936		-3892.97691
181		1265.50099		6373.8798		-3842.87783
182		1281.03665		6362.34829		-3800.27499
183		1306.61373		6354.63758		-3741.41013
184		1326.15797		6339.07097		-3686.75504
185		1337.50711		6314.00762		-3638.9934
186		1340.22983		6279.02012		-3598.56046
187		1352.3196		6245.92327		-3541.28408
188		1357.66667		6203.82118		-3488.48785
189		1354.07142		6151.11492		-3442.97207
190		1341.06321		6087.36536		-3405.23894
191		1318.14661		6012.12871		-3375.83548
192		1284.80013		5924.95928		-3355.35902
193		1240.47483		5825.41298		-3344.46333
194		1203.04036		5751.67955		-3345.59884
195		1174.70414		5683.86051		-3334.45222
196		1174.39253		5623.4624		-3274.67733
197		1168.53028		5553.54564		-3216.48509
198		1171.58322		5509.76979		-3166.60334
199		1167.41786		5459.2571		-3124.42139
200		1153.80952		5398.00476		-3090.38573
201		1130.2612		5325.61411		-3065.09171
202		1114.69725		5225.75447		-2996.35997
203		1090.93514		5111.1627		-2929.29241
204		1056.69866		4982.88439		-2869.48708
205		1029.88399		4868.30588		-2808.53789
206		994.27904		4742.4011		-2753.84302
207		966.02388		4620.74201		-2688.69425
208		984.24508		4577.98958		-2609.49942
209		999.73579		4535.18585		-2535.71426
210		1006.81806		4483.71609		-2470.07996
211		1023.49683		4457.49599		-2410.50233
212		1033.67443		4426.67543		-2359.32657
213		1053.61143		4412.05523		-2304.83236
214		1067.21876		4391.96232		-2257.52481
215		1090.766		4396.05952		-2214.52751
216		1108.17358		4395.98782		-2179.64065
217		1117.27361		4388.46942		-2153.92221
218		1117.62884		4373.33496		-2138.07729
219		1127.2265		4381.64424		-2127.19123
220		1166.84529		4437.32754		-2103.63695
221		1203.01504		4493.02086		-2086.99079
222		1231.86471		4543.68836		-2079.95895
223		1271.45653		4608.03297		-2065.11992
224		1324.20062		4651.80458		-2003.40334
225		1372.34172		4687.76881		-1943.08538
226		1413.79281		4717.35419		-1889.76856
227		1448.2018		4740.33923		-1843.93562
228		1493.64554		4774.42944		-1787.13837
229		1534.10205		4804.04574		-1735.84163
230		1567.46411		4827.29009		-1692.36186
231		1593.35833		4843.98017		-1657.26351
232		1629.83914		4878.93471		-1619.25644
233		1660.861		4909.44633		-1587.72433
234		1684.29184		4932.76348		-1564.1798
235		1699.73214		4948.55331		-1549.08902
236		1706.76135		4956.47015		-1542.94745
237		1704.93677		4956.15531		-1546.28177
238		1693.79241		4947.23679		-1559.65197
239		1691.28526		4951.46457		-1568.89406
240		1681.26715		4948.96701		-1586.43271
241		1679.94552		4959.50231		-1599.61128
242		1689.62282		4947.34235		-1568.09671
243		1692.43045		4923.9861		-1539.12519
244		1704.60961		4909.13859		-1499.91938
245		1710.05078		4886.46928		-1466.36772
246		1725.00214		4887.82353		-1437.81925
247		1733.36203		4883.75821		-1417.03416
248		1732.93025		4870.60724		-1404.74674
249		1723.33525		4848.02733		-1401.35683
250		1723.33525		4848.02733		-1401.35683
