step	mediator-random_inst_loss_mean	mediator-random_inst_loss_std_up	mediator-random_inst_loss_std_down
1		67.17572		121.82527		12.52617
2		34.13258		82.16775		-13.9026
3		30.39478		79.872		-19.08243
4		22.77077		74.85205		-29.31052
5		14.74548		69.56789		-40.07692
6		6.29782		64.00561		-51.40998
7		15.85303		81.17908		-49.47303
8		9.3084		79.63776		-61.02096
9		19.02206		77.61078		-39.56667
10		31.09171		86.79468		-24.61125
11		43.79661		80.01961		7.57362
12		38.7227		75.83838		1.60703
13		49.98448		97.1856		2.78337
14		45.23625		97.19186		-6.71935
15		38.39336		93.08347		-16.29675
16		49.63781		84.5108		14.76482
17		44.87133		80.6982		9.04446
18		38.00923		75.72173		0.29674
19		30.78598		70.48334		-8.91139
20		60.07752		118.42963		1.72542
21		57.70525		122.37969		-6.96919
22		51.51863		119.59699		-16.55973
23		45.00639		116.66782		-26.65504
24		56.59889		145.57162		-32.37384
25		52.19878		147.9201		-43.52253
26		45.72234		146.48162		-55.03694
27		38.90504		144.96744		-67.15736
28		50.17642		149.06591		-48.71308
29		45.43829		148.9266		-58.05003
30		57.05352		170.7318		-56.62477
31		52.67734		173.45353		-68.09885
32		64.67358		160.78818		-31.44103
33		60.69845		159.00415		-37.60725
34		54.66936		158.14905		-48.81032
35		48.32295		157.24894		-60.60303
36		41.64252		156.30145		-73.01641
37		53.05798		163.54408		-57.42812
38		66.919		149.34835		-15.51035
39		63.06206		146.64798		-20.52387
40		57.15737		145.14255		-30.82782
41		69.38939		133.29472		5.48407
42		65.66247		130.53891		0.78603
43		78.34213		131.63811		25.04616
44		93.5339		120.85462		66.21318
45		91.07774		118.18715		63.96833
46		86.64756		115.18378		58.11134
47		81.98421		112.02234		51.94609
48		77.07543		108.69451		45.45635
49		71.90829		105.19153		38.62504
50		66.46919		101.50418		31.43419
51		60.74382		97.62276		23.86488
52		54.71712		93.53706		15.89718
53		48.37323		89.23632		7.51013
54		41.69544		84.70922		-1.31834
55		34.66619		79.94386		-10.61147
56		27.26698		74.92768		-20.39371
57		37.92583		82.75264		-6.90097
58		32.54293		80.81309		-15.72723
59		25.03198		75.84267		-25.77872
60		35.57319		109.86515		-38.71877
61		48.51396		133.62579		-36.59787
62		43.68833		134.55269		-47.17603
63		36.76397		132.41066		-58.88272
64		29.47517		130.1559		-71.20555
65		40.25024		132.43209		-51.9316
66		34.98968		131.34628		-61.36691
67		27.6075		129.03549		-73.8205
68		19.83678		126.60309		-86.92953
69		11.65708		124.04267		-100.72851
70		3.04686		121.34748		-115.25376
71		12.43097		106.1921		-81.33016
72		5.70624		101.57521		-90.16274
73		15.23031		110.30684		-79.84622
74		27.1004		95.55223		-41.35144
75		21.14774		90.31292		-48.01744
76		31.48452		108.42452		-45.45548
77		25.76261		108.11166		-56.58645
78		17.89479		104.57801		-68.78843
79		9.61287		100.85837		-81.63262
80		19.34256		115.97941		-77.29429
81		12.98159		115.53116		-89.56798
82		4.44109		112.38801		-103.50583
83		-4.54891		109.07942		-118.17724
84		-14.01207		105.5967		-133.62084
85		-23.97329		101.93067		-149.87726
86		-16.0113		82.64272		-114.66532
87		-24.233		76.34817		-124.81417
88		-34.73216		71.14275		-140.60708
89		-45.78392		65.66336		-157.23119
90		-57.41734		59.89558		-174.73026
91		-51.21556		41.42591		-143.85703
92		-24.39514		74.92711		-123.71738
93		-31.21334		74.90333		-137.33001
94		-42.07989		69.62187		-153.78165
95		-35.07088		50.08682		-120.22857
96		-44.29571		42.30819		-130.89961
97		-55.8508		35.3112		-147.0128
98		-49.56658		51.77617		-150.90932
99		-41.10685		37.27477		-119.48847
100		-50.64936		29.25581		-130.55454
101		-62.53886		21.57185		-146.64957
102		-38.15915		6.24061		-82.55891
103		-45.70177		-3.25155		-88.15199
104		-57.33087		-12.64643		-102.01531
105		-51.12454		23.77765		-126.02674
106		-61.1943		20.84849		-143.2371
107		-36.74382		21.61426		-95.10191
108		-44.21196		15.64086		-104.06478
109		-37.31516		22.73424		-97.36455
110		-28.21062		27.76067		-84.18191
111		-37.07438		22.2959		-96.44467
112		-48.24941		14.24563		-110.74445
113		-41.56511		38.64432		-121.77454
114		-32.68425		35.25072		-100.61923
115		-41.78347		28.68801		-112.25496
116		-34.75886		19.85654		-89.37426
117		-25.51978		27.54487		-78.58443
118		-15.79443		67.1992		-98.78807
119		-5.55723		95.0553		-106.16975
120		-13.22871		94.37523		-120.83264
121		-4.70121		89.08489		-98.48731
122		-12.32764		85.02934		-109.68461
123		-3.75272		79.05403		-86.55946
124		-11.32922		74.52479		-97.18323
125		-21.14924		69.2234		-111.52188
126		-31.4861		63.64299		-126.6152
127		-42.36701		57.76888		-142.5029
128		-35.37311		91.53194		-162.27816
129		-26.16636		103.45865		-155.79137
130		-34.92253		101.43448		-171.27955
131		-27.53682		95.39927		-150.4729
132		-17.91763		91.18685		-127.02211
133		10.65532		100.7268		-79.41617
134		5.68188		99.07752		-87.71376
135		15.20467		104.00007		-73.59074
136		27.07341		91.1407		-36.99389
137		39.56682		107.533		-28.39936
138		71.16526		109.02889		33.30164
139		69.37656		106.9941		31.75901
140		82.2517		111.86458		52.63882
141		79.20174		111.69513		46.70835
142		74.14651		108.35007		39.94294
143		68.82521		104.82896		32.82146
144		63.22385		101.12253		25.32516
145		57.32767		97.22103		17.43432
146		51.12118		93.11418		9.12817
147		44.58802		88.79118		0.38486
148		37.71101		84.24066		-8.81863
149		30.47206		79.45063		-18.50651
150		41.2996		100.55897		-17.95978
151		36.09426		100.42004		-28.23151
152		47.21771		86.61296		7.82245
153		42.32385		81.78658		2.86112
154		35.32768		76.86739		-6.21204
155		27.96329		71.6893		-15.76273
156		20.21129		66.23868		-25.81609
157		12.0513		60.50118		-36.39858
158		3.46184		54.46171		-47.53804
159		-5.57971		48.10437		-59.26378
160		3.35037		48.82764		-42.1269
161		-3.85229		44.4186		-52.12318
162		-13.27879		37.53267		-64.09025
163		-4.75393		24.71798		-34.22583
164		-12.38313		17.77699		-42.54324
165		-22.25862		9.48887		-54.00611
166		-14.20638		15.7621		-44.17486
167		-22.33308		11.26778		-55.93393
168		-14.28476		21.84482		-50.41433
169		-3.96809		32.34309		-40.27928
170		6.89155		62.19534		-48.41224
171		-0.12473		60.70863		-60.95809
172		-9.35504		54.68008		-73.39016
173		-19.07115		48.33423		-86.47654
174		-10.85115		71.58054		-93.28285
175		-18.80126		69.91909		-107.52161
176		-29.01455		64.37529		-122.40439
177		-39.76537		58.53972		-138.07047
178		-51.08203		52.39702		-154.56108
179		-62.9943		45.93101		-171.91962
180		-75.53354		39.12469		-190.19176
181		-70.28524		47.51976		-188.09025
182		-62.91597		64.07025		-189.9022
183		-55.15885		43.94864		-154.26634
184		-28.54596		87.35505		-144.44697
185		-17.13514		71.65962		-105.9299
186		-25.41599		64.55873		-115.3907
187		-35.97741		58.73282		-130.68764
188		-28.64722		83.10581		-140.40025
189		-37.53396		81.89478		-156.9627
190		-30.28569		62.6592		-123.23057
191		-39.25867		55.47609		-133.99343
192		-32.10117		39.73809		-103.94043
193		-22.72221		46.38316		-91.82758
194		-31.29711		42.08958		-104.6838
195		-23.72058		29.31851		-76.75967
196		-32.34803		21.89152		-86.58758
197		-24.82681		46.2501		-95.90373
198		-15.065		53.71239		-83.84238
199		-4.7894		36.42692		-46.00571
200		-12.42047		28.36227		-53.2032
201		-3.85043		44.54191		-52.24277
202		-11.43208		41.52289		-64.38705
203		-21.25751		34.48456		-76.99959
204		-31.60007		27.0758		-90.27594
205		-42.48698		19.27709		-104.25105
206		-53.94688		11.06793		-118.96169
207		-47.56245		31.37503		-126.49992
208		-57.44473		27.54995		-142.4394
209		-69.69188		19.7762		-159.15996
210		-45.68864		7.40374		-98.78101
211		-53.62755		-1.45686		-105.79825
212		-47.22631		-19.32243		-75.13019
213		-57.0909		-29.08821		-85.09359
214		-50.87194		0.45541		-102.19929
215		-42.48092		7.39071		-92.35254
216		-33.64826		13.59162		-80.88814
217		-24.35073		1.15146		-49.85292
218		-14.56385		46.37897		-75.50667
219		-22.70937		45.05476		-90.4735
220		-33.12834		38.20232		-104.459
221		-25.64819		44.08263		-95.37902
222		-34.3771		39.53483		-108.28902
223		-26.96267		50.96388		-104.88923
224		-17.31327		54.49858		-89.12511
225		-7.156		73.32125		-87.63325
226		-14.91162		71.20516		-101.02841
227		-6.4727		55.01877		-67.96417
228		-14.19237		48.09439		-76.47913
229		-5.71559		66.29873		-77.72991
230		-13.39541		64.0425		-90.83331
231		-4.87668		56.13432		-65.88769
232		-12.51235		50.52565		-75.55034
233		-3.94715		77.53195		-85.42624
234		6.9136		70.61586		-56.78865
235		-0.10152		65.20406		-65.4071
236		-9.33061		59.41211		-78.07332
237		-19.04543		53.31532		-91.40619
238		-10.82408		57.154		-78.80216
239		-18.77277		53.01063		-90.55617
240		-28.98455		46.57692		-104.54602
241		-21.28631		28.23886		-70.81148
242		-11.33815		46.94086		-69.61715
243		17.58109		80.62432		-45.46214
244		12.97216		81.04988		-55.10555
245		22.87865		57.64445		-11.88715
246		16.70373		49.60979		-16.20232
247		8.35988		42.99783		-26.27807
248		-0.43178		36.02922		-36.89278
249		-9.595		28.785		-47.975
250		0.0		0.0		0.0
