step	mediator-random_cov_err_sq_T_mean	mediator-random_cov_err_sq_T_std_up	mediator-random_cov_err_sq_T_std_down
1		14.67		14.67		14.67
2		14.17		14.17		14.17
3		13.89		14.53		13.25
4		13.17		13.77		12.57
5		12.99		13.15		12.83
6		12.78778		12.94672		12.62883
7		12.72611		12.97807		12.47415
8		12.713		13.00074		12.42526
9		12.406		12.78514		12.02686
10		12.39667		12.78333		12.01
11		12.39363		12.78279		12.00447
12		12.38995		12.78205		11.99785
13		12.22899		12.82474		11.63325
14		12.06812		12.93975		11.19649
15		11.90782		12.68626		11.12938
16		11.91267		12.69217		11.13318
17		11.75267		12.5652		10.94015
18		11.59283		12.55006		10.63561
19		11.43283		12.21476		10.6509
20		11.43236		12.21391		10.65081
21		11.27233		11.98951		10.55514
22		11.11731		11.91266		10.32196
23		10.9573		11.6015		10.3131
24		10.9523		11.59377		10.31082
25		10.95008		11.59039		10.30976
26		10.94895		11.5887		10.30921
27		10.94896		11.58872		10.3092
28		10.78897		11.42713		10.15082
29		10.6293		11.41092		9.84769
30		10.6293		11.41092		9.84769
31		10.62923		11.41072		9.84775
32		10.62918		11.41055		9.8478
33		10.62913		11.41042		9.84784
34		10.62909		11.4103		9.84787
35		10.62906		11.41021		9.8479
36		10.62903		11.41014		9.84792
37		10.62971		11.41207		9.84735
38		10.62971		11.41207		9.84735
39		10.62961		11.4118		9.84743
40		10.62953		11.41156		9.8475
41		10.62945		11.41134		9.84756
42		10.62939		11.41116		9.84762
43		10.62933		11.41099		9.84767
44		10.62928		11.41085		9.84771
45		10.62923		11.41072		9.84775
46		10.62919		11.41061		9.84778
47		10.62916		11.41051		9.84781
48		10.46916		10.97224		9.96608
49		10.30916		10.62614		9.99218
50		10.30916		10.62614		9.99218
51		10.30916		10.62614		9.99218
52		10.30916		10.62614		9.99218
53		10.30916		10.62614		9.99218
54		10.30916		10.62614		9.99218
55		10.30916		10.62614		9.99218
56		10.30916		10.62614		9.99218
57		10.30916		10.62614		9.99218
58		10.30916		10.62614		9.99218
59		10.30916		10.62614		9.99218
60		10.30916		10.62614		9.99218
61		10.30916		10.62614		9.99218
62		10.30916		10.62614		9.99218
63		10.30916		10.62614		9.99218
64		10.30916		10.62614		9.99218
65		10.30916		10.62614		9.99218
66		10.30916		10.62614		9.99218
67		10.30916		10.62614		9.99218
68		10.30916		10.62614		9.99218
69		10.30916		10.62614		9.99218
70		10.30916		10.62614		9.99218
71		10.30916		10.62614		9.99218
72		10.30916		10.62614		9.99218
73		10.30916		10.62614		9.99218
74		10.30916		10.62614		9.99218
75		10.30916		10.62614		9.99218
76		10.30916		10.62614		9.99218
77		10.30916		10.62614		9.99218
78		10.30916		10.62614		9.99218
79		10.30916		10.62614		9.99218
80		10.30916		10.62614		9.99218
81		10.30916		10.62614		9.99218
82		10.30916		10.62614		9.99218
83		10.30916		10.62614		9.99218
84		10.30916		10.62614		9.99218
85		10.30916		10.62614		9.99218
86		10.30916		10.62614		9.99218
87		10.30916		10.62614		9.99218
88		10.30916		10.62614		9.99218
89		10.30916		10.62614		9.99218
90		10.30916		10.62614		9.99218
91		10.30916		10.62614		9.99218
92		10.30916		10.62614		9.99218
93		10.30916		10.62614		9.99218
94		10.30916		10.62614		9.99218
95		10.30916		10.62614		9.99218
96		10.30916		10.62614		9.99218
97		10.30916		10.62614		9.99218
98		10.30916		10.62614		9.99218
99		10.30916		10.62614		9.99218
100		10.30916		10.62614		9.99218
101		10.30916		10.62614		9.99218
102		10.30916		10.62614		9.99218
103		10.30916		10.62614		9.99218
104		10.30916		10.62614		9.99218
105		10.30916		10.62614		9.99218
106		10.30916		10.62614		9.99218
107		10.30916		10.62614		9.99218
108		10.30916		10.62614		9.99218
109		10.30916		10.62614		9.99218
110		10.30916		10.62614		9.99218
111		10.30916		10.62614		9.99218
112		10.30916		10.62614		9.99218
113		10.30916		10.62614		9.99218
114		10.30916		10.62614		9.99218
115		10.30916		10.62614		9.99218
116		10.30916		10.62614		9.99218
117		10.30916		10.62614		9.99218
118		10.30916		10.62614		9.99218
119		10.30916		10.62614		9.99218
120		10.30916		10.62614		9.99218
121		10.30916		10.62614		9.99218
122		10.30916		10.62614		9.99218
123		10.30916		10.62614		9.99218
124		10.30916		10.62614		9.99218
125		10.30916		10.62614		9.99218
126		10.30916		10.62614		9.99218
127		10.30916		10.62614		9.99218
128		10.30916		10.62614		9.99218
129		10.30916		10.62614		9.99218
130		10.30916		10.62614		9.99218
131		10.30916		10.62614		9.99218
132		10.30916		10.62614		9.99218
133		10.30916		10.62614		9.99218
134		10.30916		10.62614		9.99218
135		10.30916		10.62614		9.99218
136		10.30916		10.62614		9.99218
137		10.30916		10.62614		9.99218
138		10.30916		10.62614		9.99218
139		10.30916		10.62614		9.99218
140		10.30916		10.62614		9.99218
141		10.30916		10.62614		9.99218
142		10.30916		10.62614		9.99218
143		10.30916		10.62614		9.99218
144		10.30916		10.62614		9.99218
145		10.30916		10.62614		9.99218
146		10.30916		10.62614		9.99218
147		10.30916		10.62614		9.99218
148		10.30916		10.62614		9.99218
149		10.30916		10.62614		9.99218
150		10.30916		10.62614		9.99218
151		10.30916		10.62614		9.99218
152		10.30916		10.62614		9.99218
153		10.30916		10.62614		9.99218
154		10.30916		10.62614		9.99218
155		10.30916		10.62614		9.99218
156		10.30916		10.62614		9.99218
157		10.30916		10.62614		9.99218
158		10.30916		10.62614		9.99218
159		10.30916		10.62614		9.99218
160		10.30916		10.62614		9.99218
161		10.30916		10.62614		9.99218
162		10.30916		10.62614		9.99218
163		10.30916		10.62614		9.99218
164		10.30916		10.62614		9.99218
165		10.30916		10.62614		9.99218
166		10.30916		10.62614		9.99218
167		10.30916		10.62614		9.99218
168		10.30916		10.62614		9.99218
169		10.30916		10.62614		9.99218
170		10.30916		10.62614		9.99218
171		10.30916		10.62614		9.99218
172		10.30916		10.62614		9.99218
173		10.30916		10.62614		9.99218
174		10.30916		10.62614		9.99218
175		10.30916		10.62614		9.99218
176		10.30916		10.62614		9.99218
177		10.30916		10.62614		9.99218
178		10.30916		10.62614		9.99218
179		10.30916		10.62614		9.99218
180		10.30916		10.62614		9.99218
181		10.30916		10.62614		9.99218
182		10.30916		10.62614		9.99218
183		10.30916		10.62614		9.99218
184		10.30916		10.62614		9.99218
185		10.30916		10.62614		9.99218
186		10.30916		10.62614		9.99218
187		10.30916		10.62614		9.99218
188		10.30916		10.62614		9.99218
189		10.30916		10.62614		9.99218
190		10.30916		10.62614		9.99218
191		10.30916		10.62614		9.99218
192		10.30916		10.62614		9.99218
193		10.30916		10.62614		9.99218
194		10.30916		10.62614		9.99218
195		10.30916		10.62614		9.99218
196		10.30916		10.62614		9.99218
197		10.30916		10.62614		9.99218
198		10.30916		10.62614		9.99218
199		10.30916		10.62614		9.99218
200		10.30916		10.62614		9.99218
201		10.30916		10.62614		9.99218
202		10.30916		10.62614		9.99218
203		10.30916		10.62614		9.99218
204		10.30916		10.62614		9.99218
205		10.30916		10.62614		9.99218
206		10.30916		10.62614		9.99218
207		10.30916		10.62614		9.99218
208		10.30916		10.62614		9.99218
209		10.30916		10.62614		9.99218
210		10.30916		10.62614		9.99218
211		10.30916		10.62614		9.99218
212		10.30916		10.62614		9.99218
213		10.30916		10.62614		9.99218
214		10.30916		10.62614		9.99218
215		10.30916		10.62614		9.99218
216		10.30916		10.62614		9.99218
217		10.30916		10.62614		9.99218
218		10.30916		10.62614		9.99218
219		10.30916		10.62614		9.99218
220		10.30916		10.62614		9.99218
221		10.30916		10.62614		9.99218
222		10.30916		10.62614		9.99218
223		10.30916		10.62614		9.99218
224		10.30916		10.62614		9.99218
225		10.30916		10.62614		9.99218
226		10.30916		10.62614		9.99218
227		10.30916		10.62614		9.99218
228		10.30916		10.62614		9.99218
229		10.30916		10.62614		9.99218
230		10.30916		10.62614		9.99218
231		10.30916		10.62614		9.99218
232		10.30916		10.62614		9.99218
233		10.30916		10.62614		9.99218
234		10.30916		10.62614		9.99218
235		10.30916		10.62614		9.99218
236		10.30916		10.62614		9.99218
237		10.30916		10.62614		9.99218
238		10.30916		10.62614		9.99218
239		10.30916		10.62614		9.99218
240		10.30916		10.62614		9.99218
241		10.30916		10.62614		9.99218
242		10.30916		10.62614		9.99218
243		10.30916		10.62614		9.99218
244		10.30916		10.62614		9.99218
245		10.30916		10.62614		9.99218
246		10.30916		10.62614		9.99218
247		10.30916		10.62614		9.99218
248		10.30916		10.62614		9.99218
249		10.30916		10.62614		9.99218
250		10.30916		10.62614		9.99218
