step	mediator-random_cov_err_sq_T_mean	mediator-random_cov_err_sq_T_std_up	mediator-random_cov_err_sq_T_std_down
1		11.2041		11.2041		11.2041
2		11.2041		11.2041		11.2041
3		11.2041		11.2041		11.2041
4		11.2041		11.2041		11.2041
5		11.2041		11.2041		11.2041
6		11.2041		11.2041		11.2041
7		11.2041		11.2041		11.2041
8		11.2041		11.2041		11.2041
9		11.2041		11.2041		11.2041
10		11.2041		11.2041		11.2041
11		11.2041		11.2041		11.2041
12		11.2041		11.2041		11.2041
13		11.2041		11.2041		11.2041
14		11.2041		11.2041		11.2041
15		11.2041		11.2041		11.2041
16		11.2041		11.2041		11.2041
17		11.2041		11.2041		11.2041
18		11.2041		11.2041		11.2041
19		11.2041		11.2041		11.2041
20		11.2041		11.2041		11.2041
21		11.2041		11.2041		11.2041
22		11.2041		11.2041		11.2041
23		11.2041		11.2041		11.2041
24		11.2041		11.2041		11.2041
25		11.2041		11.2041		11.2041
26		11.2041		11.2041		11.2041
27		11.2041		11.2041		11.2041
28		11.2041		11.2041		11.2041
29		11.2041		11.2041		11.2041
30		11.2041		11.2041		11.2041
31		11.2041		11.2041		11.2041
32		11.2041		11.2041		11.2041
33		11.2041		11.2041		11.2041
34		11.2041		11.2041		11.2041
35		11.2041		11.2041		11.2041
36		11.2041		11.2041		11.2041
37		11.2041		11.2041		11.2041
38		11.2041		11.2041		11.2041
39		11.2041		11.2041		11.2041
40		11.2041		11.2041		11.2041
41		11.2041		11.2041		11.2041
42		11.2041		11.2041		11.2041
43		11.2041		11.2041		11.2041
44		11.2041		11.2041		11.2041
45		11.2041		11.2041		11.2041
46		11.2041		11.2041		11.2041
47		11.2041		11.2041		11.2041
48		11.2041		11.2041		11.2041
49		11.2041		11.2041		11.2041
50		11.2041		11.2041		11.2041
51		11.2041		11.2041		11.2041
52		11.2041		11.2041		11.2041
53		11.2041		11.2041		11.2041
54		11.2041		11.2041		11.2041
55		11.2041		11.2041		11.2041
56		11.2041		11.2041		11.2041
57		11.2041		11.2041		11.2041
58		11.2041		11.2041		11.2041
59		11.2041		11.2041		11.2041
60		11.2041		11.2041		11.2041
61		11.2041		11.2041		11.2041
62		11.2041		11.2041		11.2041
63		11.2041		11.2041		11.2041
64		11.2041		11.2041		11.2041
65		11.2041		11.2041		11.2041
66		11.2041		11.2041		11.2041
67		11.2041		11.2041		11.2041
68		11.2041		11.2041		11.2041
69		11.2041		11.2041		11.2041
70		11.2041		11.2041		11.2041
71		11.2041		11.2041		11.2041
72		11.2041		11.2041		11.2041
73		11.2041		11.2041		11.2041
74		11.2041		11.2041		11.2041
75		11.2041		11.2041		11.2041
76		11.2041		11.2041		11.2041
77		11.2041		11.2041		11.2041
78		11.2041		11.2041		11.2041
79		11.2041		11.2041		11.2041
80		11.2041		11.2041		11.2041
81		11.2041		11.2041		11.2041
82		11.2041		11.2041		11.2041
83		11.2041		11.2041		11.2041
84		11.2041		11.2041		11.2041
85		11.2041		11.2041		11.2041
86		11.2041		11.2041		11.2041
87		11.2041		11.2041		11.2041
88		11.2041		11.2041		11.2041
89		11.2041		11.2041		11.2041
90		11.2041		11.2041		11.2041
91		11.2041		11.2041		11.2041
92		11.2041		11.2041		11.2041
93		11.2041		11.2041		11.2041
94		11.2041		11.2041		11.2041
95		11.2041		11.2041		11.2041
96		11.2041		11.2041		11.2041
97		11.2041		11.2041		11.2041
98		11.2041		11.2041		11.2041
99		11.2041		11.2041		11.2041
100		11.2041		11.2041		11.2041
101		11.2041		11.2041		11.2041
102		11.2041		11.2041		11.2041
103		11.2041		11.2041		11.2041
104		11.2041		11.2041		11.2041
105		11.2041		11.2041		11.2041
106		11.2041		11.2041		11.2041
107		11.2041		11.2041		11.2041
108		11.2041		11.2041		11.2041
109		11.2041		11.2041		11.2041
110		11.2041		11.2041		11.2041
111		11.2041		11.2041		11.2041
112		11.2041		11.2041		11.2041
113		11.2041		11.2041		11.2041
114		11.2041		11.2041		11.2041
115		11.2041		11.2041		11.2041
116		11.2041		11.2041		11.2041
117		11.2041		11.2041		11.2041
118		11.2041		11.2041		11.2041
119		11.2041		11.2041		11.2041
120		11.2041		11.2041		11.2041
121		11.2041		11.2041		11.2041
122		11.2041		11.2041		11.2041
123		11.2041		11.2041		11.2041
124		11.2041		11.2041		11.2041
125		11.2041		11.2041		11.2041
126		11.2041		11.2041		11.2041
127		11.2041		11.2041		11.2041
128		11.2041		11.2041		11.2041
129		11.2041		11.2041		11.2041
130		11.2041		11.2041		11.2041
131		11.2041		11.2041		11.2041
132		11.2041		11.2041		11.2041
133		11.2041		11.2041		11.2041
134		11.2041		11.2041		11.2041
135		11.2041		11.2041		11.2041
136		11.2041		11.2041		11.2041
137		11.2041		11.2041		11.2041
138		11.2041		11.2041		11.2041
139		11.2041		11.2041		11.2041
140		11.2041		11.2041		11.2041
141		11.2041		11.2041		11.2041
142		11.2041		11.2041		11.2041
143		11.2041		11.2041		11.2041
144		11.2041		11.2041		11.2041
145		11.2041		11.2041		11.2041
146		11.2041		11.2041		11.2041
147		11.2041		11.2041		11.2041
148		11.2041		11.2041		11.2041
149		11.2041		11.2041		11.2041
150		11.2041		11.2041		11.2041
151		11.2041		11.2041		11.2041
152		11.2041		11.2041		11.2041
153		11.2041		11.2041		11.2041
154		11.2041		11.2041		11.2041
155		11.2041		11.2041		11.2041
156		11.2041		11.2041		11.2041
157		11.2041		11.2041		11.2041
158		11.2041		11.2041		11.2041
159		11.2041		11.2041		11.2041
160		11.2041		11.2041		11.2041
161		11.2041		11.2041		11.2041
162		11.2041		11.2041		11.2041
163		11.2041		11.2041		11.2041
164		11.2041		11.2041		11.2041
165		11.2041		11.2041		11.2041
166		11.2041		11.2041		11.2041
167		11.2041		11.2041		11.2041
168		11.2041		11.2041		11.2041
169		11.2041		11.2041		11.2041
170		11.2041		11.2041		11.2041
171		11.2041		11.2041		11.2041
172		11.2041		11.2041		11.2041
173		11.2041		11.2041		11.2041
174		11.2041		11.2041		11.2041
175		11.2041		11.2041		11.2041
176		11.2041		11.2041		11.2041
177		11.2041		11.2041		11.2041
178		11.2041		11.2041		11.2041
179		11.2041		11.2041		11.2041
180		11.2041		11.2041		11.2041
181		11.2041		11.2041		11.2041
182		11.2041		11.2041		11.2041
183		11.2041		11.2041		11.2041
184		11.2041		11.2041		11.2041
185		11.2041		11.2041		11.2041
186		11.2041		11.2041		11.2041
187		11.2041		11.2041		11.2041
188		11.2041		11.2041		11.2041
189		11.2041		11.2041		11.2041
190		11.2041		11.2041		11.2041
191		11.2041		11.2041		11.2041
192		11.2041		11.2041		11.2041
193		11.2041		11.2041		11.2041
194		11.2041		11.2041		11.2041
195		11.2041		11.2041		11.2041
196		11.2041		11.2041		11.2041
197		11.2041		11.2041		11.2041
198		11.2041		11.2041		11.2041
199		11.2041		11.2041		11.2041
200		11.2041		11.2041		11.2041
201		11.2041		11.2041		11.2041
202		11.2041		11.2041		11.2041
203		11.2041		11.2041		11.2041
204		11.2041		11.2041		11.2041
205		11.2041		11.2041		11.2041
206		11.2041		11.2041		11.2041
207		11.2041		11.2041		11.2041
208		11.2041		11.2041		11.2041
209		11.2041		11.2041		11.2041
210		11.2041		11.2041		11.2041
211		11.2041		11.2041		11.2041
212		11.2041		11.2041		11.2041
213		11.2041		11.2041		11.2041
214		11.2041		11.2041		11.2041
215		11.2041		11.2041		11.2041
216		11.2041		11.2041		11.2041
217		11.2041		11.2041		11.2041
218		11.2041		11.2041		11.2041
219		11.2041		11.2041		11.2041
220		11.2041		11.2041		11.2041
221		11.2041		11.2041		11.2041
222		11.2041		11.2041		11.2041
223		11.2041		11.2041		11.2041
224		11.2041		11.2041		11.2041
225		11.2041		11.2041		11.2041
226		11.2041		11.2041		11.2041
227		11.2041		11.2041		11.2041
228		11.2041		11.2041		11.2041
229		11.2041		11.2041		11.2041
230		11.2041		11.2041		11.2041
231		11.2041		11.2041		11.2041
232		11.2041		11.2041		11.2041
233		11.2041		11.2041		11.2041
234		11.2041		11.2041		11.2041
235		11.2041		11.2041		11.2041
236		11.2041		11.2041		11.2041
237		11.2041		11.2041		11.2041
238		11.2041		11.2041		11.2041
239		11.2041		11.2041		11.2041
240		11.2041		11.2041		11.2041
241		11.2041		11.2041		11.2041
242		11.2041		11.2041		11.2041
243		11.2041		11.2041		11.2041
244		11.2041		11.2041		11.2041
245		11.2041		11.2041		11.2041
246		11.2041		11.2041		11.2041
247		11.2041		11.2041		11.2041
248		11.2041		11.2041		11.2041
249		11.2041		11.2041		11.2041
250		11.2041		11.2041		11.2041
