step	mediator-random_inst_loss_mean	mediator-random_inst_loss_std_up	mediator-random_inst_loss_std_down
1		53.8637		128.79499		-21.06759
2		3.01442		81.88946		-75.86062
3		-6.05067		76.97569		-89.07703
4		2.85462		75.21412		-69.50487
5		-4.37413		71.1612		-79.90946
6		-13.82809		65.68278		-93.33896
7		-23.77963		59.91602		-107.47529
8		-34.25494		53.84575		-122.35562
9		-45.28157		47.45599		-138.01914
10		-38.44107		33.10284		-109.98497
11		-47.84328		25.39676		-121.08332
12		-41.1376		44.57986		-126.85506
13		-50.68173		41.22002		-142.58349
14		-62.57294		34.16575		-159.31163
15		-56.64251		28.53058		-141.81559
16		-67.00269		21.69449		-155.69986
17		-61.3054		14.18102		-136.79181
18		-71.91099		6.52952		-150.35151
19		-29.57706		55.49416		-114.64829
20		-34.82325		56.27269		-125.91918
21		-27.4323		74.98917		-129.85378
22		0.63987		70.84628		-69.56654
23		-4.8607		65.57529		-75.29668
24		22.55471		126.67489		-81.56547
25		36.65504		156.83283		-83.52275
26		49.65275		147.40563		-48.10014
27		63.33454		153.63892		-26.96984
28		59.28894		154.13215		-35.55426
29		53.18567		153.02062		-46.64928
30		46.76117		151.8506		-58.32825
31		39.99854		150.61899		-70.62191
32		32.87998		149.32256		-83.56259
33		25.38677		147.9579		-97.18437
34		17.49917		146.52141		-111.52308
35		46.09141		149.99143		-57.80861
36		42.98303		149.71424		-63.74818
37		54.46903		132.89703		-23.95896
38		49.95683		129.27374		-29.36008
39		43.36239		126.85388		-40.12909
40		36.42088		124.30666		-51.4649
41		29.11402		121.62537		-63.39732
42		21.4226		118.80296		-75.95776
43		13.32636		115.832		-89.17929
44		4.804		112.70468		-103.09668
45		-4.1669		109.41276		-117.74656
46		4.83753		94.0433		-84.36824
47		-2.28686		88.85743		-93.43114
48		-11.63096		84.31039		-107.57231
49		-21.46686		79.52403		-122.45776
50		-31.82044		74.48576		-138.12665
51		-42.71895		69.18232		-154.62021
52		-35.74357		58.17003		-129.65716
53		-26.55631		82.38313		-135.49576
54		-35.33301		81.14387		-151.80989
55		-27.9689		79.55563		-135.49342
56		-18.37245		95.54921		-132.29411
57		10.17656		90.57479		-70.22168
58		5.17792		86.07019		-75.71435
59		-3.7733		81.37645		-88.92306
60		-13.19564		76.43568		-102.82696
61		32.22857		100.89984		-36.4427
62		30.23532		101.08675		-40.61612
63		22.6029		97.18336		-51.97756
64		33.01627		77.55688		-11.52433
65		27.37498		71.13758		-16.38762
66		19.59202		65.65792		-26.47387
67		11.39944		59.88985		-37.09098
68		2.77566		53.8182		-48.26688
69		-6.30199		47.427		-60.03099
70		21.03755		88.88981		-46.8147
71		35.05804		118.3523		-48.23623
72		29.5242		118.95209		-59.90369
73		21.85436		115.98899		-72.28026
74		32.22834		97.08148		-32.62481
75		26.54557		91.55634		-38.4652
76		37.16645		77.41607		-3.08317
77		31.74358		72.11106		-8.62389
78		24.19055		66.68263		-18.30153
79		16.23999		60.9685		-28.48851
80		7.87099		54.95362		-39.21165
81		17.50899		72.57827		-37.56028
82		29.49901		76.31162		-17.31359
83		23.6726		73.06015		-25.71495
84		15.69478		67.68167		-36.29212
85		7.29707		62.02012		-47.42597
86		-1.54261		56.06059		-59.14582
87		-10.84755		49.78741		-71.4825
88		-20.64222		43.18405		-84.46848
89		-30.95239		36.23315		-98.13794
90		-23.35772		58.58564		-105.30108
91		-31.96607		56.22327		-120.15541
92		-24.42475		39.4864		-88.3359
93		-33.08926		31.76181		-97.94033
94		-44.05454		24.20974		-112.31882
95		-37.14946		18.77042		-93.06934
96		-46.48369		11.88923		-104.85661
97		-21.25897		27.77327		-70.2912
98		-27.91211		24.57492		-80.39913
99		-38.60491		16.64459		-93.85441
100		-31.413		49.11798		-111.94398
101		-40.44531		47.12973		-128.02036
102		-51.79776		40.3865		-143.98202
103		-45.30021		50.05282		-140.65325
104		-36.61594		49.52927		-122.76115
105		-45.92209		44.00773		-135.85191
106		-39.1153		28.0864		-106.317
107		-48.55299		19.95218		-117.05817
108		-41.88467		23.80884		-107.57818
109		-33.02063		40.1446		-106.18587
110		-5.24258		82.74346		-93.22862
111		7.39474		65.94164		-51.15216
112		0.40494		58.45948		-57.6496
113		9.64999		36.79132		-17.49134
114		2.77889		28.4222		-22.86441
115		12.14889		48.43541		-24.13762
116		23.8568		83.06126		-35.34765
117		17.73343		82.79572		-47.32886
118		27.89051		98.7845		-43.00348
119		21.97944		97.88167		-53.9228
120		13.91251		93.8096		-65.98458
121		23.86849		103.36619		-55.62922
122		17.74573		101.88995		-66.39849
123		9.45597		98.02883		-79.11689
124		0.72991		93.9645		-92.50468
125		-8.45542		89.68625		-106.59709
126		-18.12419		85.18284		-121.43121
127		-9.85435		64.14037		-83.84906
128		-17.75199		56.78118		-92.28516
129		-9.46256		38.23798		-57.1631
130		1.1079		52.61494		-50.39914
131		12.2347		47.00943		-22.54002
132		5.49964		41.4708		-30.47152
133		-3.43465		34.42973		-41.29902
134		-12.83916		27.01807		-52.6964
135		-4.29116		48.08926		-56.67159
136		-11.89601		45.55438		-69.3464
137		-21.74586		38.72823		-82.21995
138		-32.11412		31.54281		-95.77106
139		-43.02809		23.97922		-110.03539
140		-36.06898		50.74313		-122.88108
141		-45.34634		48.33946		-139.03214
142		-38.50925		38.87331		-115.8918
143		-47.91504		32.07548		-127.90556
144		-59.66063		24.53992		-143.86118
145		-35.12943		18.74857		-89.00743
146		-42.5126		11.62097		-96.64617
147		-53.97385		3.00886		-110.95655
148		-47.59083		20.86717		-116.04883
149		-39.02712		17.80897		-95.8632
150		-48.46017		10.70969		-107.63003
151		-60.23445		2.04961		-122.51851
152		-72.62843		-7.06626		-138.1906
153		-48.77975		26.83588		-124.39537
154		-56.88135		24.79668		-138.55937
155		-50.65136		-1.26773		-100.03499
156		-42.24873		25.88989		-110.38734
157		-14.95636		46.96094		-76.87366
158		-21.27779		44.32137		-86.87694
159		-31.62141		37.43033		-100.67316
160		-24.06195		39.41497		-87.53888
161		-32.70737		34.29657		-99.7113
162		-25.20506		31.71385		-82.12398
163		-33.91064		25.78908		-93.61036
164		-44.91916		17.92265		-107.76097
165		-56.50707		9.64221		-122.65634
166		-50.25738		41.78241		-142.29717
167		-60.2815		39.34161		-159.9046
168		-54.23047		26.85757		-135.3185
169		-46.01621		32.71088		-124.74329
170		-55.81711		27.50412		-139.13834
171		-49.53111		50.34828		-149.41049
172		-41.06951		72.98412		-155.12315
173		-50.61006		70.77522		-171.99534
174		-62.49749		65.27648		-190.27147
175		-56.56309		62.51463		-175.64081
176		-66.91909		57.40563		-191.24381
177		-61.2174		39.36054		-161.79535
178		-53.37088		68.73894		-175.4807
179		-63.55887		67.32055		-194.43829
180		-76.12782		61.63999		-213.89563
181		-89.35829		55.66046		-234.37703
182		-84.83761		44.70774		-214.38296
183		-96.68175		37.72641		-231.0899
184		-74.09903		26.33923		-174.53728
185		-83.53322		18.28926		-185.3557
186		-97.15345		10.02811		-204.33501
187		-93.04305		27.12338		-213.20947
188		-86.87155		20.96053		-194.70364
189		-80.37525		38.8568		-199.6073
190		-73.53703		29.52309		-176.59715
191		-84.7864		21.753		-191.3258
192		-61.57761		8.22137		-131.37658
193		-51.90529		36.33306		-140.14364
194		-62.01614		33.35681		-157.3891
195		-37.60892		45.54072		-120.75855
196		-26.67509		36.5877		-89.93788
197		-35.45804		29.47752		-100.3936
198		-28.10051		34.21136		-90.41237
199		-18.51099		15.5147		-52.53668
200		-26.86425		6.3164		-60.0449
201		-19.05441		33.13728		-71.24611
202		-27.43627		30.3		-85.17255
203		-38.10403		22.671		-98.87906
204		-49.33325		14.64046		-113.30696
205		-42.70599		24.15198		-109.56397
206		-52.33267		19.10245		-123.7678
207		-64.31077		10.8841		-139.50564
208		-58.4718		38.68855		-155.63215
209		-32.03328		34.3656		-98.43217
210		-39.25349		27.31827		-105.82525
211		-13.64823		34.06795		-61.36442
212		-19.90081		29.90806		-69.70967
213		-30.17196		22.25842		-82.60234
214		-22.53621		16.99494		-62.06737
215		-31.10133		10.51971		-72.72236
216		-23.51449		2.57893		-49.60792
217		-32.13109		-4.18568		-60.07651
218		-43.04595		-13.62973		-72.46217
219		-54.53527		-23.57082		-85.49971
220		-66.62929		-34.03514		-99.22344
221		-79.35984		-45.0502		-113.66947
222		-74.31293		-23.48838		-125.13747
223		-67.15564		-13.48935		-120.82193
224		-59.62166		0.75199		-119.99531
225		-70.13863		-5.10066		-135.17661
226		-83.05389		-14.59286		-151.51491
227		-78.2014		-39.70548		-116.69732
228		-71.24877		-7.60812		-134.88942
229		-63.93021		-7.52082		-120.3396
230		-56.22646		1.17612		-113.62905
231		-48.11726		-5.40629		-90.82823
232		-39.58125		0.18973		-79.35224
233		-49.04347		-5.81771		-92.26923
234		-42.40096		-10.35919		-74.44274
235		-52.01159		-17.59309		-86.43009
236		-27.07781		-7.25639		-46.89923
237		-34.0372		-10.08158		-57.99282
238		-45.05238		-19.83594		-70.26882
239		-56.6473		-30.10368		-83.19092
240		-50.40499		-17.30226		-83.50773
241		-41.98939		-11.34702		-72.63177
242		-33.13087		20.55273		-86.81447
243		-42.25359		17.18259		-101.68978
244		-53.70121		8.86319		-116.26561
245		-65.75133		0.10593		-131.6086
246		-41.54048		-4.13565		-78.94531
247		-30.81463		11.92457		-73.55383
248		-21.35847		23.19297		-65.90991
249		-11.514		26.09057		-49.11857
250		0.0		0.0		0.0
