step	mediator-random_cov_err_sq_T_mean	mediator-random_cov_err_sq_T_std_up	mediator-random_cov_err_sq_T_std_down
1		12.81363		12.81363		12.81363
2		12.81363		12.81363		12.81363
3		12.81363		12.81363		12.81363
4		12.81363		12.81363		12.81363
5		12.81363		12.81363		12.81363
6		12.81363		12.81363		12.81363
7		12.81363		12.81363		12.81363
8		12.81363		12.81363		12.81363
9		12.81363		12.81363		12.81363
10		12.81363		12.81363		12.81363
11		12.81363		12.81363		12.81363
12		12.81363		12.81363		12.81363
13		12.81363		12.81363		12.81363
14		12.81363		12.81363		12.81363
15		12.81363		12.81363		12.81363
16		12.81363		12.81363		12.81363
17		12.81363		12.81363		12.81363
18		12.81363		12.81363		12.81363
19		12.81363		12.81363		12.81363
20		12.81363		12.81363		12.81363
21		12.81363		12.81363		12.81363
22		12.81363		12.81363		12.81363
23		12.81363		12.81363		12.81363
24		12.81363		12.81363		12.81363
25		12.81363		12.81363		12.81363
26		12.81363		12.81363		12.81363
27		12.81363		12.81363		12.81363
28		12.81363		12.81363		12.81363
29		12.81363		12.81363		12.81363
30		12.81363		12.81363		12.81363
31		12.81363		12.81363		12.81363
32		12.81363		12.81363		12.81363
33		12.81363		12.81363		12.81363
34		12.81363		12.81363		12.81363
35		12.81363		12.81363		12.81363
36		12.81363		12.81363		12.81363
37		12.81363		12.81363		12.81363
38		12.81363		12.81363		12.81363
39		12.81363		12.81363		12.81363
40		12.81363		12.81363		12.81363
41		12.81363		12.81363		12.81363
42		12.81363		12.81363		12.81363
43		12.81363		12.81363		12.81363
44		12.81363		12.81363		12.81363
45		12.81363		12.81363		12.81363
46		12.81363		12.81363		12.81363
47		12.81363		12.81363		12.81363
48		12.81363		12.81363		12.81363
49		12.81363		12.81363		12.81363
50		12.81363		12.81363		12.81363
51		12.81363		12.81363		12.81363
52		12.81363		12.81363		12.81363
53		12.81363		12.81363		12.81363
54		12.81363		12.81363		12.81363
55		12.81363		12.81363		12.81363
56		12.81363		12.81363		12.81363
57		12.81363		12.81363		12.81363
58		12.81363		12.81363		12.81363
59		12.81363		12.81363		12.81363
60		12.81363		12.81363		12.81363
61		12.81363		12.81363		12.81363
62		12.81363		12.81363		12.81363
63		12.81363		12.81363		12.81363
64		12.81363		12.81363		12.81363
65		12.81363		12.81363		12.81363
66		12.81363		12.81363		12.81363
67		12.81363		12.81363		12.81363
68		12.81363		12.81363		12.81363
69		12.81363		12.81363		12.81363
70		12.81363		12.81363		12.81363
71		12.81363		12.81363		12.81363
72		12.81363		12.81363		12.81363
73		12.81363		12.81363		12.81363
74		12.81363		12.81363		12.81363
75		12.81363		12.81363		12.81363
76		12.81363		12.81363		12.81363
77		12.81363		12.81363		12.81363
78		12.81363		12.81363		12.81363
79		12.81363		12.81363		12.81363
80		12.81363		12.81363		12.81363
81		12.81363		12.81363		12.81363
82		12.81363		12.81363		12.81363
83		12.81363		12.81363		12.81363
84		12.81363		12.81363		12.81363
85		12.81363		12.81363		12.81363
86		12.81363		12.81363		12.81363
87		12.81363		12.81363		12.81363
88		12.81363		12.81363		12.81363
89		12.81363		12.81363		12.81363
90		12.81363		12.81363		12.81363
91		12.81363		12.81363		12.81363
92		12.81363		12.81363		12.81363
93		12.81363		12.81363		12.81363
94		12.81363		12.81363		12.81363
95		12.81363		12.81363		12.81363
96		12.81363		12.81363		12.81363
97		12.81363		12.81363		12.81363
98		12.81363		12.81363		12.81363
99		12.81363		12.81363		12.81363
100		12.81363		12.81363		12.81363
101		12.81363		12.81363		12.81363
102		12.81363		12.81363		12.81363
103		12.81363		12.81363		12.81363
104		12.81363		12.81363		12.81363
105		12.81363		12.81363		12.81363
106		12.81363		12.81363		12.81363
107		12.81363		12.81363		12.81363
108		12.81363		12.81363		12.81363
109		12.81363		12.81363		12.81363
110		12.81363		12.81363		12.81363
111		12.81363		12.81363		12.81363
112		12.81363		12.81363		12.81363
113		12.81363		12.81363		12.81363
114		12.81363		12.81363		12.81363
115		12.81363		12.81363		12.81363
116		12.81363		12.81363		12.81363
117		12.81363		12.81363		12.81363
118		12.81363		12.81363		12.81363
119		12.81363		12.81363		12.81363
120		12.81363		12.81363		12.81363
121		12.81363		12.81363		12.81363
122		12.81363		12.81363		12.81363
123		12.81363		12.81363		12.81363
124		12.81363		12.81363		12.81363
125		12.81363		12.81363		12.81363
126		12.81363		12.81363		12.81363
127		12.81363		12.81363		12.81363
128		12.81363		12.81363		12.81363
129		12.81363		12.81363		12.81363
130		12.81363		12.81363		12.81363
131		12.81363		12.81363		12.81363
132		12.81363		12.81363		12.81363
133		12.81363		12.81363		12.81363
134		12.81363		12.81363		12.81363
135		12.81363		12.81363		12.81363
136		12.81363		12.81363		12.81363
137		12.81363		12.81363		12.81363
138		12.81363		12.81363		12.81363
139		12.81363		12.81363		12.81363
140		12.81363		12.81363		12.81363
141		12.81363		12.81363		12.81363
142		12.81363		12.81363		12.81363
143		12.81363		12.81363		12.81363
144		12.81363		12.81363		12.81363
145		12.81363		12.81363		12.81363
146		12.81363		12.81363		12.81363
147		12.81363		12.81363		12.81363
148		12.81363		12.81363		12.81363
149		12.81363		12.81363		12.81363
150		12.81363		12.81363		12.81363
151		12.81363		12.81363		12.81363
152		12.81363		12.81363		12.81363
153		12.81363		12.81363		12.81363
154		12.81363		12.81363		12.81363
155		12.81363		12.81363		12.81363
156		12.81363		12.81363		12.81363
157		12.81363		12.81363		12.81363
158		12.81363		12.81363		12.81363
159		12.81363		12.81363		12.81363
160		12.81363		12.81363		12.81363
161		12.81363		12.81363		12.81363
162		12.81363		12.81363		12.81363
163		12.81363		12.81363		12.81363
164		12.81363		12.81363		12.81363
165		12.81363		12.81363		12.81363
166		12.81363		12.81363		12.81363
167		12.81363		12.81363		12.81363
168		12.81363		12.81363		12.81363
169		12.81363		12.81363		12.81363
170		12.81363		12.81363		12.81363
171		12.81363		12.81363		12.81363
172		12.81363		12.81363		12.81363
173		12.81363		12.81363		12.81363
174		12.81363		12.81363		12.81363
175		12.81363		12.81363		12.81363
176		12.81363		12.81363		12.81363
177		12.81363		12.81363		12.81363
178		12.81363		12.81363		12.81363
179		12.81363		12.81363		12.81363
180		12.81363		12.81363		12.81363
181		12.81363		12.81363		12.81363
182		12.81363		12.81363		12.81363
183		12.81363		12.81363		12.81363
184		12.81363		12.81363		12.81363
185		12.81363		12.81363		12.81363
186		12.81363		12.81363		12.81363
187		12.81363		12.81363		12.81363
188		12.81363		12.81363		12.81363
189		12.81363		12.81363		12.81363
190		12.81363		12.81363		12.81363
191		12.81363		12.81363		12.81363
192		12.81363		12.81363		12.81363
193		12.81363		12.81363		12.81363
194		12.81363		12.81363		12.81363
195		12.81363		12.81363		12.81363
196		12.81363		12.81363		12.81363
197		12.81363		12.81363		12.81363
198		12.81363		12.81363		12.81363
199		12.81363		12.81363		12.81363
200		12.81363		12.81363		12.81363
201		12.81363		12.81363		12.81363
202		12.81363		12.81363		12.81363
203		12.81363		12.81363		12.81363
204		12.81363		12.81363		12.81363
205		12.81363		12.81363		12.81363
206		12.81363		12.81363		12.81363
207		12.81363		12.81363		12.81363
208		12.81363		12.81363		12.81363
209		12.81363		12.81363		12.81363
210		12.81363		12.81363		12.81363
211		12.81363		12.81363		12.81363
212		12.81363		12.81363		12.81363
213		12.81363		12.81363		12.81363
214		12.81363		12.81363		12.81363
215		12.81363		12.81363		12.81363
216		12.81363		12.81363		12.81363
217		12.81363		12.81363		12.81363
218		12.81363		12.81363		12.81363
219		12.81363		12.81363		12.81363
220		12.81363		12.81363		12.81363
221		12.81363		12.81363		12.81363
222		12.81363		12.81363		12.81363
223		12.81363		12.81363		12.81363
224		12.81363		12.81363		12.81363
225		12.81363		12.81363		12.81363
226		12.81363		12.81363		12.81363
227		12.81363		12.81363		12.81363
228		12.81363		12.81363		12.81363
229		12.81363		12.81363		12.81363
230		12.81363		12.81363		12.81363
231		12.81363		12.81363		12.81363
232		12.81363		12.81363		12.81363
233		12.81363		12.81363		12.81363
234		12.81363		12.81363		12.81363
235		12.81363		12.81363		12.81363
236		12.81363		12.81363		12.81363
237		12.81363		12.81363		12.81363
238		12.81363		12.81363		12.81363
239		12.81363		12.81363		12.81363
240		12.81363		12.81363		12.81363
241		12.81363		12.81363		12.81363
242		12.81363		12.81363		12.81363
243		12.81363		12.81363		12.81363
244		12.81363		12.81363		12.81363
245		12.81363		12.81363		12.81363
246		12.81363		12.81363		12.81363
247		12.81363		12.81363		12.81363
248		12.81363		12.81363		12.81363
249		12.81363		12.81363		12.81363
250		12.81363		12.81363		12.81363
