step	mediator-random_cov_err_sq_T_mean	mediator-random_cov_err_sq_T_std_up	mediator-random_cov_err_sq_T_std_down
1		14.67		14.67		14.67
2		14.17		14.17		14.17
3		13.89		14.53		13.25
4		13.17		13.77		12.57
5		12.91		12.99		12.83
6		12.86778		12.87222		12.86333
7		12.855		12.885		12.825
8		12.855		12.885		12.825
9		12.85		12.89		12.81
10		12.85444		12.88556		12.82333
11		12.85569		12.88752		12.82387
12		12.68625		12.99507		12.37743
13		12.68249		12.99229		12.3727
14		12.67978		12.99023		12.36932
15		12.53978		12.94454		12.13502
16		12.55651		12.94319		12.16983
17		12.39562		13.01194		11.77931
18		12.38285		13.0208		11.74489
19		12.37776		13.02431		11.7312
20		12.37553		13.0259		11.72516
21		12.37373		13.02502		11.72245
22		12.21325		12.82175		11.60474
23		12.21255		12.82154		11.60357
24		12.2123		12.82143		11.60317
25		12.21592		12.82429		11.60755
26		12.21596		12.82428		11.60764
27		12.21465		12.82338		11.60591
28		12.21384		12.82274		11.60494
29		12.21333		12.82227		11.60439
30		12.21303		12.82193		11.60414
31		12.2772		12.95183		11.60257
32		12.11702		12.63843		11.59561
33		12.07446		12.58242		11.56651
34		12.06147		12.56819		11.55475
35		12.05199		12.57359		11.53039
36		12.0519		12.57367		11.53012
37		12.04985		12.56718		11.53251
38		12.04762		12.56489		11.53036
39		12.04621		12.5629		11.52952
40		11.88581		12.21403		11.55758
41		11.8979		12.23407		11.56173
42		11.89763		12.23434		11.56091
43		11.90187		12.24206		11.56169
44		11.89709		12.2355		11.55867
45		11.91056		12.26807		11.55306
46		11.90247		12.25714		11.54779
47		11.89393		12.24153		11.54633
48		11.89387		12.24169		11.54605
49		11.88985		12.23626		11.54344
50		11.74502		12.18626		11.30378
51		11.74107		12.18541		11.29674
52		11.74505		12.16548		11.32462
53		11.74263		12.1581		11.32717
54		11.73336		12.15282		11.31391
55		11.73536		12.15466		11.31605
56		11.73843		12.15223		11.32463
57		11.76324		12.19958		11.32689
58		11.76276		12.19925		11.32626
59		11.74715		12.17137		11.32292
60		11.73796		12.16021		11.31571
61		11.73715		12.16108		11.31322
62		11.7303		12.15217		11.30844
63		11.72706		12.14573		11.3084
64		11.72613		12.14563		11.30662
65		11.72568		12.14617		11.30518
66		11.72452		12.14642		11.30263
67		11.71664		12.13242		11.30086
68		11.71685		12.13298		11.30073
69		11.7141		12.12749		11.30072
70		11.71391		12.12812		11.2997
71		11.71479		12.12843		11.30116
72		11.71514		12.1289		11.30139
73		11.71283		12.12433		11.30133
74		11.7135		12.12485		11.30214
75		11.71417		12.12623		11.3021
76		11.7121		12.12257		11.30163
77		11.71047		12.11879		11.30214
78		11.7065		12.1116		11.30139
79		11.70252		12.10464		11.30039
80		11.54188		11.94608		11.13768
81		11.54684		11.95706		11.13661
82		11.54678		11.95705		11.13651
83		11.55198		11.96917		11.13478
84		11.55115		11.9685		11.13381
85		11.55145		11.96892		11.13399
86		11.55164		11.96937		11.13391
87		11.5516		11.96936		11.13384
88		11.55157		11.96906		11.13408
89		11.55164		11.96907		11.13421
90		11.55649		11.97008		11.14289
91		11.56022		11.97038		11.15005
92		11.55794		11.96493		11.15094
93		11.55927		11.96102		11.15751
94		11.55761		11.95706		11.15815
95		11.55688		11.95782		11.15593
96		11.55387		11.95357		11.15416
97		11.55338		11.95384		11.15292
98		11.55104		11.95081		11.15127
99		11.55141		11.95153		11.15129
100		11.55175		11.95219		11.15132
101		11.55188		11.95277		11.15098
102		11.55041		11.95313		11.14769
103		11.55058		11.95338		11.14777
104		11.55066		11.95387		11.14744
105		11.54775		11.95065		11.14484
106		11.54605		11.95098		11.14112
107		11.54369		11.9449		11.14248
108		11.54261		11.94494		11.14029
109		11.54507		11.94512		11.14503
110		11.54398		11.94258		11.14537
111		11.54406		11.94286		11.14526
112		11.54402		11.94305		11.14499
113		11.54404		11.94327		11.14481
114		11.54317		11.94311		11.14323
115		11.54263		11.9419		11.14337
116		11.54139		11.94169		11.1411
117		11.54003		11.94194		11.13813
118		11.54024		11.94364		11.13685
119		11.5403		11.94365		11.13695
120		11.54311		11.95047		11.13576
121		11.54228		11.95007		11.13449
122		11.54086		11.94723		11.13449
123		11.54223		11.94731		11.13715
124		11.54217		11.94711		11.13723
125		11.54181		11.94687		11.13674
126		11.54029		11.94465		11.13593
127		11.53934		11.94432		11.13436
128		11.5385		11.9423		11.1347
129		11.53843		11.94215		11.13471
130		11.53691		11.93854		11.13527
131		11.53707		11.93873		11.13541
132		11.53598		11.93705		11.13491
133		11.53578		11.93716		11.13439
134		11.53576		11.93716		11.13436
135		11.53554		11.9373		11.13377
136		11.53501		11.9371		11.13292
137		11.53504		11.93738		11.1327
138		11.53452		11.93729		11.13175
139		11.53345		11.93562		11.13129
140		11.53191		11.93283		11.13098
141		11.53183		11.93282		11.13084
142		11.53108		11.93144		11.13073
143		11.5311		11.93144		11.13077
144		11.53053		11.93024		11.13082
145		11.5307		11.93051		11.13088
146		11.53056		11.93055		11.13058
147		11.53245		11.93524		11.12967
148		11.5324		11.93535		11.12946
149		11.53219		11.93499		11.12939
150		11.53212		11.93498		11.12927
151		11.53142		11.93341		11.12944
152		11.53088		11.93211		11.12965
153		11.5304		11.93083		11.12997
154		11.53037		11.93094		11.1298
155		11.53082		11.92996		11.13169
156		11.53092		11.92998		11.13187
157		11.53046		11.92884		11.13208
158		11.37056		11.6883		11.05282
159		11.37026		11.68822		11.05231
160		11.37036		11.68822		11.0525
161		11.37062		11.68843		11.05281
162		11.37054		11.68849		11.0526
163		11.37039		11.68836		11.05242
164		11.37004		11.68826		11.05182
165		11.36959		11.68805		11.05113
166		11.36931		11.688		11.05063
167		11.36924		11.68845		11.05002
168		11.36933		11.6885		11.05016
169		11.3688		11.68813		11.04947
170		11.36826		11.68775		11.04877
171		11.36834		11.68779		11.04889
172		11.36821		11.68772		11.04869
173		11.36807		11.68833		11.0478
174		11.36753		11.68806		11.047
175		11.36726		11.68779		11.04672
176		11.36711		11.6876		11.04663
177		11.3671		11.68759		11.0466
178		11.36712		11.68759		11.04665
179		11.36724		11.68778		11.04671
180		11.36712		11.68761		11.04664
181		11.36753		11.6886		11.04646
182		11.36766		11.68866		11.04665
183		11.36747		11.68842		11.04652
184		11.36743		11.68827		11.04658
185		11.36728		11.68807		11.04649
186		11.36737		11.68825		11.04648
187		11.36701		11.68795		11.04607
188		11.36702		11.68796		11.04609
189		11.367		11.68794		11.04605
190		11.36693		11.6879		11.04596
191		11.36696		11.68792		11.04601
192		11.36673		11.6877		11.04577
193		11.36621		11.68758		11.04484
194		11.36608		11.68741		11.04474
195		11.36593		11.68733		11.04452
196		11.36635		11.6877		11.04501
197		11.36614		11.68749		11.04479
198		11.36611		11.68763		11.0446
199		11.36593		11.68745		11.04441
200		11.36579		11.68805		11.04354
201		11.36582		11.68806		11.04358
202		11.36623		11.68814		11.04431
203		11.366		11.68792		11.04408
204		11.36605		11.68871		11.0434
205		11.3659		11.68863		11.04317
206		11.36608		11.68965		11.04252
207		11.3661		11.68965		11.04254
208		11.36598		11.68942		11.04255
209		11.36585		11.68918		11.04251
210		11.36574		11.68897		11.04251
211		11.3661		11.69011		11.04209
212		11.36607		11.69009		11.04205
213		11.36653		11.69142		11.04165
214		11.36666		11.69148		11.04184
215		11.36652		11.69119		11.04186
216		11.36616		11.69079		11.04153
217		11.36611		11.69056		11.04165
218		11.36665		11.69193		11.04136
219		11.36661		11.69191		11.04131
220		11.36665		11.6917		11.0416
221		11.36659		11.69145		11.04173
222		11.36646		11.69117		11.04175
223		11.36628		11.69088		11.04169
224		11.36614		11.69061		11.04167
225		11.36612		11.69041		11.04182
226		11.36604		11.6902		11.04189
227		11.36593		11.68997		11.04189
228		11.36568		11.68968		11.04168
229		11.36569		11.68953		11.04186
230		11.36617		11.69066		11.04168
231		11.36618		11.69066		11.0417
232		11.36655		11.69184		11.04127
233		11.36644		11.69178		11.0411
234		11.36676		11.69174		11.04179
235		11.36672		11.69152		11.04193
236		11.36672		11.69132		11.04211
237		11.36676		11.69116		11.04236
238		11.36654		11.69087		11.0422
239		11.36657		11.69072		11.04243
240		11.36653		11.6907		11.04236
241		11.36673		11.69096		11.04251
242		11.36682		11.69083		11.0428
243		11.367		11.69077		11.04323
244		11.3669		11.69057		11.04323
245		11.36704		11.6908		11.04328
246		11.36709		11.69068		11.0435
247		11.36638		11.69032		11.04244
248		11.36644		11.69035		11.04254
249		11.36638		11.69018		11.04259
250		11.36652		11.69041		11.04263
