step	mediator-random_runtime_mean	mediator-random_runtime_std_up	mediator-random_runtime_std_down
1		0.00016		0.00017		0.00015
2		0.46458		0.69167		0.23749
3		0.91013		1.12097		0.69929
4		1.17635		1.5593		0.79341
5		1.28903		1.79781		0.78026
6		1.299		1.80801		0.79
7		1.3088		1.81802		0.79958
8		1.43189		1.9788		0.88497
9		1.55375		2.04121		1.0663
10		1.62154		2.19485		1.04824
11		1.68103		2.20075		1.1613
12		1.78617		2.25652		1.31582
13		1.95552		2.38924		1.5218
14		2.18031		2.47108		1.88954
15		2.19064		2.4819		1.89938
16		2.25326		2.47313		2.03339
17		2.30262		2.55785		2.0474
18		2.38013		2.73115		2.02911
19		2.46191		2.9364		1.98741
20		2.47258		2.94822		1.99694
21		2.56071		3.18069		1.94073
22		2.64081		3.39346		1.88816
23		2.71709		3.59805		1.83614
24		2.7273		3.60854		1.84607
25		2.80928		3.83153		1.78704
26		2.87998		4.02217		1.7378
27		2.89096		4.03419		1.74774
28		2.94944		4.18805		1.71083
29		3.01529		4.36352		1.66707
30		3.07564		4.5231		1.62818
31		3.13453		4.67908		1.58997
32		3.20371		4.86579		1.54162
33		3.30461		5.03867		1.57054
34		3.36392		5.19405		1.53379
35		3.46517		5.37118		1.55915
36		3.52638		5.53325		1.51951
37		3.53702		5.5438		1.53025
38		3.58208		5.56756		1.59661
39		3.63509		5.59725		1.67293
40		3.68823		5.63044		1.74603
41		3.74087		5.66703		1.81471
42		3.83611		5.72678		1.94544
43		3.90096		5.7794		2.02251
44		3.91077		5.78942		2.03212
45		3.9447		5.81185		2.07755
46		4.00152		5.84874		2.15429
47		4.14182		5.94109		2.34256
48		4.23311		6.00472		2.4615
49		4.37499		6.10502		2.64496
50		4.46994		6.17835		2.76152
51		4.56041		6.25568		2.86514
52		4.64887		6.33628		2.96147
53		4.74372		6.42892		3.05852
54		4.84017		6.53075		3.14959
55		4.93004		6.63062		3.22945
56		5.0755		6.76361		3.38739
57		5.16533		6.87327		3.45739
58		5.37442		7.11474		3.63409
59		5.55417		7.37229		3.73604
60		5.76141		7.63961		3.88322
61		5.9675		7.92189		4.01311
62		6.17602		8.21088		4.14115
63		6.34872		8.50781		4.18963
64		6.52006		8.81468		4.22543
65		6.74195		9.14632		4.33758
66		7.05897		9.54642		4.57153
67		7.37619		9.95752		4.79486
68		7.71802		10.30156		5.13448
69		7.8759		10.34564		5.40617
70		8.08582		10.68238		5.48926
71		8.18101		10.82369		5.53834
72		8.4301		10.91472		5.94549
73		8.62045		11.15868		6.08221
74		8.82101		11.3774		6.26461
75		8.96139		11.50098		6.4218
76		9.10541		11.63122		6.5796
77		9.23681		11.87527		6.59835
78		9.36842		12.02279		6.71405
79		9.54332		12.25142		6.83522
80		9.66544		12.49005		6.84083
81		9.80254		12.76715		6.83793
82		9.89617		12.97335		6.81899
83		10.0456		13.17988		6.91131
84		10.22329		13.42108		7.02551
85		10.28771		13.43298		7.14244
86		10.4687		13.65365		7.28375
87		10.55523		13.72144		7.38903
88		10.69095		13.95859		7.4233
89		10.74593		14.02679		7.46507
90		10.94545		14.3086		7.58229
91		10.9906		14.31101		7.67018
92		11.0759		14.37777		7.77404
93		11.22461		14.58122		7.86801
94		11.3506		14.74546		7.95574
95		11.43773		14.80432		8.07114
96		11.6007		14.96186		8.23954
97		11.72775		15.13256		8.32295
98		11.81029		15.13449		8.48608
99		11.97652		15.35713		8.59591
100		12.09667		15.47382		8.71952
101		12.21915		15.54083		8.89748
102		12.36792		15.61059		9.12525
103		12.41738		15.62263		9.21213
104		12.50346		15.72665		9.28028
105		12.51413		15.7369		9.29136
106		12.70259		15.84753		9.55765
107		12.79211		15.96961		9.61462
108		12.8873		16.01305		9.76154
109		12.94181		16.09781		9.78581
110		13.10873		16.30338		9.91409
111		13.27265		16.40928		10.13601
112		13.3625		16.48637		10.23863
113		13.44239		16.54014		10.34464
114		13.49107		16.53908		10.44306
115		13.53828		16.59298		10.48358
116		13.62435		16.63945		10.60925
117		13.78857		16.7526		10.82455
118		13.91767		16.88434		10.95099
119		13.99664		16.93992		11.05337
120		14.08221		16.98722		11.1772
121		14.1977		17.12624		11.26916
122		14.35611		17.32322		11.38899
123		14.50869		17.49388		11.52351
124		14.55796		17.58904		11.52688
125		14.60447		17.58875		11.62018
126		14.65171		17.64754		11.65589
127		14.69836		17.6475		11.74921
128		14.77936		17.80167		11.75706
129		14.82463		17.87818		11.77108
130		14.94676		18.03327		11.86025
131		15.03178		18.03068		12.03288
132		15.15514		18.16645		12.14384
133		15.31785		18.28704		12.34865
134		15.37098		18.35338		12.38857
135		15.45786		18.43454		12.48117
136		15.6179		18.56226		12.67354
137		15.70304		18.64228		12.76379
138		15.78843		18.7223		12.85457
139		15.91086		18.88346		12.93826
140		15.9933		19.04231		12.9443
141		16.07535		19.16931		12.98139
142		16.12574		19.22948		13.022
143		16.21103		19.39061		13.03145
144		16.29275		19.47168		13.11381
145		16.41373		19.63452		13.19295
146		16.49246		19.75801		13.22691
147		16.58005		19.82074		13.33936
148		16.66775		19.95733		13.37816
149		16.79168		20.09317		13.4902
150		16.92764		20.20232		13.65296
151		17.05359		20.25388		13.85331
152		17.13693		20.32445		13.94941
153		17.23227		20.4043		14.06024
154		17.24304		20.41527		14.0708
155		17.36749		20.54222		14.19276
156		17.52574		20.75439		14.2971
157		17.61097		20.88471		14.33724
158		17.69165		21.01863		14.36468
159		17.8451		21.15745		14.53274
160		17.85552		21.16764		14.5434
161		17.97355		21.36943		14.57768
162		18.05646		21.46015		14.65277
163		18.10291		21.45278		14.75304
164		18.22045		21.5009		14.94
165		18.26914		21.57926		14.95902
166		18.35026		21.6696		15.03093
167		18.43265		21.73659		15.12872
168		18.51742		21.82004		15.21481
169		18.63619		21.92827		15.34411
170		18.71913		22.01978		15.41848
171		18.84281		22.16842		15.5172
172		18.96273		22.37075		15.55471
173		19.08572		22.52138		15.65005
174		19.16701		22.60281		15.73121
175		19.24893		22.70048		15.79738
176		19.3266		22.79549		15.85772
177		19.4787		22.90973		16.04766
178		19.5464		22.97982		16.11298
179		19.73388		23.15987		16.30788
180		19.81652		23.28541		16.34764
181		19.89866		23.37821		16.41911
182		19.94267		23.43729		16.44806
183		20.05873		23.58799		16.52946
184		20.12846		23.70513		16.5518
185		20.21761		23.80656		16.62866
186		20.37217		23.98058		16.76376
187		20.48421		24.1213		16.84713
188		20.56314		24.25296		16.87332
189		20.63689		24.3743		16.89948
190		20.71709		24.51196		16.92222
191		20.83321		24.64841		17.01801
192		20.98418		24.77823		17.19013
193		21.0774		24.93837		17.21643
194		21.15879		24.9419		17.37569
195		21.20421		25.00933		17.39908
196		21.28452		25.13092		17.43811
197		21.36341		25.26896		17.45786
198		21.48246		25.469		17.49593
199		21.49283		25.47964		17.50602
200		21.53647		25.55802		17.51493
201		21.65353		25.61967		17.68739
202		21.73345		25.76134		17.70556
203		21.82941		25.89182		17.767
204		21.87632		25.95544		17.79721
205		21.96009		26.03644		17.88375
206		22.03945		26.09532		17.98357
207		22.17083		26.31565		18.02601
208		22.25101		26.41389		18.08812
209		22.32975		26.51314		18.14636
210		22.44632		26.67255		18.22009
211		22.55847		26.85835		18.2586
212		22.60216		26.93972		18.26459
213		22.76978		27.18418		18.35537
214		22.77996		27.19439		18.36554
215		22.87376		27.32394		18.42358
216		22.95277		27.43789		18.46765
217		23.03525		27.55531		18.5152
218		23.08234		27.54005		18.62462
219		23.22481		27.64825		18.80137
220		23.27159		27.73531		18.80786
221		23.31377		27.76218		18.86535
222		23.42677		27.82258		19.03096
223		23.57711		27.96142		19.1928
224		23.69299		28.04408		19.3419
225		23.79726		28.21832		19.3762
226		23.87917		28.26556		19.49278
227		23.9197		28.32757		19.51183
228		23.96384		28.31427		19.61341
229		24.00858		28.38385		19.63331
230		24.14766		28.50418		19.79113
231		24.29063		28.62123		19.96004
232		24.33619		28.64939		20.023
233		24.41459		28.72076		20.10841
234		24.46123		28.79394		20.12851
235		24.53489		28.87623		20.19355
236		24.60737		28.94469		20.27005
237		24.70763		29.06007		20.3552
238		24.85093		29.26029		20.44156
239		24.92428		29.29018		20.55838
240		25.06183		29.47814		20.64552
241		25.20384		29.59597		20.81171
242		25.32733		29.77057		20.88409
243		25.46801		29.92726		21.00877
244		25.55161		30.01987		21.08334
245		25.63873		30.12284		21.15462
246		25.79374		30.2696		21.31787
247		25.87769		30.32269		21.43269
248		25.98986		30.40753		21.57218
249		26.06407		30.41608		21.71206
250		26.17711		30.48608		21.86814
