step	mediator-random_runtime_mean	mediator-random_runtime_std_up	mediator-random_runtime_std_down
1		0.00019		0.00024		0.00014
2		0.46713		0.69573		0.23853
3		0.90951		1.35478		0.46424
4		1.41926		1.8564		0.98212
5		1.72243		2.06947		1.37539
6		1.79392		2.05916		1.52868
7		1.80503		2.07026		1.53981
8		1.87615		2.08803		1.66426
9		1.93939		2.14812		1.73066
10		2.00967		2.2711		1.74824
11		2.01992		2.28155		1.75829
12		2.0304		2.29277		1.76804
13		2.04025		2.3025		1.77799
14		2.05069		2.31182		1.78955
15		2.06146		2.32238		1.80054
16		2.1277		2.46968		1.78572
17		2.18682		2.61157		1.76208
18		2.25141		2.77472		1.72809
19		2.28912		2.86342		1.71481
20		2.29944		2.8736		1.72527
21		2.31027		2.88544		1.7351
22		2.32224		2.89708		1.74739
23		2.33254		2.90691		1.75816
24		2.34286		2.91735		1.76836
25		2.35346		2.92829		1.77864
26		2.36421		2.9385		1.78991
27		2.3752		2.94927		1.80113
28		2.38574		2.95972		1.81175
29		2.3974		2.97304		1.82176
30		2.40875		2.98442		1.83307
31		2.42156		2.99691		1.84622
32		2.43408		3.00878		1.85938
33		2.44521		3.01998		1.87045
34		2.45556		3.02985		1.88127
35		2.46596		3.04047		1.89146
36		2.47726		3.05169		1.90282
37		2.48881		3.06351		1.9141
38		2.53414		3.10009		1.96818
39		2.58601		3.15133		2.0207
40		2.63751		3.21347		2.06154
41		2.68841		3.28613		2.09068
42		2.73945		3.36916		2.10975
43		2.79238		3.46391		2.12084
44		2.84392		3.56346		2.12438
45		2.89488		3.66794		2.12182
46		2.94737		3.77993		2.11481
47		2.99916		3.8945		2.10382
48		3.06471		4.04809		2.08132
49		3.07583		4.05975		2.09192
50		3.12878		4.18298		2.07458
51		3.18384		4.31441		2.05326
52		3.25053		4.47775		2.0233
53		3.26321		4.49236		2.03406
54		3.27669		4.50708		2.0463
55		3.37092		4.65816		2.08368
56		3.51177		4.82026		2.20327
57		3.64704		4.97983		2.31425
58		3.78295		5.14307		2.42282
59		4.00442		5.46453		2.54432
60		4.19691		5.7728		2.62101
61		4.4764		6.15936		2.79343
62		4.79734		6.56013		3.03455
63		5.20434		7.00167		3.40701
64		5.50915		7.36559		3.6527
65		5.8282		7.77506		3.88134
66		6.04834		7.91741		4.17927
67		6.36233		8.32881		4.39584
68		6.67103		8.74787		4.5942
69		6.96585		9.1432		4.78849
70		7.25996		9.53715		4.98277
71		7.55148		9.94043		5.16253
72		7.8387		10.34534		5.33207
73		8.14436		10.76811		5.5206
74		8.35067		11.0761		5.62524
75		8.65325		11.51275		5.79374
76		8.86597		11.82528		5.90667
77		9.18565		12.2434		6.12789
78		9.50272		12.65285		6.35259
79		9.82833		13.09103		6.56563
80		10.08562		13.34123		6.83001
81		10.32556		13.66952		6.98161
82		10.6428		14.09683		7.18878
83		10.89921		14.43521		7.3632
84		11.05766		14.72211		7.39321
85		11.37744		15.15464		7.60024
86		11.69332		15.58309		7.80356
87		12.00943		16.01599		8.00287
88		12.32092		16.44483		8.19701
89		12.63973		16.88298		8.39648
90		12.95977		17.32777		8.59178
91		13.27149		17.75724		8.78575
92		13.59609		18.21224		8.97994
93		13.83211		18.54782		9.11639
94		14.13515		18.97173		9.29856
95		14.44594		19.41014		9.48174
96		14.74723		19.83878		9.65569
97		15.03403		20.23172		9.83635
98		15.30507		20.59368		10.01647
99		15.53743		20.87534		10.19952
100		15.77004		21.16527		10.37481
101		16.01042		21.46719		10.55365
102		16.25496		21.7837		10.72621
103		16.52633		22.16072		10.89195
104		16.7882		22.5108		11.0656
105		17.02574		22.82908		11.2224
106		17.25971		23.14739		11.37203
107		17.5575		23.38976		11.72525
108		17.89474		23.69329		12.09618
109		18.17368		23.88595		12.46141
110		18.51756		24.20191		12.83321
111		18.7079		24.46184		12.95396
112		19.00835		24.71245		13.30425
113		19.3427		25.01809		13.66731
114		19.61478		25.23452		13.99504
115		19.73655		25.23875		14.23435
116		19.87466		25.45933		14.28999
117		19.99435		25.43399		14.55471
118		20.15569		25.45539		14.85599
119		20.29636		25.68009		14.91263
120		20.4564		25.72371		15.18909
121		20.57901		25.70023		15.4578
122		20.62543		25.74737		15.50349
123		20.77505		25.79757		15.75253
124		20.94057		25.85802		16.02311
125		21.09783		25.93855		16.25711
126		21.28242		26.01278		16.55206
127		21.42565		26.06711		16.78419
128		21.57708		26.0906		17.06355
129		21.6971		26.10535		17.28885
130		21.85056		26.1655		17.53562
131		21.96438		26.17826		17.7505
132		22.11175		26.25175		17.97175
133		22.29553		26.36962		18.22145
134		22.45942		26.38412		18.53472
135		22.56102		26.31663		18.80542
136		22.76043		26.45339		19.06747
137		22.8121		26.54066		19.08353
138		22.9867		26.61866		19.35475
139		23.15667		26.66342		19.64991
140		23.27813		26.8168		19.73945
141		23.44184		26.87372		20.00997
142		23.55442		26.89141		20.21742
143		23.71678		26.94105		20.4925
144		23.87358		26.99128		20.75587
145		24.0302		27.0217		21.0387
146		24.12417		26.96617		21.28218
147		24.17451		27.00246		21.34655
148		24.27642		26.98822		21.56462
149		24.42403		27.02111		21.82696
150		24.53332		27.02988		22.03676
151		24.64617		27.03979		22.25254
152		24.76		27.09114		22.42887
153		24.9293		27.19995		22.65866
154		25.06739		27.29151		22.84327
155		25.25247		27.38832		23.11662
156		25.3778		27.44071		23.31489
157		25.52775		27.47203		23.58347
158		25.60982		27.51234		23.70729
159		25.68969		27.51239		23.86699
160		25.84411		27.64583		24.04239
161		25.98647		27.70783		24.26511
162		26.06865		27.85686		24.28044
163		26.18034		27.88842		24.47226
164		26.29676		27.97086		24.62267
165		26.40455		28.07731		24.73179
166		26.45425		28.19013		24.71836
167		26.52905		28.29117		24.76693
168		26.58033		28.35318		24.80747
169		26.70976		28.4584		24.96113
170		26.97467		28.65386		25.29547
171		27.06906		28.82524		25.31287
172		27.21974		28.93201		25.50746
173		27.3758		28.9852		25.7664
174		27.52583		29.16416		25.88751
175		27.63711		29.21006		26.06417
176		27.77443		29.32349		26.22536
177		27.88803		29.40471		26.37134
178		27.93256		29.50853		26.35659
179		28.00961		29.64571		26.37351
180		28.12017		29.76321		26.47712
181		28.27361		29.9504		26.59681
182		28.38767		30.11578		26.65956
183		28.46877		30.20609		26.73146
184		28.58046		30.3732		26.78771
185		28.65831		30.43875		26.87788
186		28.7029		30.4805		26.9253
187		28.82912		30.65668		27.00157
188		28.90782		30.75178		27.06386
189		29.05204		30.94178		27.1623
190		29.13564		31.03207		27.23922
191		29.28431		31.24906		27.31955
192		29.36436		31.32963		27.39909
193		29.48192		31.53067		27.43318
194		29.63352		31.73789		27.52914
195		29.67722		31.79936		27.55508
196		29.85331		32.00719		27.69943
197		30.03038		32.22697		27.83379
198		30.1028		32.27614		27.92947
199		30.14636		32.30512		27.98759
200		30.25327		32.44301		28.06352
201		30.37058		32.53522		28.20594
202		30.48267		32.70942		28.25593
203		30.56383		32.85099		28.27666
204		30.73143		32.99788		28.46498
205		30.84471		33.17607		28.51336
206		30.99897		33.43742		28.56052
207		31.1342		33.65773		28.61067
208		31.21886		33.68593		28.75178
209		31.28805		33.81972		28.75638
210		31.36553		33.83252		28.89855
211		31.41501		33.92282		28.90721
212		31.53554		34.05724		29.01385
213		31.6195		34.22628		29.01272
214		31.70768		34.3469		29.06845
215		31.75032		34.34749		29.15314
216		31.91782		34.5679		29.26774
217		31.99769		34.6518		29.34358
218		32.17086		34.88193		29.4598
219		32.21786		34.96793		29.46779
220		32.37394		35.17833		29.56955
221		32.4508		35.25473		29.64686
222		32.52826		35.34647		29.71005
223		32.53897		35.35763		29.72032
224		32.54965		35.369		29.73031
225		32.66084		35.52334		29.79834
226		32.80281		35.69192		29.9137
227		32.88328		35.85661		29.90995
228		32.96071		35.93867		29.98275
229		33.0793		36.11042		30.04818
230		33.12865		36.13148		30.12583
231		33.21789		36.24489		30.19088
232		33.30112		36.41478		30.18746
233		33.37933		36.43742		30.32125
234		33.51833		36.59708		30.43958
235		33.58385		36.7283		30.43941
236		33.68548		36.81221		30.55875
237		33.77946		36.93192		30.62701
238		33.85524		36.96252		30.74796
239		33.96948		37.13098		30.80799
240		34.07502		37.22342		30.92663
241		34.16792		37.36289		30.97295
242		34.27877		37.44838		31.10917
243		34.32425		37.47502		31.17349
244		34.43414		37.56953		31.29876
245		34.50873		37.58302		31.43445
246		34.62196		37.7615		31.48242
247		34.70955		37.79557		31.62352
248		34.80005		37.92003		31.68007
249		34.91723		38.02251		31.81195
250		34.92734		38.03285		31.82183
