step	mediator-random_inst_loss_mean	mediator-random_inst_loss_std_up	mediator-random_inst_loss_std_down
1		39.50954		110.02771		-31.00863
2		-12.09522		62.13443		-86.32488
3		-3.50807		42.52694		-49.54308
4		-11.0717		34.59537		-56.73877
5		-20.87817		27.19243		-68.94877
6		-31.20076		19.39987		-81.80139
7		-5.17167		74.85233		-85.19568
8		-10.97811		76.80841		-98.76463
9		-2.33217		68.58854		-73.25288
10		-9.83391		63.38242		-83.05023
11		35.76724		132.05485		-60.52036
12		33.96023		138.16652		-70.24607
13		26.52387		136.2147		-83.16697
14		37.1436		120.75726		-46.47006
15		50.16702		134.26481		-33.93077
16		45.4284		134.73787		-43.88108
17		38.59562		132.60559		-55.41435
18		49.85071		116.84853		-17.1471
19		45.09544		112.71368		-22.5228
20		38.24514		109.42223		-32.93196
21		31.0343		105.95756		-43.88896
22		23.44394		102.31052		-55.42265
23		33.90157		92.99473		-25.19158
24		28.30687		88.87311		-32.25937
25		20.57296		84.3269		-43.18098
26		12.432		79.54141		-54.67741
27		3.86258		74.50406		-66.77891
28		-5.15787		69.20158		-79.51733
29		3.7944		68.19084		-60.60203
30		15.0626		87.93552		-57.81032
31		26.92386		83.40089		-29.55316
32		20.96191		79.12114		-37.19731
33		12.84143		74.06166		-48.37881
34		22.74104		79.87832		-34.39625
35		16.55894		77.22832		-44.11045
36		8.20672		72.06922		-55.65579
37		17.86239		74.65863		-38.93384
38		11.42352		71.38251		-48.53547
39		2.80102		65.91574		-60.31371
40		-6.27531		60.16125		-72.71186
41		-15.82933		54.10389		-85.76255
42		-7.43871		35.48266		-50.36008
43		-15.20921		27.47178		-57.8902
44		-6.78595		28.01934		-41.59125
45		-14.52211		23.08412		-52.12833
46		-24.51017		15.07533		-64.09567
47		-35.02392		6.64502		-76.69287
48		-27.64354		11.68114		-66.96823
49		-18.02997		24.84558		-60.90553
50		-26.35792		20.48884		-73.20467
51		-36.96892		12.34345		-86.28129
52		-29.69091		44.5227		-103.90451
53		-38.63258		42.33471		-119.59987
54		-31.44213		53.29222		-116.17648
55		-22.02849		39.53725		-83.59423
56		-12.11939		59.0789		-83.31768
57		-20.13625		56.65261		-96.9251
58		-30.41979		50.41058		-111.25017
59		-22.79709		52.87011		-98.46429
60		-31.37593		48.25835		-111.01021
61		-23.80355		30.3716		-77.97871
62		-32.43537		22.13758		-87.00831
63		-43.36624		14.07897		-100.81144
64		-54.87241		5.59622		-115.34105
65		-66.98418		-3.33298		-130.63538
66		-42.83843		-2.92198		-82.75488
67		-50.62733		-9.44505		-91.80961
68		-25.62069		38.51936		-89.76075
69		-32.5034		38.41188		-103.41868
70		-6.54287		76.66403		-89.74977
71		-12.42148		77.29428		-102.13724
72		-22.29899		72.13866		-116.73663
73		4.19862		83.88345		-75.48622
74		-1.11465		81.94665		-84.17595
75		8.05043		69.45059		-53.34974
76		1.09514		63.75548		-61.5652
77		-8.07097		57.88729		-74.02922
78		0.72799		86.12594		-84.66996
79		-6.61269		85.57093		-98.79631
80		-16.18447		80.85092		-113.21986
81		-26.26003		75.88249		-128.40255
82		-18.41839		72.25744		-109.09422
83		-26.76677		67.6572		-121.19075
84		-18.95181		57.35854		-95.26216
85		-8.88078		60.07587		-77.83742
86		-16.72718		55.90459		-89.35896
87		-26.83131		49.62319		-103.2858
88		-0.57225		89.52456		-90.66905
89		12.31088		83.94568		-59.32393
90		5.57982		79.01861		-67.85897
91		15.09724		81.42769		-51.23321
92		26.96033		89.97944		-36.05879
93		39.44778		80.22794		-1.33237
94		34.14499		75.43457		-7.1446
95		26.71835		70.18107		-16.74437
96		18.90083		64.65106		-26.8494
97		10.67187		58.83001		-37.48627
98		20.45729		69.50468		-28.5901
99		14.15499		67.11878		-38.80879
100		5.67625		61.4276		-50.0751
101		15.19874		56.46697		-26.06948
102		8.61968		51.7555		-34.51613
103		-0.15039		45.25573		-45.55651
104		9.06543		51.46106		-33.33019
105		2.16357		47.95874		-43.63161
106		29.94867		52.45141		7.44594
107		25.99067		50.58996		1.39139
108		18.13486		44.02884		-7.75913
109		46.76056		82.03908		11.48203
110		43.68739		84.51857		2.85622
111		36.76298		79.74317		-6.2172
112		47.92162		99.23349		-3.39025
113		43.06482		99.06427		-12.93464
114		54.55513		117.59022		-8.47996
115		50.04746		117.95975		-17.86483
116		43.45779		114.94441		-28.02883
117		36.5213		111.77037		-38.72778
118		29.21973		108.42928		-49.98983
119		21.53386		104.91234		-61.84461
120		13.44348		101.2103		-74.32334
121		4.92729		97.31341		-87.45884
122		-4.03713		93.21143		-101.28568
123		-13.47335		88.89355		-115.84025
124		-4.95873		106.58641		-116.50387
125		-12.59871		105.85341		-131.05083
126		-22.48554		102.20089		-147.17198
127		4.00224		114.19991		-106.19543
128		-1.32136		113.37718		-116.01991
129		7.83284		96.24873		-80.58306
130		0.86609		90.90645		-89.17426
131		10.13542		78.32137		-58.05052
132		3.28987		72.94844		-66.3687
133		-5.76072		67.56409		-79.08553
134		3.15983		72.40664		-66.08699
135		14.39462		65.31086		-36.52161
136		7.77324		60.11261		-44.56613
137		-1.04138		54.05269		-56.13546
138		-10.31994		47.67382		-68.3137
139		16.80814		75.10609		-41.48981
140		12.15853		75.13984		-50.82278
141		22.0222		83.22903		-39.18463
142		15.80227		80.91443		-49.3099
143		7.41022		75.94934		-61.1289
144		17.02398		56.46483		-22.41688
145		10.54098		49.22399		-28.14203
146		20.31951		69.67419		-29.03517
147		14.00996		68.21163		-40.1917
148		5.52359		62.57797		-51.5308
149		15.03805		79.19913		-49.12303
150		8.45053		77.52975		-60.6287
151		18.11904		62.31565		-26.07758
152		30.14116		65.46253		-5.18021
153		24.34854		62.60044		-13.90335
154		16.4063		56.67146		-23.85885
155		44.94102		70.8783		19.00375
156		41.77209		71.14025		12.40394
157		34.74688		65.66073		3.83304
158		27.35192		59.89281		-5.18897
159		38.01524		83.52155		-7.49107
160		32.63705		83.09414		-17.82005
161		43.57853		95.51714		-8.36008
162		38.49314		94.46608		-17.47979
163		31.29535		90.21423		-27.62353
164		23.71873		85.7386		-38.30114
165		15.74334		81.02742		-49.54074
166		7.34819		76.06827		-61.37189
167		-1.4888		70.84812		-73.82573
168		7.65658		66.57735		-51.26419
169		19.12805		51.63341		-13.3773
170		12.7558		45.05457		-19.54297
171		4.20341		38.20212		-29.7953
172		13.64839		80.36741		-53.07064
173		25.43522		90.02466		-39.15422
174		37.84241		92.61422		-16.92941
175		32.45512		89.966		-25.05577
176		24.93954		85.47731		-35.59823
177		17.0284		80.75237		-46.69557
178		8.70089		75.77875		-58.37698
179		-0.06492		70.54336		-70.67319
180		27.6029		93.87601		-38.67021
181		23.52144		94.11048		-47.0676
182		15.53566		89.83992		-58.76859
183		25.57708		84.66583		-33.51168
184		19.54424		80.77451		-41.68603
185		11.34914		75.80206		-53.10377
186		2.72272		70.56789		-65.12245
187		12.08977		84.38149		-60.20196
188		5.34707		82.55351		-71.85936
189		-3.59525		77.67469		-84.86518
190		-13.00821		72.53908		-98.55551
191		-22.9166		67.13318		-112.96638
192		-33.34648		61.44277		-128.13573
193		-44.3253		55.45285		-144.10346
194		-37.43447		45.5162		-120.38515
195		-28.33621		74.3883		-131.06073
196		-0.31161		92.89912		-93.52234
197		-5.86226		91.57453		-103.29904
198		3.05295		82.12981		-76.02391
199		-4.16537		77.29935		-85.63008
200		-13.60834		72.14399		-99.36067
201		-23.54831		66.7173		-113.81393
202		-15.56395		94.66512		-125.79303
203		-23.76211		94.34237		-141.86658
204		-34.23649		90.08401		-158.55699
205		-26.81466		81.50362		-135.13294
206		-35.60496		76.59871		-147.80862
207		-28.25516		108.3238		-164.83411
208		18.2212		127.34865		-90.90625
209		15.49071		127.02514		-96.04371
210		7.08227		124.48693		-110.32239
211		16.67876		117.20632		-83.84879
212		10.1776		114.15133		-93.79613
213		19.93701		107.91311		-68.03909
214		13.60733		104.63852		-77.42386
215		23.54725		96.7743		-49.67981
216		17.40758		92.88157		-58.06641
217		9.10002		88.54633		-70.34628
218		0.35523		83.98292		-83.27246
219		9.59767		89.65731		-70.46197
220		39.61879		102.36884		-23.13126
221		36.16974		101.46553		-29.12604
222		28.84967		97.58207		-39.88273
223		39.59182		92.42462		-13.24098
224		52.74409		104.23796		1.25022
225		48.1411		103.45015		-7.16795
226		41.4511		99.67115		-16.76896
227		34.40899		95.69326		-26.87528
228		45.44373		104.97279		-14.08533
229		40.45651		103.8475		-22.93447
230		33.36206		100.08941		-33.36529
231		25.89421		96.13353		-44.3451
232		36.48081		73.82301		-0.86139
233		31.02186		66.7058		-4.66208
234		23.43084		60.99289		-14.1312
235		15.4403		54.97929		-24.09869
236		7.02921		48.6492		-34.59079
237		-1.82458		41.98594		-45.6351
238		-11.14436		34.97198		-57.26069
239		-2.50716		11.85174		-16.86605
240		-10.01811		2.59165		-22.62786
241		-1.32163		29.49558		-32.13884
242		9.6773		47.68821		-28.33361
243		2.80764		44.92713		-39.31186
244		12.17915		51.75561		-27.3973
245		5.44117		48.45704		-37.5747
246		14.95136		47.16049		-17.25776
247		8.35988		42.99783		-26.27807
248		-0.43178		36.02922		-36.89278
249		-9.595		28.785		-47.975
250		0.0		0.0		0.0
