step	mediator-random_cum_inst_loss_mean	mediator-random_cum_inst_loss_std_up	mediator-random_cum_inst_loss_std_down
1		67.17572		121.82527		12.52617
2		101.3083		202.44959		0.16702
3		131.70309		281.08609		-17.67992
4		154.47385		355.28818		-46.34047
5		169.21934		424.45682		-86.01815
6		175.51715		488.19291		-137.1586
7		191.37018		558.34722		-175.60686
8		200.67858		628.03372		-226.67656
9		219.70064		693.60468		-254.2034
10		250.79235		767.50338		-265.91868
11		294.58897		845.17099		-255.99306
12		333.31167		918.64917		-252.02584
13		383.29615		994.77484		-228.18254
14		428.5324		1069.38728		-212.32248
15		466.92576		1141.64977		-207.79825
16		516.56357		1205.16524		-172.03809
17		561.4349		1263.81874		-140.94894
18		599.44414		1317.98169		-119.09342
19		630.23011		1367.47526		-107.01503
20		690.30764		1473.68753		-93.07226
21		748.01289		1584.26003		-88.23425
22		799.53152		1693.10786		-94.04483
23		844.53791		1799.98622		-110.91041
24		901.1368		1919.73062		-117.45703
25		953.33558		2042.22978		-135.55862
26		999.05792		2165.86673		-167.75088
27		1037.96296		2290.3132		-214.38727
28		1088.13938		2411.05236		-234.7736
29		1133.57767		2532.31941		-265.16408
30		1190.63118		2675.5302		-294.26783
31		1243.30852		2823.04908		-336.43203
32		1307.9821		2970.42861		-354.46441
33		1368.68055		3117.56072		-380.19961
34		1423.34992		3264.50025		-417.80042
35		1471.67287		3411.17232		-467.82658
36		1513.31539		3557.49918		-530.86839
37		1566.37337		3702.65883		-569.91208
38		1633.29237		3842.56687		-575.98213
39		1696.35443		3980.73851		-588.02966
40		1753.51179		4117.5734		-610.54981
41		1822.90119		4246.76288		-600.96051
42		1888.56366		4373.13791		-596.0106
43		1966.90579		4491.2128		-557.40122
44		2060.43969		4605.78371		-484.90432
45		2151.51743		4717.25827		-414.22341
46		2238.16499		4825.50933		-349.17935
47		2320.1492		4930.37794		-290.07953
48		2397.22463		5031.69746		-237.24819
49		2469.13292		5129.29316		-191.02733
50		2535.60211		5222.98182		-151.7776
51		2596.34593		5312.57123		-119.87937
52		2651.06305		5397.8598		-95.7337
53		2699.43627		5478.636		-79.76345
54		2741.13171		5554.67785		-72.41442
55		2775.79791		5625.75234		-74.15652
56		2803.06489		5691.61482		-85.48504
57		2840.99072		5746.4407		-64.45925
58		2873.53366		5795.05394		-47.98662
59		2898.56564		5837.76361		-40.63234
60		2934.13883		5870.09127		-1.81361
61		2982.65279		5936.83495		28.47063
62		3026.34112		6004.43929		48.24294
63		3063.10509		6069.14095		57.06923
64		3092.58026		6131.0009		54.15963
65		3132.83051		6209.08467		56.57634
66		3167.82019		6286.40309		49.23728
67		3195.42769		6361.12523		29.73014
68		3215.26447		6433.26601		-2.73707
69		3226.92154		6502.83817		-48.99508
70		3229.96841		6569.8502		-109.91338
71		3242.39938		6625.7115		-140.91274
72		3248.10561		6676.57029		-180.35907
73		3263.33592		6740.47514		-213.8033
74		3290.43632		6792.41748		-211.54484
75		3311.58405		6838.09569		-214.92758
76		3343.06857		6913.16331		-227.02616
77		3368.83118		6987.67668		-250.01432
78		3386.72597		7058.18439		-284.73245
79		3396.33884		7124.55476		-331.87707
80		3415.6814		7203.67436		-372.31156
81		3428.66299		7281.09586		-423.76987
82		3433.10408		7355.12178		-488.91362
83		3428.55517		7425.66121		-568.55087
84		3414.5431		7492.6167		-663.53051
85		3390.5698		7555.88311		-774.74351
86		3374.5585		7601.13418		-852.01718
87		3350.3255		7639.60171		-938.9507
88		3315.59334		7672.40408		-1041.2174
89		3269.80942		7699.33099		-1159.71215
90		3212.39208		7720.16134		-1295.37718
91		3161.17652		7719.14814		-1396.7951
92		3136.78138		7763.01714		-1489.45437
93		3105.56805		7806.62509		-1595.489
94		3063.48816		7844.58413		-1717.60782
95		3028.41728		7860.33159		-1803.49702
96		2984.12158		7867.06756		-1898.82441
97		2928.27077		7866.00564		-2009.46409
98		2878.7042		7890.72398		-2133.31558
99		2837.59735		7895.04736		-2219.85266
100		2786.94799		7889.54149		-2315.64552
101		2724.40912		7875.43385		-2426.61561
102		2686.24997		7866.26975		-2493.7698
103		2640.5482		7849.01766		-2567.92126
104		2583.21733		7821.83853		-2655.40387
105		2532.09279		7807.88165		-2743.69608
106		2470.89848		7787.24833		-2845.45137
107		2434.15466		7770.00426		-2901.69495
108		2389.9427		7744.51116		-2964.62575
109		2352.62755		7691.72488		-2986.46979
110		2324.41693		7646.31218		-2997.47832
111		2287.34254		7591.92488		-3017.2398
112		2239.09313		7526.1104		-3047.92414
113		2197.52802		7469.25443		-3074.19839
114		2164.84377		7435.98978		-3106.30225
115		2123.06029		7395.93254		-3149.81196
116		2088.30143		7374.11579		-3197.51293
117		2062.78165		7327.44211		-3201.87881
118		2046.98722		7290.29329		-3196.31885
119		2041.43		7227.53037		-3144.67038
120		2028.20129		7151.86802		-3095.46544
121		2023.50008		7095.32543		-3048.32528
122		2011.17244		7030.96506		-3008.62018
123		2007.41972		6982.38891		-2967.54946
124		1996.0905		6925.78522		-2933.60422
125		1974.94126		6858.156		-2908.27349
126		1943.45515		6779.08578		-2892.17548
127		1901.08814		6688.16176		-2885.98548
128		1865.71503		6566.57689		-2835.14683
129		1839.54867		6456.73311		-2777.63578
130		1804.62613		6336.96645		-2727.71418
131		1777.08932		6231.95244		-2677.77381
132		1759.17169		6141.84193		-2623.49856
133		1769.82701		6096.37953		-2556.72552
134		1775.50889		6046.01742		-2494.99965
135		1790.71355		6011.89765		-2430.47055
136		1817.78696		5993.70318		-2358.12926
137		1857.35378		5995.09284		-2280.38528
138		1928.51904		6040.93407		-2183.89598
139		1997.8956		6085.18612		-2089.39492
140		2080.1473		6144.83483		-1984.54024
141		2159.34904		6200.73455		-1882.03647
142		2233.49555		6250.49053		-1783.49944
143		2302.32076		6293.79714		-1689.15562
144		2365.5446		6330.33506		-1599.24586
145		2422.87228		6359.77103		-1514.02647
146		2473.99345		6381.75742		-1433.77051
147		2518.58147		6395.93208		-1358.76913
148		2556.29249		6401.91809		-1289.33312
149		2586.76454		6399.32372		-1225.79463
150		2628.06414		6416.12135		-1159.99307
151		2664.1584		6428.30911		-1099.9923
152		2711.37611		6462.02437		-1039.27216
153		2753.69996		6491.59309		-984.19317
154		2789.02764		6513.89881		-935.84353
155		2816.99093		6528.6077		-894.62585
156		2837.20222		6535.37424		-860.9698
157		2849.25352		6533.84138		-835.33434
158		2852.71536		6523.64067		-818.20995
159		2847.13565		6504.39258		-810.12127
160		2850.48602		6501.57528		-800.60323
161		2846.63373		6492.59883		-799.33136
162		2833.35495		6474.60978		-807.89989
163		2828.60102		6473.59266		-816.39062
164		2816.21789		6466.19905		-833.76326
165		2793.95928		6449.45403		-861.53548
166		2779.7529		6446.65976		-887.15395
167		2757.41982		6437.13139		-922.29174
168		2743.13507		6444.18547		-957.91534
169		2739.16697		6427.48826		-949.15431
170		2746.05852		6423.73346		-931.61641
171		2745.93379		6413.93521		-922.06762
172		2736.57876		6395.46272		-922.30521
173		2717.5076		6367.98335		-932.96815
174		2706.65645		6358.06821		-944.75531
175		2687.85518		6343.17095		-967.46058
176		2658.84064		6320.5844		-1002.90313
177		2619.07526		6290.14072		-1051.99019
178		2567.99323		6251.68075		-1115.69429
179		2504.99893		6205.05406		-1195.05621
180		2429.46539		6150.11838		-1291.18761
181		2359.18014		6118.66886		-1400.30857
182		2296.26417		6066.69637		-1474.16802
183		2241.10532		6019.97135		-1537.7607
184		2212.55936		5982.09068		-1556.97196
185		2195.42422		5950.82349		-1559.97505
186		2170.00823		5912.062		-1572.04553
187		2134.03082		5864.33034		-1596.2687
188		2105.38361		5840.08601		-1629.3188
189		2067.84965		5812.27736		-1676.57807
190		2037.56396		5785.52693		-1710.39901
191		1998.30529		5751.33375		-1754.72317
192		1966.20412		5715.13126		-1782.72302
193		1943.48191		5700.11967		-1813.15585
194		1912.1848		5679.49523		-1855.12563
195		1888.46422		5655.23243		-1878.30399
196		1856.11619		5621.78439		-1909.55201
197		1831.28937		5609.02951		-1946.45076
198		1816.22438		5595.61859		-1963.16984
199		1811.43498		5603.9493		-1981.07934
200		1799.01452		5606.89402		-2008.86498
201		1795.16409		5590.17877		-1999.85059
202		1783.73201		5562.90533		-1995.44131
203		1762.4745		5525.70575		-2000.75676
204		1730.87442		5478.14718		-2016.39833
205		1688.38744		5419.78495		-2043.01006
206		1634.44056		5350.16328		-2081.28216
207		1586.87812		5306.50864		-2132.75241
208		1529.43339		5256.95744		-2198.09066
209		1459.74151		5197.64503		-2278.162
210		1414.05287		5155.42138		-2327.31564
211		1360.42532		5105.25063		-2384.39999
212		1313.19901		5068.01124		-2441.61321
213		1256.10811		5022.18999		-2509.97377
214		1205.23617		4956.941		-2546.46865
215		1162.75526		4880.8202		-2555.30968
216		1129.10699		4826.32544		-2568.11145
217		1104.75627		4786.79414		-2577.28161
218		1090.19241		4731.1551		-2550.77028
219		1067.48304		4663.29242		-2528.32633
220		1034.3547		4583.41153		-2514.70213
221		1008.70651		4531.26476		-2513.85175
222		974.32941		4472.50149		-2523.84267
223		947.36674		4437.87741		-2543.14393
224		930.05347		4419.41819		-2559.31125
225		922.89747		4435.28971		-2589.49476
226		907.98585		4448.69105		-2632.71935
227		901.51315		4452.35626		-2649.32996
228		887.32078		4447.75989		-2673.11833
229		881.60519		4469.7728		-2706.56242
230		868.20978		4488.56776		-2752.14819
231		863.3331		4496.16623		-2769.50003
232		850.82076		4495.55377		-2793.91225
233		846.87361		4528.53256		-2834.78534
234		853.78721		4578.00878		-2870.43435
235		853.6857		4623.32116		-2915.94977
236		844.35509		4662.41788		-2973.7077
237		825.30966		4695.01318		-3044.39387
238		814.48557		4738.20795		-3109.2368
239		795.71281		4776.67727		-3185.25165
240		766.72826		4808.44907		-3274.99255
241		745.44195		4827.22366		-3336.33976
242		734.1038		4871.94959		-3403.74198
243		751.68489		4934.04723		-3430.67745
244		764.65706		4992.83457		-3463.52046
245		787.5357		5039.34007		-3464.26867
246		804.23943		5078.54695		-3470.06808
247		812.59932		5110.73924		-3485.5406
248		812.16754		5135.55209		-3511.217
249		802.57254		5152.70226		-3547.55718
250		802.57254		5152.70226		-3547.55718
