step	mediator-random_reward_mean	mediator-random_reward_std_up	mediator-random_reward_std_down
1		-60.4		12.759		-133.559
2		-61.4		11.759		-134.559
3		-52.2		10.57388		-114.97388
4		-53.2		9.57388		-115.97388
5		-84.0		17.98627		-185.98627
6		-54.8		82.3895		-191.9895
7		-85.6		99.29413		-270.49413
8		-86.6		98.29413		-271.49413
9		-117.4		120.62319		-355.42319
10		-88.2		170.47153		-346.87153
11		-119.0		194.50343		-432.50343
12		-149.8		144.03764		-443.63764
13		-180.6		170.17377		-531.37377
14		-211.4		129.81348		-552.61348
15		-242.2		155.86602		-640.26602
16		-273.0		123.44571		-669.44571
17		-303.8		148.44701		-756.04701
18		-334.6		122.09272		-791.29272
19		-365.4		145.73075		-876.53075
20		-366.0		178.97193		-910.97193
21		-426.6		146.95369		-1000.15369
22		-457.4		128.84657		-1043.64657
23		-487.8		164.4464		-1140.0464
24		-518.6		148.85685		-1186.05685
25		-579.2		124.55888		-1282.95888
26		-639.8		45.5091		-1325.1091
27		-700.4		22.77262		-1423.57262
28		-761.0		-53.25513		-1468.74487
29		-821.6		-74.74992		-1568.45008
30		-882.2		-147.85583		-1616.54417
31		-972.6		-225.74992		-1719.45008
32		-1033.2		-298.85583		-1767.54417
33		-1123.6		-376.74992		-1870.45008
34		-1184.2		-449.85583		-1918.54417
35		-1274.6		-527.74992		-2021.45008
36		-1335.2		-600.85583		-2069.54417
37		-1425.6		-678.74992		-2172.45008
38		-1486.2		-751.85583		-2220.54417
39		-1576.6		-829.74992		-2323.45008
40		-1637.2		-902.85583		-2371.54417
41		-1727.6		-980.74992		-2474.45008
42		-1788.2		-1053.85583		-2522.54417
43		-1878.6		-1131.74992		-2625.45008
44		-1939.2		-1204.85583		-2673.54417
45		-2029.6		-1282.74992		-2776.45008
46		-2090.2		-1355.85583		-2824.54417
47		-2180.6		-1433.74992		-2927.45008
48		-2241.2		-1506.85583		-2975.54417
49		-2331.6		-1584.74992		-3078.45008
50		-2392.2		-1657.85583		-3126.54417
51		-2482.6		-1735.74992		-3229.45008
52		-2543.2		-1808.85583		-3277.54417
53		-2633.6		-1886.74992		-3380.45008
54		-2694.2		-1959.85583		-3428.54417
55		-2784.6		-2037.74992		-3531.45008
56		-2845.2		-2110.85583		-3579.54417
57		-2935.6		-2188.74992		-3682.45008
58		-2996.2		-2261.85583		-3730.54417
59		-3086.6		-2339.74992		-3833.45008
60		-3147.2		-2412.85583		-3881.54417
61		-3237.6		-2490.74992		-3984.45008
62		-3298.2		-2563.85583		-4032.54417
63		-3388.6		-2641.74992		-4135.45008
64		-3449.2		-2714.85583		-4183.54417
65		-3539.6		-2792.74992		-4286.45008
66		-3600.2		-2865.85583		-4334.54417
67		-3690.6		-2943.74992		-4437.45008
68		-3751.2		-3016.85583		-4485.54417
69		-3841.6		-3094.74992		-4588.45008
70		-3902.2		-3167.85583		-4636.54417
71		-3992.6		-3245.74992		-4739.45008
72		-4053.2		-3318.85583		-4787.54417
73		-4143.6		-3396.74992		-4890.45008
74		-4204.2		-3469.85583		-4938.54417
75		-4294.6		-3547.74992		-5041.45008
76		-4355.2		-3620.85583		-5089.54417
77		-4445.6		-3698.74992		-5192.45008
78		-4506.2		-3771.85583		-5240.54417
79		-4596.6		-3849.74992		-5343.45008
80		-4657.2		-3922.85583		-5391.54417
81		-4747.6		-4000.74992		-5494.45008
82		-4808.2		-4073.85583		-5542.54417
83		-4898.6		-4151.74992		-5645.45008
84		-4959.2		-4224.85583		-5693.54417
85		-5049.6		-4302.74992		-5796.45008
86		-5110.2		-4375.85583		-5844.54417
87		-5200.6		-4453.74992		-5947.45008
88		-5261.2		-4526.85583		-5995.54417
89		-5351.6		-4604.74992		-6098.45008
90		-5412.2		-4677.85583		-6146.54417
91		-5502.6		-4755.74992		-6249.45008
92		-5563.2		-4828.85583		-6297.54417
93		-5653.6		-4906.74992		-6400.45008
94		-5714.2		-4979.85583		-6448.54417
95		-5804.6		-5057.74992		-6551.45008
96		-5865.2		-5130.85583		-6599.54417
97		-5955.6		-5208.74992		-6702.45008
98		-6016.2		-5281.85583		-6750.54417
99		-6106.6		-5359.74992		-6853.45008
100		-6167.2		-5432.85583		-6901.54417
101		-6257.6		-5510.74992		-7004.45008
102		-6318.2		-5583.85583		-7052.54417
103		-6408.6		-5661.74992		-7155.45008
104		-6469.2		-5734.85583		-7203.54417
105		-6559.6		-5812.74992		-7306.45008
106		-6620.2		-5885.85583		-7354.54417
107		-6710.6		-5963.74992		-7457.45008
108		-6771.2		-6036.85583		-7505.54417
109		-6861.6		-6114.74992		-7608.45008
110		-6922.2		-6187.85583		-7656.54417
111		-7012.6		-6265.74992		-7759.45008
112		-7073.2		-6338.85583		-7807.54417
113		-7163.6		-6416.74992		-7910.45008
114		-7224.2		-6489.85583		-7958.54417
115		-7314.6		-6567.74992		-8061.45008
116		-7375.2		-6640.85583		-8109.54417
117		-7465.6		-6718.74992		-8212.45008
118		-7526.2		-6791.85583		-8260.54417
119		-7616.6		-6869.74992		-8363.45008
120		-7677.2		-6942.85583		-8411.54417
121		-7767.6		-7020.74992		-8514.45008
122		-7828.2		-7093.85583		-8562.54417
123		-7918.6		-7171.74992		-8665.45008
124		-7979.2		-7244.85583		-8713.54417
125		-8069.6		-7322.74992		-8816.45008
126		-8130.2		-7395.85583		-8864.54417
127		-8220.6		-7473.74992		-8967.45008
128		-8281.2		-7546.85583		-9015.54417
129		-8371.6		-7624.74992		-9118.45008
130		-8432.2		-7697.85583		-9166.54417
131		-8522.6		-7775.74992		-9269.45008
132		-8583.2		-7848.85583		-9317.54417
133		-8673.6		-7926.74992		-9420.45008
134		-8734.2		-7999.85583		-9468.54417
135		-8824.6		-8077.74992		-9571.45008
136		-8885.2		-8150.85583		-9619.54417
137		-8975.6		-8228.74992		-9722.45008
138		-9036.2		-8301.85583		-9770.54417
139		-9126.6		-8379.74992		-9873.45008
140		-9187.2		-8452.85583		-9921.54417
141		-9277.6		-8530.74992		-10024.45008
142		-9338.2		-8603.85583		-10072.54417
143		-9428.6		-8681.74992		-10175.45008
144		-9489.2		-8754.85583		-10223.54417
145		-9579.6		-8832.74992		-10326.45008
146		-9640.2		-8905.85583		-10374.54417
147		-9730.6		-8983.74992		-10477.45008
148		-9791.2		-9056.85583		-10525.54417
149		-9881.6		-9134.74992		-10628.45008
150		-9942.2		-9207.85583		-10676.54417
151		-10032.6		-9285.74992		-10779.45008
152		-10093.2		-9358.85583		-10827.54417
153		-10183.6		-9436.74992		-10930.45008
154		-10244.2		-9509.85583		-10978.54417
155		-10334.6		-9587.74992		-11081.45008
156		-10395.2		-9660.85583		-11129.54417
157		-10485.6		-9738.74992		-11232.45008
158		-10546.2		-9811.85583		-11280.54417
159		-10636.6		-9889.74992		-11383.45008
160		-10697.2		-9962.85583		-11431.54417
161		-10787.6		-10040.74992		-11534.45008
162		-10848.2		-10113.85583		-11582.54417
163		-10938.6		-10191.74992		-11685.45008
164		-10999.2		-10264.85583		-11733.54417
165		-11089.6		-10342.74992		-11836.45008
166		-11150.2		-10415.85583		-11884.54417
167		-11240.6		-10493.74992		-11987.45008
168		-11301.2		-10566.85583		-12035.54417
169		-11391.6		-10644.74992		-12138.45008
170		-11452.2		-10717.85583		-12186.54417
171		-11542.6		-10795.74992		-12289.45008
172		-11603.2		-10868.85583		-12337.54417
173		-11693.6		-10946.74992		-12440.45008
174		-11754.2		-11019.85583		-12488.54417
175		-11844.6		-11097.74992		-12591.45008
176		-11905.2		-11170.85583		-12639.54417
177		-11995.6		-11248.74992		-12742.45008
178		-12056.2		-11321.85583		-12790.54417
179		-12146.6		-11399.74992		-12893.45008
180		-12207.2		-11472.85583		-12941.54417
181		-12297.6		-11550.74992		-13044.45008
182		-12358.2		-11623.85583		-13092.54417
183		-12448.6		-11701.74992		-13195.45008
184		-12509.2		-11774.85583		-13243.54417
185		-12599.6		-11852.74992		-13346.45008
186		-12660.2		-11925.85583		-13394.54417
187		-12750.6		-12003.74992		-13497.45008
188		-12811.2		-12076.85583		-13545.54417
189		-12901.6		-12154.74992		-13648.45008
190		-12962.2		-12227.85583		-13696.54417
191		-13052.6		-12305.74992		-13799.45008
192		-13113.2		-12378.85583		-13847.54417
193		-13203.6		-12456.74992		-13950.45008
194		-13264.2		-12529.85583		-13998.54417
195		-13354.6		-12607.74992		-14101.45008
196		-13415.2		-12680.85583		-14149.54417
197		-13505.6		-12758.74992		-14252.45008
198		-13566.2		-12831.85583		-14300.54417
199		-13656.6		-12909.74992		-14403.45008
200		-13717.2		-12982.85583		-14451.54417
201		-13807.6		-13060.74992		-14554.45008
202		-13868.2		-13133.85583		-14602.54417
203		-13958.6		-13211.74992		-14705.45008
204		-14019.2		-13284.85583		-14753.54417
205		-14109.6		-13362.74992		-14856.45008
206		-14170.2		-13435.85583		-14904.54417
207		-14260.6		-13513.74992		-15007.45008
208		-14321.2		-13586.85583		-15055.54417
209		-14411.6		-13664.74992		-15158.45008
210		-14472.2		-13737.85583		-15206.54417
211		-14562.6		-13815.74992		-15309.45008
212		-14623.2		-13888.85583		-15357.54417
213		-14713.6		-13966.74992		-15460.45008
214		-14774.2		-14039.85583		-15508.54417
215		-14864.6		-14117.74992		-15611.45008
216		-14925.2		-14190.85583		-15659.54417
217		-15015.6		-14268.74992		-15762.45008
218		-15076.2		-14341.85583		-15810.54417
219		-15166.6		-14419.74992		-15913.45008
220		-15227.2		-14492.85583		-15961.54417
221		-15317.6		-14570.74992		-16064.45008
222		-15378.2		-14643.85583		-16112.54417
223		-15468.6		-14721.74992		-16215.45008
224		-15529.2		-14794.85583		-16263.54417
225		-15619.6		-14872.74992		-16366.45008
226		-15680.2		-14945.85583		-16414.54417
227		-15770.6		-15023.74992		-16517.45008
228		-15831.2		-15096.85583		-16565.54417
229		-15921.6		-15174.74992		-16668.45008
230		-15982.2		-15247.85583		-16716.54417
231		-16072.6		-15325.74992		-16819.45008
232		-16133.2		-15398.85583		-16867.54417
233		-16223.6		-15476.74992		-16970.45008
234		-16284.2		-15549.85583		-17018.54417
235		-16374.6		-15627.74992		-17121.45008
236		-16435.2		-15700.85583		-17169.54417
237		-16525.6		-15778.74992		-17272.45008
238		-16586.2		-15851.85583		-17320.54417
239		-16676.6		-15929.74992		-17423.45008
240		-16737.2		-16002.85583		-17471.54417
241		-16827.6		-16080.74992		-17574.45008
242		-16888.2		-16153.85583		-17622.54417
243		-16978.6		-16231.74992		-17725.45008
244		-17039.2		-16304.85583		-17773.54417
245		-17129.6		-16382.74992		-17876.45008
246		-17190.2		-16455.85583		-17924.54417
247		-17280.6		-16533.74992		-18027.45008
248		-17341.2		-16606.85583		-18075.54417
249		-17431.6		-16684.74992		-18178.45008
250		-17492.2		-16757.85583		-18226.54417
