step	mediator-random_cov_err_sq_T_mean	mediator-random_cov_err_sq_T_std_up	mediator-random_cov_err_sq_T_std_down
1		15.07		15.87		14.27
2		14.37		14.77		13.97
3		13.79		14.23		13.35
4		13.11		13.59		12.63
5		12.97		13.17		12.77
6		12.97		13.17		12.77
7		13.025		13.34765		12.70235
8		12.905		12.98807		12.82193
9		12.86278		12.99311		12.73245
10		12.871		13.02722		12.71478
11		12.86244		12.93484		12.79005
12		12.85089		12.91214		12.78963
13		12.83667		12.92611		12.74722
14		12.83668		12.94627		12.7271
15		12.67189		12.97453		12.36924
16		12.65586		12.95949		12.35223
17		12.66682		12.98638		12.34725
18		12.66093		12.98109		12.34077
19		12.65927		12.98109		12.33745
20		12.65674		12.97767		12.33581
21		12.64427		12.95635		12.33219
22		12.63757		12.94571		12.32942
23		12.63411		12.94835		12.31987
24		12.4729		13.09468		11.85111
25		12.46845		13.08877		11.84813
26		12.47078		13.09101		11.85055
27		12.41522		13.03626		11.79419
28		12.40722		13.04331		11.77113
29		12.40888		13.04468		11.77307
30		12.40883		13.04473		11.77293
31		12.40817		13.04456		11.77177
32		12.40694		13.04507		11.7688
33		12.40261		13.03812		11.7671
34		12.24135		12.84275		11.63995
35		12.24498		12.8456		11.64437
36		12.24534		12.84534		11.64534
37		12.24965		12.85032		11.64899
38		12.24889		12.84966		11.64812
39		12.23854		12.83992		11.63715
40		12.23097		12.82912		11.63281
41		12.07383		12.58798		11.55968
42		12.07347		12.58755		11.55939
43		12.07617		12.59937		11.55296
44		12.07544		12.59983		11.55106
45		12.0727		12.59494		11.55046
46		12.07074		12.59205		11.54943
47		11.91024		12.26847		11.55201
48		11.90883		12.26713		11.55053
49		11.90942		12.26896		11.54987
50		11.90937		12.26942		11.54933
51		11.90778		12.26744		11.54811
52		11.90827		12.26522		11.55132
53		11.90703		12.26343		11.55064
54		11.90755		12.26464		11.55046
55		11.90701		12.26435		11.54967
56		11.90631		12.26378		11.54884
57		11.90554		12.26303		11.54804
58		11.90486		12.26237		11.54735
59		11.90462		12.26228		11.54695
60		11.90433		12.26205		11.54661
61		11.91145		12.2761		11.5468
62		11.89188		12.2394		11.54436
63		11.89239		12.23917		11.54561
64		11.89334		12.23979		11.54688
65		11.89343		12.23903		11.54784
66		11.89322		12.23884		11.54761
67		11.88963		12.23167		11.54758
68		11.88935		12.2316		11.54709
69		11.88728		12.22809		11.54647
70		11.88698		12.22788		11.54607
71		11.88423		12.22414		11.54433
72		11.72401		12.14578		11.30224
73		11.71821		12.13553		11.30088
74		11.72506		12.14976		11.30036
75		11.71624		12.13189		11.3006
76		11.714		12.12655		11.30145
77		11.71393		12.12632		11.30154
78		11.71076		12.12479		11.29672
79		11.71081		12.12472		11.29689
80		11.71085		12.12466		11.29704
81		11.71004		12.12341		11.29667
82		11.55068		11.97361		11.12775
83		11.55218		11.97423		11.13013
84		11.55807		11.98807		11.12806
85		11.55047		11.97079		11.13016
86		11.54763		11.96472		11.13053
87		11.54796		11.96514		11.13077
88		11.54797		11.9649		11.13104
89		11.54795		11.96489		11.13101
90		11.54797		11.9649		11.13103
91		11.54774		11.96466		11.13082
92		11.54916		11.96204		11.13628
93		11.54738		11.95758		11.13719
94		11.54675		11.95731		11.1362
95		11.55188		11.96927		11.13449
96		11.54867		11.9625		11.13485
97		11.54867		11.96235		11.13499
98		11.54882		11.9626		11.13504
99		11.54926		11.96338		11.13515
100		11.54921		11.96325		11.13517
101		11.54856		11.96297		11.13415
102		11.54866		11.96285		11.13447
103		11.54669		11.95753		11.13585
104		11.54658		11.9573		11.13586
105		11.54631		11.95715		11.13547
106		11.54641		11.95741		11.1354
107		11.54644		11.95725		11.13562
108		11.54583		11.95601		11.13566
109		11.54414		11.95191		11.13638
110		11.54272		11.94859		11.13686
111		11.54267		11.9485		11.13684
112		11.5424		11.94852		11.13628
113		11.54017		11.94379		11.13654
114		11.37926		11.72079		11.03774
115		11.37982		11.71927		11.04038
116		11.37976		11.71924		11.04029
117		11.37988		11.71787		11.0419
118		11.38046		11.71899		11.04192
119		11.38226		11.7199		11.04462
120		11.38211		11.71967		11.04456
121		11.38194		11.71958		11.0443
122		11.38228		11.71961		11.04495
123		11.38255		11.71974		11.04536
124		11.38194		11.71943		11.04445
125		11.38189		11.71928		11.0445
126		11.38206		11.71925		11.04486
127		11.38172		11.71794		11.04549
128		11.38158		11.71788		11.04528
129		11.38072		11.71512		11.04633
130		11.22234		11.23701		11.20767
131		11.22243		11.237		11.20785
132		11.2239		11.23886		11.20894
133		11.22337		11.23913		11.20761
134		11.22263		11.23773		11.20752
135		11.22441		11.24231		11.2065
136		11.22257		11.23694		11.2082
137		11.22221		11.23562		11.2088
138		11.22151		11.23497		11.20805
139		11.22101		11.23463		11.20738
140		11.22183		11.23571		11.20795
141		11.22213		11.24014		11.20412
142		11.22087		11.23659		11.20515
143		11.22115		11.23749		11.20482
144		11.22041		11.23581		11.205
145		11.22252		11.24137		11.20366
146		11.22099		11.23806		11.20391
147		11.22093		11.23808		11.20379
148		11.2209		11.23798		11.20381
149		11.2205		11.23722		11.20377
150		11.21929		11.23456		11.20402
151		11.22143		11.24062		11.20224
152		11.22058		11.23853		11.20263
153		11.22034		11.23823		11.20245
154		11.22032		11.23826		11.20238
155		11.21943		11.23581		11.20305
156		11.21841		11.2333		11.20352
157		11.21847		11.23333		11.2036
158		11.21961		11.23436		11.20486
159		11.21963		11.23434		11.20493
160		11.21887		11.23235		11.2054
161		11.2191		11.23245		11.20575
162		11.21829		11.23069		11.2059
163		11.2174		11.22895		11.20585
164		11.21905		11.23325		11.20485
165		11.2184		11.2317		11.2051
166		11.21748		11.22989		11.20507
167		11.21767		11.22997		11.20538
168		11.21773		11.23006		11.2054
169		11.21759		11.22998		11.20521
170		11.21799		11.23086		11.20512
171		11.2188		11.23182		11.20578
172		11.21875		11.23178		11.20573
173		11.21743		11.23119		11.20366
174		11.21726		11.23084		11.20367
175		11.21677		11.22949		11.20405
176		11.21615		11.22806		11.20424
177		11.21596		11.22779		11.20413
178		11.2158		11.22757		11.20403
179		11.21569		11.22728		11.2041
180		11.21528		11.22615		11.20441
181		11.21551		11.22669		11.20432
182		11.21549		11.22656		11.20441
183		11.21546		11.2265		11.20442
184		11.21433		11.22541		11.20326
185		11.21539		11.22684		11.20393
186		11.21542		11.22686		11.20399
187		11.21455		11.22591		11.20319
188		11.21422		11.22544		11.203
189		11.21441		11.22621		11.20261
190		11.21436		11.22593		11.20279
191		11.2156		11.22933		11.20186
192		11.21503		11.22803		11.20202
193		11.21478		11.22766		11.2019
194		11.21332		11.22551		11.20113
195		11.21336		11.22544		11.20128
196		11.21318		11.22513		11.20124
197		11.2131		11.22493		11.20128
198		11.21337		11.22467		11.20208
199		11.21288		11.22349		11.20226
200		11.21275		11.22328		11.20223
201		11.21293		11.22342		11.20245
202		11.21185		11.22165		11.20204
203		11.21224		11.22278		11.20171
204		11.21217		11.22276		11.20158
205		11.21223		11.2227		11.20176
206		11.21279		11.22317		11.20241
207		11.21273		11.22312		11.20233
208		11.21256		11.22285		11.20227
209		11.21241		11.22261		11.20221
210		11.21231		11.2224		11.20223
211		11.21193		11.22139		11.20246
212		11.21179		11.22058		11.20301
213		11.21116		11.21993		11.20239
214		11.21069		11.21912		11.20225
215		11.21004		11.21851		11.20158
216		11.20987		11.21835		11.20139
217		11.21088		11.22117		11.20059
218		11.21047		11.22042		11.20052
219		11.21049		11.22042		11.20055
220		11.21009		11.21948		11.2007
221		11.20996		11.21936		11.20057
222		11.2102		11.22012		11.20029
223		11.21011		11.22005		11.20017
224		11.20987		11.21925		11.20049
225		11.20992		11.21853		11.20132
226		11.20948		11.21834		11.20062
227		11.20936		11.21818		11.20055
228		11.20904		11.21746		11.20061
229		11.20908		11.21847		11.19969
230		11.20961		11.21898		11.20025
231		11.2096		11.21884		11.20035
232		11.20921		11.21809		11.20032
233		11.20922		11.21797		11.20048
234		11.20917		11.21782		11.20052
235		11.20894		11.21724		11.20064
236		11.20877		11.21699		11.20054
237		11.20915		11.21725		11.20106
238		11.20894		11.21676		11.20112
239		11.20882		11.21656		11.20109
240		11.20961		11.218		11.20123
241		11.20958		11.218		11.20116
242		11.20948		11.21773		11.20123
243		11.20929		11.21726		11.20132
244		11.20919		11.21704		11.20135
245		11.20909		11.21684		11.20134
246		11.20905		11.2164		11.20169
247		11.20957		11.21683		11.20231
248		11.20955		11.21655		11.20255
249		11.20941		11.21618		11.20264
250		11.20927		11.21585		11.20268
