step	mediator-random_inst_loss_mean	mediator-random_inst_loss_std_up	mediator-random_inst_loss_std_down
1		75.81189		156.09999		-4.4762
2		18.30678		101.17341		-64.55985
3		26.08847		112.15366		-59.97671
4		3.59791		72.94494		-65.74911
5		0.37819		89.89596		-89.13958
6		7.21627		94.83672		-80.40417
7		17.82335		116.65725		-81.01055
8		25.5796		123.00637		-71.84717
9		20.10772		113.03273		-72.8173
10		14.34784		100.85597		-72.16029
11		25.33026		122.22151		-71.561
12		33.48161		129.63256		-62.66934
13		28.42562		105.24611		-48.39487
14		23.10352		75.36018		-29.15314
15		34.54677		97.14242		-28.04888
16		43.1832		101.47924		-15.11283
17		21.59237		61.20504		-18.0203
18		19.31972		50.55189		-11.91246
19		27.15473		64.1899		-9.88045
20		38.81119		73.59675		4.02564
21		30.62662		87.57831		-26.32508
22		11.784		71.69015		-48.12216
23		5.58603		41.33153		-30.15947
24		16.1073		56.80051		-24.58591
25		6.72778		55.38411		-41.92855
26		3.67278		56.93929		-49.59372
27		10.68427		63.8766		-42.50806
28		4.42842		30.67123		-21.8144
29		-2.15669		43.15349		-47.46687
30		-9.08838		50.25318		-68.42995
31		0.66055		64.17974		-62.85863
32		7.5135		73.29398		-58.26697
33		1.09077		75.25058		-73.06905
34		-5.67001		65.2206		-76.56061
35		4.25885		81.86204		-73.34435
36		11.30118		89.98691		-67.38455
37		5.0778		58.72938		-48.57379
38		15.57232		75.57587		-44.43123
39		6.16464		71.71039		-59.38111
40		20.12546		91.94872		-51.6978
41		24.59379		97.35557		-48.16799
42		39.52456		118.94483		-39.89571
43		45.01389		125.77271		-35.74493
44		26.9285		90.05506		-36.19807
45		21.52761		58.90403		-15.84882
46		32.88791		78.02562		-12.2498
47		41.43704		83.13349		-0.25942
48		36.79975		68.79484		4.80466
49		14.87294		79.22695		-49.48106
50		29.29209		94.70611		-36.12192
51		17.19742		83.34982		-48.95499
52		35.148		104.78211		-34.48611
53		36.99789		110.29696		-36.30117
54		55.99061		133.14751		-21.1663
55		58.93748		140.15528		-22.28032
56		44.994		97.60956		-7.62156
57		37.13483		72.44407		1.8256
58		35.68021		66.74468		4.61574
59		27.33084		61.4826		-6.82092
60		25.36021		37.56764		13.15279
61		33.51314		50.14535		16.88093
62		28.45881		69.25526		-12.33763
63		6.09301		44.06036		-31.87435
64		20.05005		64.04338		-23.94328
65		24.51441		66.77664		-17.74782
66		39.44101		87.95777		-9.07576
67		44.92594		91.94909		-2.09721
68		43.88137		76.89722		10.86553
69		53.0091		85.30056		20.71764
70		48.98087		74.49712		23.46462
71		27.69518		61.25534		-5.86499
72		25.74373		92.59636		-41.10891
73		33.91684		98.22029		-30.38661
74		28.88376		95.17221		-37.4047
75		23.58577		95.95683		-48.78529
76		18.00895		83.45689		-47.439
77		29.18406		97.33733		-38.96921
78		37.53824		109.9927		-34.91622
79		49.74121		125.27078		-25.78835
80		59.17735		139.39775		-21.04305
81		72.51922		156.22439		-11.18595
82		66.10875		171.84803		-39.63052
83		49.13361		138.04239		-39.77516
84		44.90141		149.22364		-59.42082
85		57.49192		159.37556		-44.39172
86		67.33599		182.50959		-47.83761
87		81.10726		194.41337		-32.19885
88		92.19425		219.39168		-35.00319
89		90.22839		228.54884		-48.09205
90		88.15907		213.59606		-37.27791
91		68.93539		194.72256		-56.85179
92		35.06357		144.77126		-74.64412
93		33.49993		132.93252		-65.93266
94		42.08126		146.8371		-62.67457
95		54.52334		164.68603		-55.63936
96		64.21117		180.2627		-51.84036
97		43.72707		150.94878		-63.49465
98		42.6194		144.87978		-59.64097
99		51.68071		157.79152		-54.4301
100		47.58257		134.25998		-39.09484
101		60.31418		155.59616		-34.96779
102		70.3068		166.54642		-25.93283
103		67.18897		160.92299		-26.54504
104		63.90705		159.0797		-31.2656
105		43.40695		122.16248		-35.34859
106		25.23698		121.65689		-71.18293
107		19.74706		127.98667		-88.49255
108		13.96819		97.55869		-69.62231
109		7.88518		69.21379		-53.44343
110		1.48201		40.11199		-37.14798
111		11.78728		57.18945		-33.61489
112		19.22585		62.24967		-23.79798
113		30.46501		80.49646		-19.56645
114		21.84115		73.78605		-30.10374
115		19.5816		86.39999		-47.23679
116		27.43039		91.47087		-36.61009
117		5.01046		41.41697		-31.39605
118		1.86508		18.54674		-14.81659
119		-8.26404		26.25152		-42.77959
120		-12.10808		38.19348		-62.40963
121		-5.92716		45.19441		-57.04873
122		3.98816		59.59636		-51.62005
123		11.01624		67.72431		-45.69183
124		21.82332		83.31449		-39.66786
125		29.79009		92.69136		-33.11118
126		24.53981		79.24168		-30.16206
127		36.05865		94.37984		-22.26254
128		44.77466		105.39508		-15.84577
129		40.31304		87.39207		-6.766
130		52.66205		105.22254		0.10155
131		45.20646		94.0982		-3.68528
132		61.22211		117.43808		5.00615
133		67.85342		122.26558		13.44126
134		50.97011		110.34702		-8.4068
135		46.83456		101.772		-8.10287
136		59.52681		123.23369		-4.18006
137		69.47799		130.64472		8.31125
138		66.31654		109.96226		22.67082
139		62.9887		92.53836		33.43904
140		59.48572		108.99622		9.97521
141		72.84382		118.04167		27.64596
142		49.40497		78.35406		20.45589
143		34.95978		98.71268		-28.79312
144		26.5725		105.52851		-52.38352
145		24.56196		97.8439		-48.71999
146		32.67287		108.30343		-42.95769
147		44.61977		125.71733		-36.47779
148		53.78636		137.64458		-30.07186
149		32.75359		143.78883		-78.28166
150		31.06837		155.09131		-92.95458
151		39.52173		171.77677		-92.73331
152		34.78364		174.26565		-104.69837
153		29.79617		154.35757		-94.76523
154		24.54621		144.28795		-95.19553
155		19.01994		151.17999		-113.14012
156		30.24826		168.76235		-108.26584
157		38.65845		185.05204		-107.73514
158		50.92038		204.41772		-102.57696
159		43.37313		195.32531		-108.57905
160		59.29229		221.01343		-102.42886
161		65.82203		234.27655		-102.6325
162		48.8318		192.26235		-94.59876
163		44.58371		170.7338		-81.56638
164		57.15749		190.13958		-75.8246
165		66.98396		206.75947		-72.79154
166		80.73671		228.06201		-66.5886
167		91.80419		246.67843		-63.07005
168		72.77235		217.87627		-72.33157
169		73.19339		204.00253		-57.61575
170		66.8184		182.47052		-48.83373
171		83.97152		210.1808		-42.23776
172		91.80016		220.1764		-36.57607
173		93.22266		216.29094		-29.84562
174		87.90184		205.23451		-29.43083
175		72.07371		171.08974		-26.94232
176		52.00343		136.47996		-32.4731
177		51.33136		127.36801		-24.70529
178		43.80574		114.71731		-27.10584
179		42.70221		93.8799		-8.47548
180		34.72242		67.77882		1.66603
181		50.18628		91.66114		8.71143
182		56.23676		93.21451		19.25901
183		38.74204		80.63315		-3.14907
184		51.00837		87.29913		14.71761
185		26.42029		41.4802		11.36039
186		27.81084		55.53431		0.08737
187		32.68365		56.01898		9.34833
188		13.9493		50.0687		-22.1701
189		24.91075		55.34483		-5.52334
190		15.99457		37.23189		-5.24275
191		13.42729		55.21509		-28.36051
192		20.95218		63.06659		-21.16224
193		32.28219		78.44816		-13.88378
194		40.79944		87.52283		-5.92395
195		36.1286		98.58511		-26.32792
196		31.21192		77.28567		-14.86183
197		43.08192		99.72045		-13.5566
198		35.12211		111.26794		-41.02372
199		33.56156		106.33865		-39.21554
200		25.10067		115.39034		-65.18899
201		23.01267		108.38338		-62.35803
202		31.04206		123.41319		-61.32907
203		42.9031		137.61102		-51.80481
204		34.93386		138.97466		-69.10693
205		16.31801		119.37669		-86.74067
206		10.35864		104.5586		-83.84132
207		4.08569		108.87009		-100.69871
208		-2.51751		120.48044		-125.51545
209		7.57717		135.63728		-120.48295
210		-2.25144		111.8238		-116.32669
211		-5.77897		100.93527		-112.49321
212		0.73521		112.21956		-110.74915
213		-23.08903		77.4102		-123.58825
214		-27.71346		64.5501		-119.97702
215		-39.39882		48.79968		-127.59731
216		-44.88176		20.49221		-110.25573
217		-57.47032		-13.15356		-101.78708
218		-46.85712		3.76389		-97.47813
219		-45.91472		3.38336		-95.2128
220		-34.69217		21.17485		-90.55918
221		-33.10988		21.7102		-87.92996
222		-21.21138		40.47083		-82.89359
223		-18.92024		42.0213		-79.86179
224		-6.27143		61.85734		-74.4002
225		-3.19513		64.53294		-70.9232
226		-6.77596		59.01785		-72.56976
227		-0.32381		65.72654		-66.37415
228		9.90498		82.628		-62.81804
229		0.22344		77.4883		-77.04142
230		13.91439		98.14158		-70.31279
231		18.04173		103.81387		-67.7304
232		15.56367		108.88169		-77.75436
233		23.1522		117.95491		-71.65051
234		17.48836		86.7156		-51.73888
235		-5.1592		59.92723		-70.24564
236		8.42791		76.32252		-59.46671
237		12.20745		84.24138		-59.82648
238		9.34465		92.5702		-73.88089
239		16.40147		102.47541		-69.67246
240		10.1134		75.97192		-55.74513
241		4.26583		62.41112		-53.87946
242		-2.90459		57.36671		-63.17589
243		6.03148		70.14484		-58.08188
244		-5.37615		50.0357		-60.788
245		-8.41126		58.9977		-75.82022
246		-0.30701		63.99266		-64.60669
247		-4.86666		44.71328		-54.4466
248		-14.934		-5.02092		-24.84708
249		-11.4		2.56209		-25.36209
250		0.0		0.0		0.0
