step	mediator-random_cum_inst_loss_mean	mediator-random_cum_inst_loss_std_up	mediator-random_cum_inst_loss_std_down
1		108.89769		167.6612		50.13418
2		162.03162		289.53559		34.52764
3		190.68934		358.93456		22.44413
4		237.90082		449.3393		26.46235
5		287.59712		544.67116		30.52308
6		356.95446		662.16913		51.7398
7		429.9622		785.9191		74.00529
8		489.76699		890.55521		88.97876
9		559.53758		1011.63613		107.43902
10		643.20758		1150.65961		135.75554
11		738.09944		1305.73164		170.46725
12		814.12198		1423.84794		204.39603
13		890.73662		1559.40336		222.06987
14		961.15633		1706.43514		215.87752
15		1048.9187		1877.60764		220.22977
16		1144.70924		2059.14447		230.27401
17		1225.08684		2242.35855		207.81514
18		1302.87666		2416.78513		188.96819
19		1394.98795		2619.13316		170.84275
20		1498.76539		2834.42813		163.10265
21		1584.14116		3011.26623		157.01609
22		1670.6013		3167.11857		174.08403
23		1734.33925		3282.40963		186.26886
24		1801.43182		3425.83043		177.03322
25		1875.46468		3577.82658		173.10278
26		1915.894		3675.86412		155.92389
27		1955.04209		3749.97473		160.10945
28		2003.06879		3842.04631		164.09127
29		2046.80503		3928.57879		165.03127
30		2068.97953		3978.39722		159.56185
31		2071.86658		3986.17017		157.56298
32		2068.08738		3965.67693		170.49784
33		2074.33656		3956.3547		192.31843
34		2087.73282		3955.67645		219.7892
35		2112.06143		3967.27338		256.84947
36		2127.44321		3967.16742		287.719
37		2123.18001		3979.0448		267.31523
38		2128.91971		3999.07122		258.7682
39		2141.77968		4036.55143		247.00793
40		2165.54376		4084.20709		246.88044
41		2197.37677		4151.07093		243.68261
42		2224.06701		4207.59238		240.54165
43		2228.29837		4237.88675		218.71
44		2229.34334		4254.87538		203.8113
45		2220.21604		4260.87729		179.55479
46		2207.19926		4263.06416		151.33436
47		2183.27012		4261.58491		104.95532
48		2154.67245		4245.69131		63.65359
49		2131.38783		4242.08521		20.69044
50		2117.10497		4243.85468		-9.64474
51		2108.88857		4259.22382		-41.44669
52		2110.46699		4280.87038		-59.9364
53		2101.90122		4282.25797		-78.45553
54		2089.47553		4261.77222		-82.82116
55		2083.21403		4255.73458		-89.30652
56		2069.8048		4269.67241		-130.06281
57		2048.87164		4264.46293		-166.71965
58		2020.01856		4261.98882		-221.95171
59		1999.87416		4267.49812		-267.74981
60		1968.44226		4265.15229		-328.26778
61		1948.99241		4275.19518		-377.21036
62		1914.88252		4258.60191		-428.83688
63		1896.02283		4259.60534		-467.55968
64		1876.17052		4262.20051		-509.85947
65		1855.27335		4244.82342		-534.27671
66		1819.63998		4196.07608		-556.79613
67		1782.13115		4141.65588		-577.39357
68		1746.05728		4089.04112		-596.92657
69		1704.67568		4039.84359		-630.49223
70		1667.93429		3995.14148		-659.27289
71		1622.44096		3970.34675		-725.46483
72		1584.78052		3948.58429		-779.02326
73		1551.95613		3940.59299		-836.68073
74		1527.63141		3936.56221		-881.29939
75		1491.79917		3906.23819		-922.63985
76		1433.62648		3852.06253		-984.80956
77		1382.61934		3808.67937		-1043.44068
78		1335.7458		3768.26964		-1096.77804
79		1279.58705		3709.03645		-1149.86236
80		1213.65439		3626.89775		-1199.58897
81		1137.43341		3559.49074		-1284.62392
82		1067.42807		3491.89405		-1357.03791
83		1000.55642		3435.12422		-1434.01138
84		940.39249		3378.89284		-1498.10787
85		883.88021		3334.06566		-1566.30524
86		834.62087		3290.60136		-1621.35961
87		789.58712		3259.19161		-1680.01736
88		752.41045		3230.07789		-1725.25699
89		703.04984		3174.29582		-1768.19615
90		664.72766		3128.08756		-1798.63224
91		627.79762		3086.42061		-1830.82538
92		585.5148		3061.37217		-1890.34257
93		547.82475		3041.2734		-1945.62391
94		501.33283		3008.29968		-2005.63402
95		462.62124		2984.00843		-2058.76595
96		428.69038		2966.77015		-2109.38939
97		403.20096		2959.3256		-2152.92369
98		383.18817		2959.85122		-2193.47488
99		355.3039		2943.49197		-2232.88418
100		336.1793		2940.63052		-2268.27192
101		305.82088		2913.2777		-2301.63595
102		253.41009		2839.08203		-2332.26185
103		208.46812		2773.01194		-2356.0757
104		167.97896		2710.13662		-2374.1787
105		135.58607		2656.05034		-2384.8782
106		91.26102		2603.20065		-2420.67862
107		41.19397		2527.6419		-2445.25396
108		-4.69		2460.37161		-2469.75161
109		-42.76164		2395.02067		-2480.54395
110		-76.01887		2338.73503		-2490.77277
111		-100.79921		2284.92604		-2486.52446
112		-137.11105		2208.79426		-2483.01636
113		-178.74313		2150.97319		-2508.45945
114		-215.74819		2095.50121		-2526.99759
115		-244.47361		2051.96271		-2540.90994
116		-267.89272		2012.04068		-2547.82612
117		-299.36259		1978.81896		-2577.54413
118		-339.30695		1918.12549		-2596.73939
119		-371.12638		1872.97635		-2615.2291
120		-414.84778		1837.26906		-2666.96461
121		-447.23395		1816.51288		-2710.98077
122		-477.91556		1797.7149		-2753.54601
123		-513.62108		1768.49553		-2795.73769
124		-544.38766		1747.66724		-2836.44256
125		-566.54626		1738.69118		-2871.7837
126		-583.05292		1739.71211		-2905.81795
127		-607.24653		1718.16007		-2932.65314
128		-639.53168		1677.22034		-2956.28369
129		-663.28877		1647.51508		-2974.09262
130		-681.47805		1627.7426		-2990.69869
131		-707.44284		1594.32429		-3009.20997
132		-741.59238		1557.46815		-3040.65292
133		-784.35745		1509.16542		-3077.88033
134		-836.1915		1451.7729		-3124.15589
135		-880.52638		1400.62385		-3161.6766
136		-920.37649		1356.29258		-3197.04555
137		-986.18761		1311.65017		-3284.02539
138		-1041.82611		1274.84998		-3358.50221
139		-1114.02932		1207.08309		-3435.14173
140		-1172.98724		1153.00769		-3498.98218
141		-1235.04821		1096.32045		-3566.41688
142		-1300.37555		1029.34624		-3630.09734
143		-1365.73208		964.36589		-3695.83004
144		-1420.89206		908.92624		-3750.71036
145		-1475.54611		856.06081		-3807.15303
146		-1519.44032		813.71594		-3852.59658
147		-1562.23566		774.61678		-3899.0881
148		-1593.64703		747.15673		-3934.45079
149		-1623.30253		723.71889		-3970.32395
150		-1640.88249		713.19446		-3994.95945
151		-1655.97862		707.58845		-4019.54569
152		-1675.27837		728.56153		-4079.11827
153		-1688.77572		753.19012		-4130.74155
154		-1709.80163		757.93146		-4177.53473
155		-1721.7069		773.31976		-4216.73356
156		-1727.42058		799.55745		-4254.39861
157		-1723.20771		837.53527		-4283.95068
158		-1729.00038		856.10438		-4314.10513
159		-1721.46156		891.20142		-4334.12454
160		-1710.11687		931.41736		-4351.6511
161		-1684.53873		989.43988		-4358.51734
162		-1671.25074		1042.42521		-4384.92669
163		-1657.26338		1080.61965		-4395.14641
164		-1639.13075		1130.16576		-4408.42726
165		-1606.40741		1194.54343		-4407.35824
166		-1568.55269		1271.78809		-4408.89347
167		-1549.16017		1337.02869		-4435.34902
168		-1535.56517		1381.49794		-4452.62828
169		-1528.07282		1431.29528		-4487.44093
170		-1527.00433		1499.70506		-4553.71372
171		-1532.69778		1542.46661		-4607.86217
172		-1545.50906		1565.80379		-4656.82191
173		-1565.81281		1586.2186		-4717.84422
174		-1594.00336		1584.6627		-4772.66941
175		-1613.45034		1595.9757		-4822.87639
176		-1627.10267		1612.12013		-4866.32547
177		-1665.33718		1569.78968		-4900.46405
178		-1691.94767		1543.85128		-4927.74662
179		-1716.54962		1515.08543		-4948.18467
180		-1745.8555		1496.43819		-4988.1492
181		-1786.93107		1484.57088		-5058.43302
182		-1833.5776		1450.29552		-5117.45072
183		-1875.86103		1423.72906		-5175.45112
184		-1927.18809		1390.03842		-5244.41459
185		-1970.98929		1366.4661		-5308.44468
186		-2010.27764		1347.5228		-5368.07809
187		-2075.49744		1287.7774		-5438.77228
188		-2130.51349		1241.83088		-5502.85786
189		-2185.01603		1195.53339		-5565.56546
190		-2245.79622		1127.07172		-5618.66417
191		-2302.95719		1063.81857		-5669.73294
192		-2352.89935		1006.43642		-5712.23512
193		-2398.65187		955.03965		-5752.34339
194		-2453.6306		896.34118		-5803.60237
195		-2501.27567		847.047		-5849.59834
196		-2544.6102		802.30276		-5891.52315
197		-2579.99822		767.96299		-5927.95942
198		-2627.47604		743.78463		-5998.73672
199		-2680.86179		689.553		-6051.27658
200		-2730.23913		647.87365		-6108.35191
201		-2789.03344		611.26994		-6189.33683
202		-2857.74039		546.31153		-6261.79232
203		-2919.83624		489.70563		-6329.37811
204		-2978.38209		436.23862		-6393.00281
205		-3029.78207		391.87129		-6451.43543
206		-3077.06909		351.32983		-6505.46802
207		-3116.6177		320.73293		-6553.96832
208		-3151.42957		294.74377		-6597.60291
209		-3177.84648		279.65465		-6635.3476
210		-3198.83548		270.06343		-6667.73438
211		-3227.74722		230.9418		-6686.43625
212		-3247.95314		204.46743		-6700.37371
213		-3262.40455		181.05349		-6705.86258
214		-3267.38888		171.28869		-6706.06645
215		-3265.81772		165.80146		-6697.4369
216		-3253.9359		175.12375		-6682.99556
217		-3234.61115		190.13812		-6659.36042
218		-3204.04083		221.30585		-6629.38752
219		-3199.1301		241.65366		-6639.91386
220		-3211.0098		255.27295		-6677.29256
221		-3216.69838		277.14015		-6710.53691
222		-3212.45551		314.25991		-6739.17093
223		-3201.17429		361.15772		-6763.5063
224		-3213.1774		367.64412		-6793.99892
225		-3229.21862		375.08213		-6833.51938
226		-3256.34212		369.68156		-6882.36579
227		-3271.2756		381.49061		-6924.04181
228		-3283.57978		394.72773		-6961.88729
229		-3316.93727		355.46316		-6989.3377
230		-3341.79101		329.25453		-7012.83655
231		-3378.13785		309.14683		-7065.42253
232		-3419.82531		269.86923		-7109.51984
233		-3456.93745		239.68655		-7153.56145
234		-3485.6793		215.74634		-7187.10493
235		-3509.20016		201.97134		-7220.37167
236		-3523.56498		195.45196		-7242.58192
237		-3548.69376		178.78068		-7276.1682
238		-3578.6504		150.54126		-7307.84207
239		-3620.03122		110.4945		-7350.55693
240		-3649.28734		80.48861		-7379.06328
241		-3676.89333		55.44771		-7409.23436
242		-3709.64973		42.85624		-7462.1557
243		-3753.2191		36.03004		-7542.46824
244		-3783.44816		41.5105		-7608.40681
245		-3812.51606		52.37465		-7677.40677
246		-3826.01995		77.69949		-7729.7394
247		-3849.32155		88.41615		-7787.05926
248		-3849.32155		124.62967		-7823.27278
249		-3849.32155		163.18558		-7861.82869
250		-3849.32155		163.18558		-7861.82869
