step	mediator-random_reward_mean	mediator-random_reward_std_up	mediator-random_reward_std_down
1		0.0		0.0		0.0
2		40.0		60.0		20.0
3		70.0		110.0		30.0
4		160.0		218.30952		101.69048
5		220.0		260.0		180.0
6		310.0		368.30952		251.69048
7		370.0		410.0		330.0
8		430.0		497.8233		362.1767
9		490.0		510.0		470.0
10		580.0		647.8233		512.1767
11		640.0		660.0		620.0
12		730.0		797.8233		662.1767
13		760.0		818.30952		701.69048
14		850.0		964.01754		735.98246
15		910.0		968.30952		851.69048
16		970.0		1086.61904		853.38096
17		1060.0		1118.30952		1001.69048
18		1120.0		1236.61904		1003.38096
19		1150.0		1264.01754		1035.98246
20		1210.0		1356.28739		1063.71261
21		1300.0		1414.01754		1185.98246
22		1330.0		1446.61904		1213.38096
23		1450.0		1564.01754		1335.98246
24		1480.0		1596.61904		1363.38096
25		1600.0		1714.01754		1485.98246
26		1630.0		1746.61904		1513.38096
27		1720.0		1822.9563		1617.0437
28		1780.0		1896.61904		1663.38096
29		1870.0		1972.9563		1767.0437
30		1930.0		2046.61904		1813.38096
31		1990.0		2086.9536		1893.0464
32		2020.0		2136.61904		1903.38096
33		2110.0		2168.30952		2051.69048
34		2170.0		2286.61904		2053.38096
35		2260.0		2318.30952		2201.69048
36		2290.0		2386.9536		2193.0464
37		2410.0		2468.30952		2351.69048
38		2440.0		2536.9536		2343.0464
39		2530.0		2646.61904		2413.38096
40		2590.0		2686.9536		2493.0464
41		2620.0		2722.9563		2517.0437
42		2710.0		2821.35529		2598.64471
43		2770.0		2872.9563		2667.0437
44		2830.0		2980.33296		2679.66704
45		2860.0		2971.35529		2748.64471
46		2980.0		3130.33296		2829.66704
47		3010.0		3121.35529		2898.64471
48		3100.0		3214.01754		2985.98246
49		3160.0		3271.35529		3048.64471
50		3220.0		3336.61904		3103.38096
51		3310.0		3421.35529		3198.64471
52		3340.0		3436.9536		3243.0464
53		3460.0		3571.35529		3348.64471
54		3490.0		3586.9536		3393.0464
55		3610.0		3721.35529		3498.64471
56		3640.0		3736.9536		3543.0464
57		3730.0		3858.84099		3601.15901
58		3790.0		3886.9536		3693.0464
59		3850.0		3976.49111		3723.50889
60		3910.0		4021.35529		3798.64471
61		4000.0		4126.49111		3873.50889
62		4060.0		4171.35529		3948.64471
63		4150.0		4276.49111		4023.50889
64		4210.0		4321.35529		4098.64471
65		4270.0		4420.33296		4119.66704
66		4330.0		4458.84099		4201.15901
67		4390.0		4564.35596		4215.64404
68		4420.0		4580.0		4260.0
69		4510.0		4634.09674		4385.90326
70		4510.0		4634.09674		4385.90326
71		4660.0		4784.09674		4535.90326
72		4660.0		4784.09674		4535.90326
73		4810.0		4934.09674		4685.90326
74		4810.0		4934.09674		4685.90326
75		4900.0		5026.49111		4773.50889
76		4960.0		5084.09674		4835.90326
77		5050.0		5176.49111		4923.50889
78		5080.0		5167.17798		4992.82202
79		5170.0		5330.0		5010.0
80		5230.0		5317.17798		5142.82202
81		5320.0		5480.0		5160.0
82		5380.0		5467.17798		5292.82202
83		5470.0		5630.0		5310.0
84		5500.0		5637.84049		5362.15951
85		5590.0		5795.9126		5384.0874
86		5650.0		5787.84049		5512.15951
87		5740.0		5945.9126		5534.0874
88		5800.0		5937.84049		5662.15951
89		5890.0		6095.9126		5684.0874
90		5950.0		6087.84049		5812.15951
91		6040.0		6245.9126		5834.0874
92		6100.0		6237.84049		5962.15951
93		6190.0		6395.9126		5984.0874
94		6250.0		6387.84049		6112.15951
95		6340.0		6545.9126		6134.0874
96		6400.0		6537.84049		6262.15951
97		6460.0		6650.78784		6269.21216
98		6550.0		6687.84049		6412.15951
99		6580.0		6749.11535		6410.88465
100		6670.0		6863.90719		6476.09281
101		6670.0		6863.90719		6476.09281
102		6820.0		7013.90719		6626.09281
103		6820.0		7013.90719		6626.09281
104		6970.0		7163.90719		6776.09281
105		6970.0		7163.90719		6776.09281
106		7090.0		7341.79357		6838.20643
107		7090.0		7341.79357		6838.20643
108		7240.0		7491.79357		6988.20643
109		7240.0		7491.79357		6988.20643
110		7390.0		7641.79357		7138.20643
111		7390.0		7641.79357		7138.20643
112		7420.0		7696.76705		7143.23295
113		7540.0		7791.79357		7288.20643
114		7540.0		7791.79357		7288.20643
115		7660.0		7917.68197		7402.31803
116		7690.0		7941.79357		7438.20643
117		7810.0		8067.68197		7552.31803
118		7810.0		8067.68197		7552.31803
119		7930.0		8242.40999		7617.59001
120		7960.0		8217.68197		7702.31803
121		8080.0		8392.40999		7767.59001
122		8110.0		8367.68197		7852.31803
123		8200.0		8496.64794		7903.35206
124		8260.0		8517.68197		8002.31803
125		8350.0		8646.64794		8053.35206
126		8380.0		8622.07437		8137.92563
127		8500.0		8796.64794		8203.35206
128		8530.0		8772.07437		8287.92563
129		8620.0		8927.57113		8312.42887
130		8620.0		8927.57113		8312.42887
131		8770.0		9077.57113		8462.42887
132		8770.0		9077.57113		8462.42887
133		8920.0		9227.57113		8612.42887
134		8920.0		9227.57113		8612.42887
135		9010.0		9348.23069		8671.76931
136		9070.0		9377.57113		8762.42887
137		9160.0		9498.23069		8821.76931
138		9220.0		9527.57113		8912.42887
139		9280.0		9592.40999		8967.59001
140		9370.0		9677.57113		9062.42887
141		9430.0		9742.40999		9117.59001
142		9490.0		9775.30685		9204.69315
143		9550.0		9846.64794		9253.35206
144		9610.0		9884.5906		9335.4094
145		9670.0		9946.76705		9393.23295
146		9760.0		10034.5906		9485.4094
147		9820.0		10096.76705		9543.23295
148		9880.0		10122.07437		9637.92563
149		9970.0		10246.76705		9693.23295
150		10000.0		10296.64794		9703.35206
151		10090.0		10423.76639		9756.23361
152		10120.0		10396.76705		9843.23295
153		10240.0		10573.76639		9906.23361
154		10270.0		10546.76705		9993.23295
155		10360.0		10670.48349		10049.51651
156		10420.0		10696.76705		10143.23295
157		10480.0		10777.65752		10182.34248
158		10540.0		10809.07248		10270.92752
159		10630.0		10927.65752		10332.34248
160		10690.0		10959.07248		10420.92752
161		10780.0		11077.65752		10482.34248
162		10840.0		11109.07248		10570.92752
163		10930.0		11227.65752		10632.34248
164		10990.0		11259.07248		10720.92752
165		11080.0		11377.65752		10782.34248
166		11140.0		11409.07248		10870.92752
167		11170.0		11446.76705		10893.23295
168		11290.0		11559.07248		11020.92752
169		11320.0		11596.76705		11043.23295
170		11440.0		11709.07248		11170.92752
171		11470.0		11746.76705		11193.23295
172		11530.0		11827.65752		11232.34248
173		11590.0		11859.07248		11320.92752
174		11620.0		11912.57478		11327.42522
175		11680.0		11922.07437		11437.92563
176		11740.0		12009.07248		11470.92752
177		11800.0		12021.35944		11578.64056
178		11890.0		12159.07248		11620.92752
179		11920.0		12196.76705		11643.23295
180		12010.0		12334.65366		11685.34634
181		12070.0		12346.76705		11793.23295
182		12160.0		12484.65366		11835.34634
183		12220.0		12496.76705		11943.23295
184		12280.0		12606.49655		11953.50345
185		12340.0		12673.76639		12006.23361
186		12430.0		12756.49655		12103.50345
187		12490.0		12823.76639		12156.23361
188		12550.0		12930.78866		12169.21134
189		12640.0		12973.76639		12306.23361
190		12700.0		13080.78866		12319.21134
191		12760.0		13151.66312		12368.33688
192		12820.0		13256.5776		12383.4224
193		12910.0		13301.66312		12518.33688
194		12940.0		13361.18879		12518.81121
195		13060.0		13451.66312		12668.33688
196		13090.0		13511.18879		12668.81121
197		13210.0		13601.66312		12818.33688
198		13240.0		13661.18879		12818.81121
199		13330.0		13711.57568		12948.42432
200		13390.0		13811.18879		12968.81121
201		13480.0		13861.57568		13098.42432
202		13540.0		13961.18879		13118.81121
203		13600.0		13980.78866		13219.21134
204		13660.0		14084.73521		13235.26479
205		13750.0		14130.78866		13369.21134
206		13810.0		14234.73521		13385.26479
207		13900.0		14280.78866		13519.21134
208		13960.0		14384.73521		13535.26479
209		14050.0		14430.78866		13669.21134
210		14110.0		14534.73521		13685.26479
211		14200.0		14580.78866		13819.21134
212		14260.0		14684.73521		13835.26479
213		14350.0		14730.78866		13969.21134
214		14380.0		14773.19207		13986.80793
215		14410.0		14748.23069		14071.76931
216		14470.0		14859.35845		14080.64155
217		14530.0		14882.98725		14177.01275
218		14620.0		15009.35845		14230.64155
219		14650.0		14989.1165		14310.8835
220		14710.0		15061.28336		14358.71664
221		14800.0		15139.1165		14460.8835
222		14860.0		15211.28336		14508.71664
223		14920.0		15309.35845		14530.64155
224		15010.0		15361.28336		14658.71664
225		15040.0		15399.72211		14680.27789
226		15160.0		15511.28336		14808.71664
227		15190.0		15549.72211		14830.27789
228		15310.0		15661.28336		14958.71664
229		15340.0		15699.72211		14980.27789
230		15400.0		15780.78866		15019.21134
231		15460.0		15811.28336		15108.71664
232		15520.0		15909.35845		15130.64155
233		15610.0		15961.28336		15258.71664
234		15640.0		16023.92708		15256.07292
235		15730.0		16056.49655		15403.50345
236		15760.0		16123.86811		15396.13189
237		15880.0		16206.49655		15553.50345
238		15910.0		16273.86811		15546.13189
239		16000.0		16325.57641		15674.42359
240		16060.0		16423.86811		15696.13189
241		16120.0		16427.57113		15812.42887
242		16210.0		16573.86811		15846.13189
243		16270.0		16577.57113		15962.42887
244		16360.0		16723.86811		15996.13189
245		16360.0		16723.86811		15996.13189
246		16480.0		16845.51334		16114.48666
247		16510.0		16873.86811		16146.13189
248		16630.0		16995.51334		16264.48666
249		16630.0		16995.51334		16264.48666
250		16780.0		17145.51334		16414.48666
