step	mediator-random_inst_loss_mean	mediator-random_inst_loss_std_up	mediator-random_inst_loss_std_down
1		887.08275		1059.80893		714.35658
2		785.98185		925.47895		646.48475
3		826.57306		960.49928		692.64683
4		862.69791		1000.97218		724.42363
5		898.87932		1044.43118		753.32745
6		936.96501		1090.1775		783.75252
7		977.05521		1138.33152		815.77891
8		1019.25543		1189.01996		849.49089
9		1092.12419		1251.77272		932.47566
10		1142.22542		1309.6642		974.78664
11		1221.56629		1348.23381		1094.89877
12		1278.48026		1408.8157		1148.14482
13		1336.54495		1473.74015		1199.34975
14		1397.66567		1542.08167		1253.24967
15		1462.00328		1614.02012		1309.98644
16		1498.17457		1634.64923		1361.6999
17		1506.54184		1606.15214		1406.93154
18		1548.74676		1635.52043		1461.97309
19		1578.22322		1618.0778		1538.36864
20		1594.49308		1634.34713		1554.63902
21		1578.22198		1618.07659		1538.36738
22		1594.49178		1634.34581		1554.63775
23		1578.22062		1618.07525		1538.36598
24		1594.49034		1634.34434		1554.63634
25		1578.2191		1618.07377		1538.36443
26		1594.48875		1634.34271		1554.63478
27		1578.21743		1618.07213		1538.36272
28		1594.48698		1634.3409		1554.63306
29		1578.21557		1618.07032		1538.36082
30		1594.48502		1634.3389		1554.63114
31		1578.21351		1618.0683		1538.35871
32		1594.48285		1634.33668		1554.62902
33		1578.21122		1618.06607		1538.35638
34		1594.48045		1634.33423		1554.62668
35		1578.20869		1618.0636		1538.35379
36		1594.47779		1634.33151		1554.62407
37		1578.20589		1618.06086		1538.35093
38		1594.47484		1634.32849		1554.62119
39		1578.20279		1618.05782		1538.34775
40		1594.47157		1634.32515		1554.61799
41		1578.19935		1618.05446		1538.34424
42		1594.46795		1634.32145		1554.61445
43		1578.19554		1618.05073		1538.34034
44		1594.46394		1634.31735		1554.61053
45		1578.19131		1618.0466		1538.33602
46		1594.45949		1634.3128		1554.60618
47		1578.18663		1618.04203		1538.33124
48		1594.45457		1634.30777		1554.60136
49		1578.18145		1618.03696		1538.32594
50		1594.44911		1634.30219		1554.59603
51		1578.1757		1618.03134		1538.32006
52		1594.44306		1634.296		1554.59011
53		1578.16933		1618.02511		1538.31355
54		1594.43636		1634.28915		1554.58356
55		1578.16228		1618.01821		1538.30634
56		1594.42893		1634.28156		1554.5763
57		1578.15446		1618.01057		1538.29835
58		1594.4207		1634.27315		1554.56826
59		1578.1458		1618.0021		1538.2895
60		1594.41159		1634.26383		1554.55934
61		1578.1362		1617.99272		1538.27969
62		1594.40148		1634.2535		1554.54946
63		1578.12557		1617.98232		1538.26882
64		1594.39029		1634.24206		1554.53852
65		1578.11379		1617.9708		1538.25677
66		1594.37789		1634.22938		1554.52639
67		1578.10073		1617.95804		1538.24343
68		1594.36415		1634.21533		1554.51296
69		1578.08627		1617.9439		1538.22864
70		1594.34892		1634.19977		1554.49807
71		1578.07024		1617.92822		1538.21225
72		1594.33205		1634.18252		1554.48157
73		1578.05248		1617.91086		1538.1941
74		1594.31335		1634.16341		1554.46329
75		1578.0328		1617.89162		1538.17398
76		1594.29264		1634.14223		1554.44304
77		1578.01099		1617.8703		1538.15169
78		1594.26968		1634.11877		1554.4206
79		1577.98683		1617.84668		1538.12699
80		1594.24425		1634.09277		1554.39573
81		1577.96006		1617.8205		1538.09963
82		1594.21607		1634.06396		1554.36818
83		1577.9304		1617.7915		1538.0693
84		1594.18485		1634.03204		1554.33765
85		1577.89753		1617.75936		1538.0357
86		1594.15025		1633.99668		1554.30383
87		1577.86112		1617.72376		1537.99847
88		1594.11192		1633.95749		1554.26635
89		1577.82076		1617.6843		1537.95722
90		1594.06944		1633.91407		1554.22482
91		1577.77605		1617.64059		1537.91152
92		1594.02238		1633.86595		1554.1788
93		1577.72651		1617.59215		1537.86087
94		1593.97023		1633.81264		1554.12781
95		1577.67162		1617.53848		1537.80475
96		1593.91244		1633.75357		1554.07131
97		1577.61079		1617.47901		1537.74258
98		1593.84842		1633.68812		1554.00871
99		1577.5434		1617.41311		1537.67368
100		1593.77747		1633.6156		1553.93935
101		1577.46872		1617.3401		1537.59734
102		1593.69887		1633.53524		1553.86249
103		1577.38597		1617.25919		1537.51275
104		1593.61177		1633.4462		1553.77733
105		1577.29429		1617.16955		1537.41903
106		1593.51526		1633.34755		1553.68297
107		1577.1927		1617.07023		1537.31518
108		1593.40832		1633.23823		1553.57842
109		1577.08014		1616.96017		1537.20011
110		1593.28984		1633.11711		1553.46257
111		1576.95542		1616.83822		1537.07261
112		1593.15855		1632.98289		1553.3342
113		1576.81722		1616.7031		1536.93133
114		1593.01308		1632.83418		1553.19197
115		1576.66409		1616.55338		1536.7748
116		1592.85189		1632.66941		1553.03437
117		1576.49442		1616.38749		1536.60135
118		1592.67329		1632.48683		1552.85975
119		1576.30642		1616.20368		1536.40916
120		1592.47539		1632.28453		1552.66626
121		1576.09811		1616.0		1536.19621
122		1592.25612		1632.06037		1552.45187
123		1575.86729		1615.77433		1535.96026
124		1592.01316		1631.812		1552.21431
125		1575.61154		1615.52427		1535.69881
126		1591.74394		1631.53679		1551.95109
127		1575.32816		1615.2472		1535.40912
128		1591.44565		1631.23185		1551.65944
129		1575.01416		1614.94019		1535.08814
130		1591.11512		1630.89397		1551.33628
131		1574.66625		1614.60002		1534.73247
132		1590.7489		1630.51959		1550.9782
133		1574.28074		1614.2231		1534.33838
134		1590.3431		1630.10476		1550.58144
135		1573.85359		1613.80546		1533.90172
136		1589.89347		1629.64512		1550.14182
137		1573.38029		1613.3427		1533.41788
138		1589.39526		1629.13582		1549.6547
139		1572.85586		1612.82994		1532.88178
140		1588.84323		1628.57149		1549.11496
141		1572.27477		1612.26179		1532.28775
142		1588.23156		1627.9462		1548.51691
143		1571.63091		1611.63227		1531.62956
144		1587.55381		1627.25336		1547.85425
145		1570.91749		1610.93473		1530.90025
146		1586.80284		1626.48567		1547.12
147		1570.127		1610.16184		1530.09216
148		1585.97074		1625.63505		1546.30643
149		1569.2511		1609.30544		1529.19676
150		1585.04874		1624.69253		1545.40496
151		1568.28058		1608.35653		1528.20463
152		1584.02714		1623.64818		1544.40611
153		1567.20521		1607.30511		1527.10532
154		1582.89518		1622.49101		1543.29934
155		1566.01367		1606.14009		1525.88725
156		1581.64092		1621.20883		1542.07301
157		1564.6934		1604.84922		1524.53758
158		1580.25116		1619.78813		1540.7142
159		1563.23049		1603.41888		1523.04211
160		1578.71126		1618.21394		1539.20858
161		1561.60955		1601.83403		1521.38507
162		1577.005		1616.46969		1537.54031
163		1559.81349		1600.07795		1519.54902
164		1575.11441		1614.53701		1535.69182
165		1557.82339		1598.13217		1517.51461
166		1573.01958		1612.39553		1533.64362
167		1555.6183		1595.97617		1515.26043
168		1570.69843		1610.0227		1531.37415
169		1553.17498		1593.58725		1512.76271
170		1568.12651		1607.39353		1528.8595
171		1550.46771		1590.94026		1509.99516
172		1565.27675		1604.48031		1526.07319
173		1547.46796		1588.00729		1506.92862
174		1562.11912		1601.25238		1522.98586
175		1544.14413		1584.75747		1503.53079
176		1558.62036		1597.67572		1519.565
177		1540.46123		1581.15657		1499.76588
178		1554.74361		1593.71266		1515.77457
179		1536.38044		1577.16664		1495.59424
180		1550.44805		1589.32146		1511.57464
181		1531.8588		1572.74567		1490.97193
182		1545.68842		1584.45586		1506.92099
183		1526.84867		1567.84709		1485.85025
184		1540.4146		1579.06462		1501.76459
185		1521.29727		1562.4193		1480.17525
186		1534.57103		1573.09094		1496.05112
187		1515.14615		1556.40512		1473.88717
188		1528.09616		1566.47191		1489.72041
189		1508.33049		1549.74122		1466.91977
190		1520.92179		1559.1378		1482.70578
191		1500.77852		1542.35739		1459.19966
192		1512.97234		1551.01136		1474.93333
193		1492.41069		1534.17586		1450.64551
194		1504.1641		1542.007		1466.32119
195		1483.13885		1525.11046		1441.16724
196		1494.40427		1532.02987		1456.77866
197		1472.86534		1515.06569		1430.665
198		1483.59005		1520.97488		1446.20522
199		1461.48196		1503.93575		1419.02816
200		1471.60754		1508.72558		1434.4895
201		1448.86879		1491.60341		1406.13416
202		1458.33052		1495.15295		1421.50809
203		1434.89297		1477.93877		1391.84718
204		1443.61914		1480.11402		1407.12425
205		1419.40731		1462.79789		1376.01673
206		1427.31844		1463.45039		1391.18648
207		1402.24868		1446.02129		1358.47607
208		1409.25672		1444.98654		1373.52691
209		1383.23635		1427.43226		1339.04043
210		1389.24374		1424.52797		1353.95951
211		1362.17005		1406.835		1317.5051
212		1367.06869		1401.8592		1332.27818
213		1338.82789		1384.01255		1293.64324
214		1342.498		1376.74145		1308.25455
215		1312.96401		1358.72452		1267.2035
216		1315.27285		1348.91014		1281.63557
217		1284.30596		1330.70454		1237.90739
218		1285.10649		1318.07213		1252.14085
219		1252.55189		1299.65747		1205.44632
220		1251.68116		1283.90259		1219.45972
221		1217.36733		1265.25628		1169.47839
222		1214.64478		1246.04161		1183.24795
223		1178.38167		1227.13862		1129.62472
224		1173.60724		1204.09037		1143.1241
225		1135.18426		1184.90299		1085.46552
226		1128.13628		1157.60701		1098.66554
227		1087.32009		1138.10451		1036.53567
228		1077.75294		1106.10191		1049.40398
229		1034.285		1086.25023		982.31977
230		1021.92653		1049.03254		994.82053
231		975.52036		1028.79397		922.24675
232		960.06901		985.79778		934.34025
233		910.40718		965.13052		855.68384
234		891.52883		915.73156		867.3261
235		838.25962		894.5893		781.92993
236		815.58402		838.09586		793.07218
237		758.31772		816.42729		700.20814
238		731.43466		752.07293		710.79638
239		669.73944		729.82118		609.65769
240		638.19436		656.75666		619.63206
241		571.59175		633.85874		509.32477
242		534.88101		551.14307		518.61896
243		462.84086		527.52916		398.15257
244		420.40639		434.11969		406.69309
245		342.34122		409.71244		274.97
246		293.56492		304.45378		282.67606
247		208.81987		279.16747		138.47226
248		153.04433		160.7656		145.32307
249		60.458		134.50363		-13.58763
250		0.0		0.0		0.0
